temperature,icon,humidity,visibility,summary,apparentTemperature,pressure,windSpeed,cloudCover,time,windBearing,precipIntensity,dewPoint,precipProbability
7.56,partly-cloudy-night,0.76,6.216,Partly Cloudy,4.54,997.3,11.13,0.42,1514764800,253.0,0.0188,3.67,0.06
7.29,clear-night,0.77,6.216,Clear,4.47,998.3,9.87,0.26,1514768400,256.0,0.0,3.48,0.0
6.58,clear-night,0.78,6.216,Clear,3.83,999.4,8.8,0.22,1514772000,250.0,0.0,3.08,0.0
6.36,clear-night,0.77,6.216,Clear,3.71,999.5,8.21,0.1,1514775600,250.0,0.0,2.58,0.0
6.12,clear-night,0.79,6.216,Clear,3.64,999.6,7.4,0.29,1514779200,229.0,0.0,2.74,0.0
5.97,partly-cloudy-night,0.79,6.216,Partly Cloudy,3.61,999.4,6.89,0.49,1514782800,238.0,0.0091,2.57,0.05
6.01,clear-night,0.79,6.216,Clear,3.9,998.8,6.16,0.29,1514786400,228.0,0.0,2.58,0.0
6.08,clear-night,0.79,6.216,Clear,4.34,998.4,5.18,0.23,1514790000,212.0,0.0,2.78,0.0
6.09,clear-night,0.81,6.216,Clear,4.25,997.5,5.44,0.22,1514793600,211.0,0.0,3.0,0.0
6.09,clear-day,0.81,6.216,Clear,5.3,996.7,3.15,0.19,1514797200,195.0,0.0,3.15,0.0
6.8,partly-cloudy-day,0.8,6.216,Partly Cloudy,6.8,996.0,2.48,0.52,1514800800,161.0,0.0251,3.65,0.05
7.22,partly-cloudy-day,0.82,6.069,Partly Cloudy,7.22,995.4,2.77,0.57,1514804400,173.0,0.0335,4.38,0.12
7.66,cloudy,0.84,5.956,Overcast,7.66,995.3,0.56,0.91,1514808000,227.0,0.0628,5.1,0.15
7.79,rain,0.84,6.016,Possible Drizzle,5.96,995.6,6.38,0.78,1514811600,255.0,0.1284,5.31,0.29
7.87,partly-cloudy-day,0.78,6.216,Mostly Cloudy,5.51,995.7,8.41,0.87,1514815200,289.0,0.1388,4.28,0.23
7.55,partly-cloudy-day,0.78,6.216,Partly Cloudy,4.63,997.0,10.63,0.54,1514818800,294.0,0.0356,4.03,0.19
7.08,partly-cloudy-night,0.78,6.216,Partly Cloudy,4.58,998.1,8.23,0.47,1514822400,284.0,0.0128,3.58,0.07
7.05,partly-cloudy-night,0.79,6.216,Mostly Cloudy,4.6,999.3,8.02,0.66,1514826000,265.0,0.0,3.57,0.0
6.87,partly-cloudy-night,0.78,6.216,Partly Cloudy,4.6,1000.4,7.24,0.53,1514829600,262.0,0.0,3.37,0.0
7.42,partly-cloudy-night,0.74,6.216,Partly Cloudy,4.61,1001.7,9.92,0.41,1514833200,259.0,0.0,3.11,0.0
7.52,clear-night,0.71,6.216,Clear,4.54,1003.1,10.92,0.29,1514836800,283.0,0.0,2.51,0.0
8.03,partly-cloudy-night,0.69,6.216,Mostly Cloudy,5.1,1004.6,11.27,0.73,1514840400,279.0,0.0,2.67,0.0
7.58,partly-cloudy-night,0.7,6.216,Mostly Cloudy,4.48,1006.1,11.64,0.83,1514844000,285.0,0.009,2.39,0.05
7.32,partly-cloudy-night,0.7,6.216,Partly Cloudy,4.78,1007.4,8.65,0.47,1514847600,287.0,0.0,2.25,0.0
6.68,clear-night,0.72,6.216,Clear,4.02,1009.0,8.58,0.07,1514851200,289.0,0.0,2.02,0.0
6.1,clear-night,0.75,6.216,Clear,3.52,1009.8,7.73,0.0,1514854800,268.0,0.0,2.06,0.0
5.88,clear-night,0.77,6.216,Clear,3.58,1010.5,6.66,0.0,1514858400,256.0,0.0,2.23,0.0
5.37,clear-night,0.8,6.216,Clear,3.11,1010.8,6.23,0.0,1514862000,263.0,0.0,2.19,0.0
5.06,clear-night,0.8,6.216,Clear,2.26,1011.4,7.76,0.04,1514865600,258.0,0.0,1.82,0.0
4.83,clear-night,0.81,6.216,Clear,2.97,1011.4,4.95,0.1,1514869200,263.0,0.0,1.81,0.0
4.4,clear-night,0.83,6.214,Clear,2.34,1012.0,5.22,0.17,1514872800,261.0,0.0,1.77,0.0
4.48,clear-night,0.84,6.216,Clear,2.97,1011.7,4.04,0.22,1514876400,215.0,0.0,1.94,0.0
5.19,clear-night,0.81,6.216,Clear,4.02,1010.9,3.61,0.22,1514880000,192.0,0.0,2.21,0.0
5.43,clear-day,0.81,6.216,Clear,5.43,1011.0,2.59,0.22,1514883600,180.0,0.0,2.36,0.0
6.21,clear-day,0.8,6.189,Clear,5.34,1009.9,3.33,0.25,1514887200,182.0,0.0,3.08,0.0
6.43,rain,0.89,4.189,Possible Light Rain,5.19,1009.1,4.11,0.8,1514890800,179.0,0.2942,4.69,0.57
7.3,rain,0.95,4.843,Rain,5.28,1006.8,6.66,0.91,1514894400,173.0,1.1967,6.49,0.63
8.38,rain,0.94,4.336,Possible Light Rain,6.41,1005.0,7.27,0.79,1514898000,185.0,0.4202,7.39,0.59
9.12,rain,0.91,4.306,Possible Drizzle,6.99,1003.3,8.64,0.95,1514901600,191.0,0.1184,7.79,0.44
9.79,rain,0.92,6.095,Possible Drizzle,8.02,1002.8,7.7,0.87,1514905200,220.0,0.0879,8.55,0.43
10.13,partly-cloudy-night,0.91,6.216,Mostly Cloudy,10.13,1002.7,6.51,0.75,1514908800,239.0,0.0066,8.76,0.08
10.4,partly-cloudy-night,0.88,5.89,Partly Cloudy,10.4,1002.2,6.09,0.5,1514912400,234.0,0.0,8.53,0.0
10.44,partly-cloudy-night,0.85,5.331,Partly Cloudy,10.44,1001.5,7.01,0.49,1514916000,242.0,0.0,8.06,0.0
10.36,rain,0.88,4.95,Possible Drizzle,10.36,999.6,8.04,0.26,1514919600,212.0,0.0926,8.44,0.38
10.39,rain,0.85,4.192,Possible Drizzle,10.39,998.1,10.63,0.55,1514923200,213.0,0.1064,7.99,0.46
10.16,rain,0.92,2.809,Light Rain,10.16,995.0,11.64,0.72,1514926800,212.0,0.5844,8.85,0.67
11.16,rain,0.93,3.435,Possible Light Rain,11.16,992.1,12.51,0.8,1514930400,224.0,0.4481,10.06,0.62
12.28,rain,0.91,4.01,Possible Light Rain,12.28,989.4,11.61,0.93,1514934000,221.0,0.3185,10.78,0.53
11.64,rain,0.81,6.011,Rain,11.64,988.6,13.53,0.75,1514937600,259.0,1.4664,8.45,0.7
10.51,rain,0.75,6.216,Possible Light Rain,10.51,989.6,13.74,0.12,1514941200,264.0,0.8164,6.34,0.59
10.04,partly-cloudy-night,0.74,6.189,Partly Cloudy,10.04,989.0,13.43,0.46,1514944800,259.0,0.0748,5.61,0.23
7.91,rain,0.74,2.531,Possible Drizzle,4.03,989.0,17.29,0.47,1514948400,273.0,0.1276,3.48,0.33
8.53,rain,0.64,6.216,Possible Light Rain,5.4,989.4,13.27,0.54,1514952000,264.0,0.815,2.15,0.43
8.29,rain,0.63,6.216,Possible Drizzle,4.79,989.6,15.31,0.39,1514955600,271.0,0.0364,1.56,0.37
7.97,partly-cloudy-night,0.65,6.214,Mostly Cloudy,4.38,990.9,15.28,0.73,1514959200,275.0,0.0925,1.81,0.15
8.06,partly-cloudy-night,0.64,6.216,Partly Cloudy,4.74,992.3,13.67,0.59,1514962800,272.0,0.0573,1.73,0.07
8.33,partly-cloudy-night,0.65,6.216,Mostly Cloudy,4.98,993.6,14.39,0.69,1514966400,263.0,0.0,2.12,0.0
8.44,partly-cloudy-day,0.67,6.216,Mostly Cloudy,5.05,995.2,14.79,0.75,1514970000,273.0,0.0,2.66,0.0
8.87,partly-cloudy-day,0.64,6.216,Mostly Cloudy,5.73,996.6,13.97,0.78,1514973600,264.0,0.0,2.48,0.0
9.59,partly-cloudy-day,0.64,6.216,Mostly Cloudy,6.57,997.5,14.46,0.84,1514977200,266.0,0.0,3.16,0.0
10.16,partly-cloudy-day,0.62,6.189,Mostly Cloudy,10.16,998.3,14.92,0.76,1514980800,275.0,0.0,3.31,0.0
10.5,cloudy,0.6,6.216,Overcast,10.5,999.1,15.56,0.89,1514984400,285.0,0.0,3.01,0.0
10.59,partly-cloudy-day,0.59,6.216,Mostly Cloudy,10.59,999.9,15.69,0.7,1514988000,273.0,0.0,2.82,0.0
10.0,partly-cloudy-day,0.6,6.216,Mostly Cloudy,10.0,1000.6,12.45,0.63,1514991600,271.0,0.0,2.58,0.0
9.79,partly-cloudy-night,0.62,6.189,Mostly Cloudy,7.29,1000.8,11.39,0.62,1514995200,273.0,0.0,2.85,0.0
9.02,partly-cloudy-night,0.67,6.038,Partly Cloudy,6.66,1001.1,9.62,0.44,1514998800,262.0,0.0,3.2,0.0
9.31,partly-cloudy-night,0.69,6.14,Partly Cloudy,6.87,1001.1,10.39,0.53,1515002400,267.0,0.0,3.94,0.0
9.1,partly-cloudy-night,0.69,6.113,Partly Cloudy,6.58,1001.4,10.58,0.46,1515006000,265.0,0.0,3.72,0.0
8.9,clear-night,0.7,6.038,Clear,6.53,1001.5,9.55,0.3,1515009600,260.0,0.0,3.73,0.0
8.48,partly-cloudy-night,0.73,5.714,Mostly Cloudy,6.35,1001.2,8.01,0.72,1515013200,251.0,0.0,3.98,0.0
7.97,partly-cloudy-night,0.76,5.691,Mostly Cloudy,5.98,1001.1,7.07,0.71,1515016800,248.0,0.0061,4.05,0.05
7.93,partly-cloudy-night,0.77,5.654,Mostly Cloudy,6.04,1000.8,6.63,0.62,1515020400,249.0,0.0155,4.13,0.05
7.65,partly-cloudy-night,0.79,5.454,Partly Cloudy,5.97,1001.0,5.81,0.41,1515024000,250.0,0.0,4.31,0.0
7.15,clear-night,0.79,6.15,Clear,5.26,1000.4,6.17,0.06,1515027600,249.0,0.0,3.82,0.0
7.16,clear-night,0.77,6.194,Clear,5.0,1000.0,7.06,0.17,1515031200,246.0,0.0537,3.4,0.07
7.14,clear-night,0.78,6.216,Clear,5.34,999.3,5.86,0.17,1515034800,244.0,0.0343,3.65,0.06
6.94,clear-night,0.85,6.14,Clear,5.55,998.1,4.67,0.18,1515038400,236.0,0.148,4.6,0.24
6.66,rain,0.91,4.665,Possible Light Rain,6.66,997.2,2.06,0.76,1515042000,227.0,0.3704,5.35,0.6
6.6,rain,0.95,3.544,Rain,6.6,995.9,1.23,0.8,1515045600,179.0,1.0926,5.82,0.63
6.9,rain,0.95,3.447,Rain,6.9,994.4,2.65,0.8,1515049200,132.0,1.2269,6.22,0.6
6.97,rain,0.97,2.677,Rain,6.12,993.0,3.49,0.93,1515052800,139.0,0.9729,6.48,0.62
7.54,rain,0.96,2.352,Possible Light Rain,6.25,992.3,4.66,0.89,1515056400,166.0,0.4997,7.0,0.57
9.44,rain,0.98,5.58,Possible Light Rain,8.42,992.0,4.79,0.83,1515060000,240.0,0.2817,9.08,0.57
11.35,partly-cloudy-day,0.93,6.197,Mostly Cloudy,11.35,991.3,6.98,0.7,1515063600,240.0,0.0404,10.31,0.19
12.32,partly-cloudy-day,0.79,6.14,Mostly Cloudy,12.32,990.5,10.59,0.72,1515067200,249.0,0.0364,8.74,0.18
12.54,partly-cloudy-day,0.69,6.216,Mostly Cloudy,12.54,990.0,13.13,0.72,1515070800,256.0,0.0203,7.0,0.15
11.84,partly-cloudy-day,0.64,6.216,Mostly Cloudy,11.84,990.3,15.37,0.72,1515074400,262.0,0.0,5.14,0.0
10.5,partly-cloudy-day,0.66,6.216,Mostly Cloudy,10.5,990.8,16.46,0.71,1515078000,260.0,0.0118,4.32,0.16
9.54,partly-cloudy-night,0.66,6.216,Mostly Cloudy,6.18,992.1,16.98,0.66,1515081600,274.0,0.043,3.42,0.23
8.66,partly-cloudy-night,0.65,6.216,Partly Cloudy,5.3,993.8,15.05,0.38,1515085200,273.0,0.0,2.54,0.0
8.39,clear-night,0.68,6.216,Clear,5.31,994.8,12.72,0.2,1515088800,266.0,0.0,2.75,0.0
7.57,clear-night,0.71,6.216,Clear,4.75,995.0,10.16,0.06,1515092400,261.0,0.0,2.74,0.0
7.48,clear-night,0.76,6.216,Clear,4.8,995.6,9.4,0.17,1515096000,246.0,0.0373,3.43,0.06
7.68,clear-night,0.76,6.216,Clear,5.1,995.4,9.15,0.17,1515099600,250.0,0.0569,3.64,0.06
7.43,rain,0.8,5.969,Possible Drizzle,5.32,995.0,7.08,0.51,1515103200,247.0,0.0561,4.26,0.29
6.51,rain,0.86,5.896,Possible Light Rain,5.18,994.0,4.36,0.78,1515106800,236.0,0.4271,4.4,0.42
5.64,rain,0.89,6.216,Possible Light Rain,5.64,993.3,0.68,0.25,1515110400,233.0,0.3997,3.92,0.49
5.7,rain,0.93,6.216,Possible Drizzle,4.69,993.4,3.46,0.68,1515114000,242.0,0.0965,4.63,0.3
5.96,partly-cloudy-night,0.92,6.216,Mostly Cloudy,5.05,993.8,3.33,0.66,1515117600,235.0,0.0561,4.81,0.16
6.53,partly-cloudy-night,0.9,6.15,Partly Cloudy,4.79,994.0,5.39,0.55,1515121200,238.0,0.0102,5.01,0.06
6.21,partly-cloudy-night,0.9,6.15,Mostly Cloudy,4.21,993.9,5.95,0.67,1515124800,227.0,0.0087,4.7,0.05
6.61,partly-cloudy-night,0.85,6.216,Partly Cloudy,5.09,993.5,4.86,0.55,1515128400,232.0,0.0,4.3,0.0
6.22,partly-cloudy-night,0.85,6.214,Partly Cloudy,4.42,993.5,5.4,0.54,1515132000,226.0,0.0,3.89,0.0
6.46,partly-cloudy-night,0.86,6.216,Partly Cloudy,5.14,993.4,4.31,0.52,1515135600,212.0,0.0,4.32,0.0
7.3,partly-cloudy-night,0.86,6.14,Partly Cloudy,6.06,993.0,4.45,0.38,1515139200,200.0,0.011,5.06,0.05
7.8,partly-cloudy-day,0.81,6.216,Partly Cloudy,5.87,993.2,6.69,0.31,1515142800,215.0,0.0451,4.71,0.22
7.5,partly-cloudy-day,0.78,6.216,Partly Cloudy,5.7,992.9,6.06,0.43,1515146400,220.0,0.0575,3.95,0.18
8.59,clear-day,0.76,6.216,Clear,6.78,992.9,6.86,0.16,1515150000,217.0,0.0361,4.52,0.09
8.86,partly-cloudy-day,0.72,6.216,Mostly Cloudy,6.64,992.7,8.78,0.63,1515153600,231.0,0.0112,4.02,0.06
8.94,partly-cloudy-day,0.66,6.216,Mostly Cloudy,6.57,992.9,9.55,0.7,1515157200,241.0,0.0894,2.89,0.1
8.56,partly-cloudy-day,0.65,6.216,Partly Cloudy,5.99,993.3,10.12,0.55,1515160800,248.0,0.0365,2.32,0.08
8.15,partly-cloudy-day,0.66,6.216,Partly Cloudy,5.8,994.1,8.63,0.51,1515164400,249.0,0.014,2.24,0.11
7.38,partly-cloudy-night,0.7,6.216,Partly Cloudy,4.93,994.9,8.33,0.33,1515168000,251.0,0.0721,2.31,0.08
6.8,clear-night,0.72,6.197,Clear,4.51,995.7,7.26,0.22,1515171600,254.0,0.0201,2.09,0.06
5.89,partly-cloudy-night,0.76,6.216,Partly Cloudy,4.4,996.3,4.47,0.42,1515175200,271.0,0.0,1.93,0.0
5.39,partly-cloudy-night,0.79,6.216,Partly Cloudy,4.23,997.4,3.64,0.53,1515178800,263.0,0.0,2.02,0.0
4.81,partly-cloudy-night,0.81,6.216,Partly Cloudy,4.81,998.1,2.13,0.47,1515182400,236.0,0.0,1.85,0.0
4.1,clear-night,0.84,6.216,Clear,4.1,998.6,1.35,0.26,1515186000,217.0,0.0,1.72,0.0
3.66,clear-night,0.88,6.216,Clear,3.66,999.2,1.27,0.24,1515189600,207.0,0.0,1.81,0.0
3.51,clear-night,0.9,6.216,Clear,3.51,999.9,1.1,0.24,1515193200,180.0,0.0,2.0,0.0
3.09,partly-cloudy-night,0.92,5.994,Partly Cloudy,3.09,1000.7,0.22,0.52,1515196800,232.0,0.0,1.86,0.0
3.64,partly-cloudy-night,0.94,5.823,Partly Cloudy,3.64,1001.0,0.98,0.46,1515200400,77.0,0.0431,2.71,0.12
5.07,partly-cloudy-night,0.85,5.856,Mostly Cloudy,5.07,1001.4,0.98,0.68,1515204000,73.0,0.1175,2.71,0.2
4.32,partly-cloudy-night,0.86,5.674,Mostly Cloudy,4.32,1002.2,0.92,0.68,1515207600,82.0,0.0887,2.14,0.21
4.29,clear-night,0.86,5.898,Clear,4.29,1002.4,0.83,0.03,1515211200,30.0,0.0308,2.21,0.15
3.74,clear-night,0.87,5.388,Clear,3.74,1003.0,1.18,0.18,1515214800,359.0,0.0135,1.69,0.1
3.15,clear-night,0.89,5.073,Clear,3.15,1003.8,1.24,0.1,1515218400,16.0,0.0,1.43,0.0
2.57,clear-night,0.9,3.815,Clear,2.57,1004.9,1.81,0.25,1515222000,19.0,0.0,1.08,0.0
2.31,partly-cloudy-night,0.89,2.66,Partly Cloudy,2.31,1006.2,1.96,0.43,1515225600,27.0,0.0,0.75,0.0
2.29,partly-cloudy-day,0.89,3.05,Partly Cloudy,0.5,1007.5,3.94,0.33,1515229200,21.0,0.0,0.6,0.0
2.57,partly-cloudy-day,0.88,4.808,Mostly Cloudy,1.36,1008.5,3.09,0.63,1515232800,25.0,0.0,0.84,0.0
3.16,clear-day,0.86,5.334,Clear,1.33,1009.5,4.26,0.18,1515236400,21.0,0.0259,1.06,0.02
4.01,clear-day,0.85,5.908,Clear,2.09,1010.0,4.75,0.25,1515240000,29.0,0.0239,1.71,0.05
4.69,partly-cloudy-day,0.86,5.817,Mostly Cloudy,2.6,1010.5,5.43,0.6,1515243600,22.0,0.0201,2.55,0.16
5.0,partly-cloudy-day,0.87,6.129,Mostly Cloudy,3.01,1011.0,5.32,0.73,1515247200,37.0,0.011,2.96,0.08
5.1,partly-cloudy-day,0.87,6.129,Partly Cloudy,2.97,1012.1,5.74,0.57,1515250800,34.0,0.0245,3.08,0.09
5.78,cloudy,0.83,6.129,Overcast,3.63,1013.0,6.14,0.92,1515254400,34.0,0.0073,3.17,0.01
5.93,cloudy,0.82,6.216,Overcast,3.65,1014.2,6.64,0.88,1515258000,30.0,0.0051,3.01,0.01
5.75,partly-cloudy-night,0.79,6.216,Mostly Cloudy,3.55,1015.5,6.26,0.82,1515261600,30.0,0.0056,2.33,0.02
5.21,partly-cloudy-night,0.78,6.216,Partly Cloudy,2.66,1016.4,7.03,0.32,1515265200,39.0,0.0,1.71,0.0
4.8,clear-night,0.8,6.216,Clear,2.03,1017.5,7.44,0.22,1515268800,29.0,0.0,1.55,0.0
4.31,clear-night,0.8,6.216,Clear,1.56,1018.7,7.09,0.2,1515272400,30.0,0.0,1.15,0.0
4.22,partly-cloudy-night,0.75,6.216,Partly Cloudy,1.37,1019.6,7.31,0.32,1515276000,28.0,0.0,0.27,0.0
3.91,clear-night,0.75,6.216,Clear,1.3,1020.7,6.42,0.23,1515279600,39.0,0.0,-0.14,0.0
3.59,clear-night,0.75,6.216,Clear,0.78,1021.1,6.81,0.18,1515283200,34.0,0.0,-0.44,0.0
3.42,clear-night,0.76,6.216,Clear,0.68,1021.5,6.49,0.17,1515286800,34.0,0.0,-0.39,0.0
3.28,clear-night,0.75,6.216,Clear,0.25,1022.1,7.28,0.04,1515290400,26.0,0.0,-0.69,0.0
3.02,clear-night,0.75,6.216,Clear,0.38,1022.6,6.03,0.0,1515294000,30.0,0.0,-1.05,0.0
2.86,clear-night,0.75,6.216,Clear,-0.04,1023.0,6.62,0.1,1515297600,27.0,0.0,-1.17,0.0
2.94,clear-night,0.76,6.216,Clear,-0.07,1023.0,7.01,0.21,1515301200,30.0,0.0,-0.82,0.0
2.92,partly-cloudy-night,0.77,6.216,Partly Cloudy,-0.17,1023.6,7.21,0.39,1515304800,32.0,0.0,-0.65,0.0
3.26,partly-cloudy-night,0.81,6.216,Mostly Cloudy,0.28,1024.5,7.1,0.74,1515308400,36.0,0.0,0.35,0.0
3.29,partly-cloudy-night,0.84,6.197,Mostly Cloudy,0.48,1025.3,6.62,0.66,1515312000,42.0,0.0,0.86,0.0
3.78,partly-cloudy-day,0.81,6.216,Mostly Cloudy,0.9,1025.9,7.13,0.81,1515315600,42.0,0.0527,0.9,0.09
4.07,partly-cloudy-day,0.77,6.216,Mostly Cloudy,0.95,1026.3,8.11,0.6,1515319200,50.0,0.1619,0.47,0.08
4.44,partly-cloudy-day,0.74,6.216,Partly Cloudy,1.24,1026.7,8.67,0.56,1515322800,53.0,0.2299,0.15,0.12
5.11,partly-cloudy-day,0.71,6.216,Mostly Cloudy,1.41,1026.3,11.46,0.6,1515326400,54.0,0.7437,0.27,0.12
5.89,clear-day,0.64,6.216,Clear,2.57,1026.1,10.56,0.23,1515330000,53.0,1.3618,-0.51,0.12
5.85,clear-day,0.59,6.216,Clear,2.43,1025.8,11.04,0.23,1515333600,57.0,1.0662,-1.6,0.12
5.42,clear-day,0.6,6.216,Clear,2.12,1025.8,10.0,0.08,1515337200,54.0,0.0,-1.74,0.0
4.51,clear-day,0.65,6.216,Clear,1.27,1026.1,8.89,0.07,1515340800,56.0,0.582,-1.56,0.09
3.84,clear-night,0.63,6.216,Clear,0.45,1026.2,8.88,0.0,1515344400,47.0,0.3159,-2.54,0.08
3.28,clear-night,0.66,6.216,Clear,0.01,1026.0,8.03,0.0,1515348000,44.0,0.1247,-2.41,0.08
2.79,clear-night,0.69,6.216,Clear,-0.61,1025.9,8.1,0.0,1515351600,47.0,0.0517,-2.25,0.08
2.44,clear-night,0.72,6.216,Clear,-0.52,1025.9,6.6,0.0,1515355200,55.0,0.1092,-2.16,0.09
2.53,clear-night,0.73,6.216,Clear,-0.28,1025.9,6.21,0.19,1515358800,49.0,0.0461,-1.87,0.1
2.61,partly-cloudy-night,0.75,6.216,Mostly Cloudy,-0.29,1025.7,6.51,0.68,1515362400,54.0,0.1321,-1.42,0.09
2.91,partly-cloudy-night,0.76,6.216,Mostly Cloudy,-0.03,1025.7,6.79,0.85,1515366000,58.0,0.0926,-0.92,0.1
3.34,partly-cloudy-night,0.77,6.216,Mostly Cloudy,0.12,1025.2,7.93,0.87,1515369600,52.0,0.1556,-0.23,0.1
3.43,cloudy,0.79,6.216,Overcast,0.58,1024.7,6.83,0.91,1515373200,67.0,0.0,0.2,0.0
3.88,cloudy,0.79,6.216,Overcast,0.61,1024.5,8.47,0.91,1515376800,78.0,0.0,0.64,0.0
4.24,cloudy,0.78,6.216,Overcast,1.04,1024.3,8.56,0.93,1515380400,57.0,0.0,0.81,0.0
4.03,cloudy,0.81,6.216,Overcast,0.71,1024.1,8.77,1.0,1515384000,76.0,1.9227,0.98,0.1
4.0,cloudy,0.81,6.216,Overcast,0.87,1023.8,8.1,1.0,1515387600,75.0,1.1609,1.02,0.1
4.04,cloudy,0.84,6.214,Overcast,0.86,1023.6,8.32,0.97,1515391200,82.0,0.3822,1.52,0.09
4.31,cloudy,0.84,6.216,Overcast,1.42,1023.4,7.51,0.95,1515394800,73.0,0.3446,1.78,0.09
4.3,cloudy,0.84,6.072,Overcast,1.78,1023.1,6.35,0.95,1515398400,73.0,0.1504,1.87,0.09
4.41,cloudy,0.86,5.72,Overcast,1.89,1023.0,6.44,0.95,1515402000,85.0,0.2602,2.22,0.09
4.53,cloudy,0.86,5.724,Overcast,2.09,1022.8,6.29,0.95,1515405600,83.0,0.1772,2.35,0.09
4.89,cloudy,0.85,5.613,Overcast,2.63,1022.5,5.98,0.95,1515409200,85.0,0.4585,2.56,0.09
5.01,cloudy,0.85,5.606,Overcast,2.58,1021.4,6.51,0.95,1515412800,81.0,0.8211,2.68,0.09
5.03,cloudy,0.84,5.73,Overcast,2.66,1020.7,6.37,0.95,1515416400,82.0,0.8001,2.62,0.09
5.07,cloudy,0.84,5.697,Overcast,2.62,1020.1,6.6,0.95,1515420000,88.0,0.5324,2.53,0.09
5.32,cloudy,0.83,5.834,Overcast,3.27,1020.0,5.61,0.95,1515423600,81.0,0.4509,2.58,0.09
5.08,cloudy,0.84,5.807,Overcast,2.81,1019.4,6.11,0.99,1515427200,86.0,0.4218,2.52,0.09
5.04,cloudy,0.82,6.012,Overcast,2.64,1019.0,6.47,0.95,1515430800,94.0,0.1403,2.18,0.09
4.98,cloudy,0.84,6.103,Overcast,2.68,1018.8,6.13,0.99,1515434400,80.0,0.2569,2.43,0.09
4.92,cloudy,0.83,6.106,Overcast,2.72,1018.3,5.81,0.95,1515438000,82.0,0.0,2.3,0.0
4.83,cloudy,0.85,6.106,Overcast,2.65,1017.8,5.73,0.95,1515441600,89.0,1.2829,2.49,0.09
4.85,cloudy,0.86,5.987,Overcast,2.76,1017.2,5.49,0.95,1515445200,85.0,0.0,2.68,0.0
4.82,cloudy,0.86,4.693,Overcast,2.94,1016.2,4.98,0.95,1515448800,90.0,0.187,2.67,0.09
4.83,cloudy,0.87,3.919,Overcast,2.5,1015.9,6.14,0.95,1515452400,109.0,0.368,2.78,0.09
4.74,cloudy,0.87,4.467,Overcast,2.77,1015.0,5.14,0.99,1515456000,110.0,0.2264,2.69,0.09
4.82,cloudy,0.86,4.764,Overcast,2.81,1013.8,5.28,0.99,1515459600,97.0,0.0853,2.69,0.1
4.59,cloudy,0.87,4.762,Overcast,2.3,1013.0,5.89,0.99,1515463200,108.0,0.7717,2.62,0.1
4.58,cloudy,0.88,4.389,Overcast,3.06,1012.1,4.08,1.0,1515466800,94.0,0.6187,2.68,0.09
4.91,cloudy,0.87,4.397,Overcast,2.99,1011.6,5.09,1.0,1515470400,113.0,0.2548,2.85,0.1
4.92,cloudy,0.87,3.96,Overcast,3.3,1011.0,4.44,1.0,1515474000,116.0,0.2061,2.94,0.1
4.85,cloudy,0.88,3.748,Overcast,3.57,1010.1,3.73,0.97,1515477600,126.0,0.3816,2.97,0.09
4.87,cloudy,0.87,3.628,Overcast,3.9,1009.3,3.18,0.97,1515481200,113.0,0.3269,2.83,0.09
4.88,cloudy,0.88,3.353,Overcast,4.88,1008.8,2.74,0.97,1515484800,120.0,0.1946,3.08,0.09
5.01,cloudy,0.87,3.446,Overcast,4.09,1008.3,3.13,0.97,1515488400,146.0,0.1726,3.03,0.09
4.91,cloudy,0.89,2.906,Overcast,4.91,1008.1,1.42,0.95,1515492000,95.0,0.2142,3.28,0.09
5.05,cloudy,0.91,2.392,Overcast,5.05,1007.4,1.89,0.97,1515495600,110.0,0.0735,3.76,0.09
5.31,cloudy,0.91,2.243,Overcast,5.31,1006.5,0.63,0.97,1515499200,116.0,0.0,3.93,0.0
5.51,cloudy,0.9,2.327,Overcast,4.62,1006.0,3.21,0.97,1515502800,151.0,0.0,4.08,0.0
5.67,cloudy,0.93,2.036,Overcast,5.67,1005.5,2.09,0.97,1515506400,161.0,0.0,4.64,0.0
6.1,fog,0.93,1.827,Foggy,6.1,1005.2,2.16,1.0,1515510000,135.0,0.0,5.1,0.0
6.42,cloudy,0.91,2.237,Overcast,6.42,1004.9,1.94,0.97,1515513600,156.0,0.0101,4.98,0.05
6.39,cloudy,0.92,2.469,Overcast,6.39,1004.6,2.09,0.95,1515517200,163.0,0.0,5.14,0.0
6.58,cloudy,0.92,2.4,Overcast,5.76,1004.6,3.32,0.97,1515520800,138.0,0.0,5.35,0.0
6.88,cloudy,0.9,2.594,Overcast,5.92,1004.7,3.69,0.95,1515524400,140.0,0.0,5.4,0.0
6.93,cloudy,0.93,2.056,Overcast,5.5,1004.4,4.77,0.93,1515528000,149.0,0.0263,5.86,0.05
7.11,cloudy,0.93,2.681,Overcast,5.69,1004.0,4.81,0.89,1515531600,143.0,0.0715,6.12,0.1
7.42,cloudy,0.93,3.106,Overcast,6.29,1003.7,4.24,0.92,1515535200,140.0,0.0126,6.34,0.07
7.56,partly-cloudy-night,0.93,3.106,Mostly Cloudy,6.3,1003.5,4.61,0.8,1515538800,138.0,0.0,6.51,0.0
7.97,rain,0.92,2.844,Possible Drizzle,6.54,1003.3,5.23,0.99,1515542400,140.0,0.0727,6.76,0.27
8.02,rain,0.94,4.289,Possible Drizzle,6.58,1002.8,5.3,0.85,1515546000,141.0,0.0557,7.07,0.26
7.97,rain,0.94,3.656,Possible Drizzle,6.62,1002.3,5.02,0.75,1515549600,133.0,0.0701,7.06,0.26
8.08,cloudy,0.95,3.89,Overcast,6.82,1001.8,4.84,0.91,1515553200,130.0,0.0781,7.28,0.24
8.19,cloudy,0.97,4.371,Overcast,7.1,1001.4,4.45,0.94,1515556800,139.0,0.0364,7.75,0.23
8.9,rain,0.9,5.398,Possible Drizzle,7.99,1001.4,4.27,0.93,1515560400,194.0,0.1029,7.4,0.36
8.5,partly-cloudy-night,0.88,5.85,Mostly Cloudy,6.36,1002.0,8.08,0.79,1515564000,229.0,0.0589,6.66,0.22
7.67,partly-cloudy-night,0.88,5.913,Mostly Cloudy,5.52,1003.0,7.44,0.74,1515567600,248.0,0.0202,5.87,0.16
7.41,partly-cloudy-night,0.9,6.075,Mostly Cloudy,5.37,1003.7,6.82,0.64,1515571200,244.0,0.0437,5.94,0.23
7.49,partly-cloudy-day,0.91,6.007,Mostly Cloudy,5.71,1004.4,6.01,0.65,1515574800,246.0,0.0389,6.14,0.25
7.88,partly-cloudy-day,0.89,6.155,Mostly Cloudy,5.82,1004.9,7.26,0.66,1515578400,243.0,0.0271,6.12,0.08
8.15,partly-cloudy-day,0.87,6.197,Mostly Cloudy,6.6,1005.1,5.7,0.6,1515582000,274.0,0.0078,6.07,0.04
8.49,partly-cloudy-day,0.84,6.216,Partly Cloudy,7.35,1005.0,4.7,0.48,1515585600,255.0,0.0,6.03,0.0
8.64,partly-cloudy-day,0.82,6.216,Partly Cloudy,7.6,1004.7,4.5,0.34,1515589200,233.0,0.0,5.71,0.0
9.21,partly-cloudy-day,0.8,6.216,Partly Cloudy,8.26,1004.9,4.5,0.37,1515592800,235.0,0.0,5.91,0.0
9.43,clear-day,0.78,6.216,Clear,8.71,1005.5,4.01,0.28,1515596400,253.0,0.0,5.7,0.0
8.16,partly-cloudy-day,0.81,6.216,Partly Cloudy,8.16,1005.8,2.67,0.45,1515600000,254.0,0.0,5.13,0.0
6.99,partly-cloudy-night,0.85,6.216,Partly Cloudy,6.99,1006.2,1.15,0.46,1515603600,257.0,0.0,4.67,0.0
6.25,partly-cloudy-night,0.89,6.216,Partly Cloudy,6.25,1006.6,0.84,0.52,1515607200,251.0,0.0,4.58,0.0
5.89,partly-cloudy-night,0.91,6.121,Partly Cloudy,5.89,1007.2,0.87,0.42,1515610800,239.0,0.0,4.58,0.0
5.78,partly-cloudy-night,0.92,5.513,Partly Cloudy,5.78,1007.6,0.75,0.44,1515614400,254.0,0.0,4.66,0.0
5.81,clear-night,0.93,5.53,Clear,5.81,1008.1,0.93,0.21,1515618000,227.0,0.0,4.73,0.0
5.89,clear-night,0.93,5.158,Clear,5.89,1008.3,0.72,0.26,1515621600,229.0,0.0,4.84,0.0
5.43,clear-night,0.95,4.562,Clear,5.43,1008.7,0.43,0.24,1515625200,275.0,0.0,4.63,0.0
5.37,clear-night,0.95,4.068,Clear,5.37,1009.2,0.12,0.14,1515628800,271.0,0.0,4.7,0.0
5.39,clear-night,0.96,3.801,Clear,5.39,1009.7,0.48,0.26,1515632400,299.0,0.0,4.74,0.0
5.4,clear-night,0.94,3.758,Clear,5.4,1010.3,1.34,0.29,1515636000,295.0,0.0,4.52,0.0
6.44,clear-night,0.89,3.48,Clear,6.44,1011.2,1.47,0.3,1515639600,327.0,0.0,4.78,0.0
6.43,partly-cloudy-night,0.89,3.642,Mostly Cloudy,6.43,1011.8,1.09,0.59,1515643200,340.0,0.0,4.8,0.0
5.66,partly-cloudy-night,0.9,2.764,Partly Cloudy,5.66,1012.5,2.09,0.49,1515646800,348.0,0.0,4.19,0.0
6.08,partly-cloudy-night,0.92,2.348,Mostly Cloudy,6.08,1013.4,1.66,0.77,1515650400,330.0,0.0,4.82,0.0
6.23,fog,0.92,1.899,Foggy,6.23,1014.6,2.51,0.99,1515654000,329.0,0.0,4.99,0.0
6.4,cloudy,0.92,2.358,Overcast,6.4,1015.6,2.51,0.99,1515657600,339.0,0.0,5.22,0.0
6.67,cloudy,0.92,2.92,Overcast,6.67,1016.5,2.69,0.99,1515661200,341.0,0.0124,5.49,0.08
6.92,cloudy,0.91,2.756,Overcast,5.52,1017.6,4.68,1.0,1515664800,329.0,0.0319,5.61,0.23
6.98,rain,0.93,2.295,Possible Drizzle,5.28,1018.5,5.49,0.95,1515668400,321.0,0.0593,5.99,0.32
7.44,cloudy,0.9,3.019,Overcast,5.61,1018.9,6.13,1.0,1515672000,336.0,0.0412,5.87,0.25
7.46,cloudy,0.91,2.862,Overcast,6.1,1019.3,4.82,0.89,1515675600,352.0,0.012,6.03,0.08
7.59,cloudy,0.91,2.883,Overcast,7.59,1019.8,1.2,0.93,1515679200,354.0,0.0248,6.14,0.14
7.53,rain,0.91,2.827,Possible Drizzle,6.49,1020.2,4.06,0.95,1515682800,355.0,0.0649,6.15,0.32
7.54,cloudy,0.91,2.97,Overcast,6.34,1021.0,4.45,0.97,1515686400,347.0,0.0178,6.11,0.14
7.53,cloudy,0.9,2.508,Overcast,5.67,1022.1,6.29,0.97,1515690000,336.0,0.0078,6.02,0.06
7.52,cloudy,0.91,2.502,Overcast,6.19,1022.9,4.76,0.97,1515693600,337.0,0.0,6.08,0.0
7.52,cloudy,0.91,2.423,Overcast,6.02,1023.3,5.22,0.92,1515697200,354.0,0.0,6.13,0.0
7.74,cloudy,0.88,2.58,Overcast,6.92,1023.9,3.66,0.96,1515700800,6.0,0.0073,5.9,0.02
7.5,cloudy,0.89,3.074,Overcast,6.72,1024.4,3.51,0.96,1515704400,4.0,0.0,5.88,0.0
7.5,cloudy,0.89,2.84,Overcast,6.93,1025.0,3.1,0.95,1515708000,344.0,0.0,5.81,0.0
7.43,cloudy,0.9,2.563,Overcast,6.45,1025.5,3.89,0.91,1515711600,339.0,0.0,5.9,0.0
7.42,cloudy,0.9,2.567,Overcast,7.42,1025.7,0.46,0.99,1515715200,349.0,0.0549,5.82,0.06
7.29,cloudy,0.89,2.232,Overcast,7.29,1025.3,2.11,0.96,1515718800,3.0,0.049,5.65,0.06
7.28,cloudy,0.91,2.255,Overcast,7.28,1025.4,1.19,1.0,1515722400,33.0,0.0,5.88,0.0
7.04,cloudy,0.92,2.34,Overcast,7.04,1025.9,0.98,1.0,1515726000,22.0,0.0,5.79,0.0
7.26,cloudy,0.91,2.032,Overcast,7.26,1026.3,1.06,1.0,1515729600,347.0,0.0,5.86,0.0
7.24,fog,0.91,1.488,Foggy,7.24,1026.3,1.15,0.94,1515733200,317.0,0.0104,5.94,0.16
6.91,fog,0.93,1.439,Foggy,6.91,1026.3,0.96,0.92,1515736800,65.0,0.061,5.91,0.19
6.59,partly-cloudy-night,0.95,2.028,Mostly Cloudy,6.59,1026.3,1.37,0.8,1515740400,116.0,0.04,5.88,0.18
6.47,cloudy,0.96,2.825,Overcast,6.47,1026.5,1.64,0.92,1515744000,135.0,0.0338,5.82,0.19
6.79,cloudy,0.94,4.237,Overcast,6.79,1026.6,1.33,0.92,1515747600,125.0,0.0104,5.9,0.03
6.84,cloudy,0.92,5.003,Overcast,6.84,1026.8,2.08,0.95,1515751200,133.0,0.0059,5.55,0.02
6.92,cloudy,0.87,5.211,Overcast,6.92,1027.0,2.34,0.95,1515754800,150.0,0.0,4.94,0.0
7.13,cloudy,0.88,5.598,Overcast,7.13,1026.6,0.62,0.92,1515758400,154.0,0.0074,5.25,0.04
7.37,cloudy,0.85,5.343,Overcast,7.37,1026.1,2.39,0.95,1515762000,149.0,0.0055,5.02,0.05
7.4,cloudy,0.84,5.989,Overcast,7.4,1025.5,2.5,0.89,1515765600,149.0,0.0085,4.84,0.03
7.41,cloudy,0.83,5.931,Overcast,7.41,1025.4,0.52,0.89,1515769200,138.0,0.01,4.7,0.04
7.38,cloudy,0.84,5.688,Overcast,7.38,1025.0,2.23,0.88,1515772800,128.0,0.0,4.82,0.0
7.34,partly-cloudy-night,0.84,4.894,Mostly Cloudy,7.34,1024.9,2.69,0.79,1515776400,121.0,0.0064,4.87,0.04
7.28,partly-cloudy-night,0.85,5.756,Mostly Cloudy,6.15,1025.0,4.17,0.76,1515780000,139.0,0.0,4.91,0.0
6.93,partly-cloudy-night,0.81,5.83,Mostly Cloudy,5.43,1024.9,4.95,0.77,1515783600,144.0,0.0,3.84,0.0
6.44,partly-cloudy-night,0.82,5.982,Mostly Cloudy,5.34,1024.8,3.83,0.76,1515787200,165.0,0.0125,3.53,0.02
6.03,partly-cloudy-night,0.84,6.084,Mostly Cloudy,4.27,1024.8,5.21,0.8,1515790800,168.0,0.0,3.5,0.0
5.92,partly-cloudy-night,0.82,6.14,Mostly Cloudy,4.42,1024.4,4.51,0.85,1515794400,169.0,0.0,3.01,0.0
5.57,partly-cloudy-night,0.82,6.08,Partly Cloudy,4.06,1024.1,4.41,0.55,1515798000,162.0,0.0,2.74,0.0
5.81,cloudy,0.83,6.023,Overcast,4.46,1023.5,4.15,0.99,1515801600,159.0,0.0,3.22,0.0
5.82,cloudy,0.82,5.376,Overcast,4.21,1022.9,4.73,0.99,1515805200,144.0,0.0,2.92,0.0
5.83,cloudy,0.82,5.931,Overcast,3.53,1022.6,6.6,0.99,1515808800,158.0,0.0,2.92,0.0
5.59,cloudy,0.81,6.098,Overcast,3.91,1022.1,4.82,1.0,1515812400,151.0,0.0,2.67,0.0
5.59,cloudy,0.82,6.128,Overcast,4.0,1021.2,4.58,0.99,1515816000,123.0,0.0,2.7,0.0
5.6,cloudy,0.82,6.119,Overcast,3.92,1020.7,4.81,0.96,1515819600,124.0,0.0,2.7,0.0
5.53,cloudy,0.83,6.15,Overcast,3.94,1020.5,4.57,1.0,1515823200,132.0,0.0,2.87,0.0
5.86,cloudy,0.82,6.216,Overcast,4.34,1020.1,4.55,0.96,1515826800,129.0,0.0,3.06,0.0
5.99,cloudy,0.82,5.246,Overcast,4.32,1020.1,4.94,0.92,1515830400,129.0,0.0,3.18,0.0
6.34,cloudy,0.83,5.03,Overcast,4.43,1020.3,5.73,0.95,1515834000,129.0,0.0,3.73,0.0
6.61,cloudy,0.84,4.488,Overcast,5.02,1020.4,5.0,0.92,1515837600,134.0,0.0,4.12,0.0
7.09,cloudy,0.81,5.043,Overcast,5.4,1020.5,5.52,0.92,1515841200,136.0,0.0,4.1,0.0
7.53,partly-cloudy-day,0.78,5.918,Mostly Cloudy,5.42,1020.1,7.15,0.87,1515844800,145.0,0.0,3.98,0.0
7.42,partly-cloudy-day,0.75,6.079,Mostly Cloudy,5.34,1019.4,6.95,0.76,1515848400,145.0,0.0,3.36,0.0
7.02,cloudy,0.77,6.064,Overcast,5.19,1018.9,5.9,0.91,1515852000,130.0,0.0076,3.22,0.06
6.86,partly-cloudy-day,0.75,6.11,Mostly Cloudy,5.06,1018.9,5.7,0.76,1515855600,129.0,0.0226,2.8,0.05
6.58,cloudy,0.77,6.046,Overcast,4.67,1018.8,5.88,0.92,1515859200,133.0,0.0,2.9,0.0
7.22,cloudy,0.79,6.087,Overcast,5.4,1019.0,5.99,0.89,1515862800,130.0,0.0,3.8,0.0
5.9,cloudy,0.78,6.151,Overcast,3.58,1019.1,6.71,0.95,1515866400,129.0,0.0151,2.28,0.05
5.55,cloudy,0.78,6.129,Overcast,3.59,1019.2,5.48,0.95,1515870000,124.0,0.0218,2.02,0.05
5.49,cloudy,0.79,5.739,Overcast,3.44,1019.4,5.68,0.97,1515873600,118.0,0.0,2.12,0.0
5.32,cloudy,0.8,5.991,Overcast,3.18,1019.5,5.85,0.97,1515877200,132.0,0.0,2.15,0.0
4.92,cloudy,0.78,5.494,Overcast,3.18,1019.3,4.67,1.0,1515880800,122.0,0.0,1.48,0.0
4.99,cloudy,0.77,6.053,Overcast,3.34,1019.4,4.5,0.94,1515884400,102.0,0.0,1.29,0.0
4.85,cloudy,0.78,6.084,Overcast,3.0,1019.2,4.92,1.0,1515888000,115.0,0.0,1.3,0.0
4.62,cloudy,0.77,6.058,Overcast,3.57,1019.2,3.27,1.0,1515891600,92.0,0.0,0.9,0.0
4.5,cloudy,0.78,5.998,Overcast,2.71,1019.2,4.65,1.0,1515895200,97.0,0.0,0.94,0.0
4.49,cloudy,0.78,5.972,Overcast,2.96,1019.3,4.08,1.0,1515898800,92.0,0.0,0.93,0.0
4.54,cloudy,0.76,5.932,Overcast,4.54,1019.2,2.22,1.0,1515902400,72.0,0.0,0.62,0.0
4.78,cloudy,0.77,5.677,Overcast,4.78,1019.0,1.65,1.0,1515906000,72.0,0.0,1.02,0.0
4.86,cloudy,0.76,5.962,Overcast,4.86,1018.9,1.8,1.0,1515909600,62.0,0.0,1.01,0.0
4.99,cloudy,0.75,6.128,Overcast,4.99,1018.8,1.43,1.0,1515913200,58.0,0.0,0.9,0.0
5.26,cloudy,0.75,6.129,Overcast,5.26,1018.8,1.57,0.97,1515916800,55.0,0.0,1.22,0.0
5.41,cloudy,0.73,6.129,Overcast,5.41,1019.1,1.32,0.97,1515920400,65.0,0.0,1.0,0.0
5.75,cloudy,0.72,6.129,Overcast,5.75,1019.2,1.51,0.95,1515924000,7.0,0.0,1.13,0.0
6.0,cloudy,0.71,6.129,Overcast,6.0,1019.3,1.25,0.95,1515927600,19.0,0.0,1.17,0.0
6.33,cloudy,0.69,6.11,Overcast,6.33,1018.7,0.39,0.94,1515931200,2.0,0.0,1.04,0.0
6.45,cloudy,0.69,6.216,Overcast,6.45,1018.2,1.33,0.95,1515934800,39.0,0.0,1.17,0.0
6.65,partly-cloudy-day,0.67,6.216,Mostly Cloudy,6.65,1017.5,1.56,0.87,1515938400,174.0,0.0,0.99,0.0
6.5,cloudy,0.68,6.129,Overcast,6.5,1017.5,0.94,0.92,1515942000,254.0,0.0,0.94,0.0
6.04,cloudy,0.68,6.129,Overcast,6.04,1017.0,1.81,0.89,1515945600,199.0,0.0,0.67,0.0
5.69,cloudy,0.72,6.129,Overcast,5.69,1016.9,2.1,0.93,1515949200,199.0,0.0,1.07,0.0
5.64,cloudy,0.72,6.189,Overcast,5.64,1016.8,2.55,0.93,1515952800,211.0,0.0,1.08,0.0
5.85,cloudy,0.71,6.189,Overcast,4.67,1017.0,3.83,0.93,1515956400,229.0,0.0,1.01,0.0
5.58,cloudy,0.71,6.178,Overcast,3.59,1016.8,5.57,0.93,1515960000,228.0,0.0,0.75,0.0
5.36,cloudy,0.74,6.119,Overcast,3.29,1016.3,5.7,0.93,1515963600,228.0,0.0,1.05,0.0
5.07,cloudy,0.75,5.881,Overcast,3.08,1015.5,5.35,0.92,1515967200,230.0,0.0,0.95,0.0
5.41,cloudy,0.74,6.216,Overcast,3.48,1014.4,5.34,0.98,1515970800,204.0,0.0,1.16,0.0
5.66,cloudy,0.75,6.216,Overcast,3.89,1013.0,5.06,0.88,1515974400,191.0,0.0,1.54,0.0
6.06,partly-cloudy-night,0.77,6.104,Partly Cloudy,3.88,1011.7,6.37,0.53,1515978000,213.0,0.0,2.38,0.0
6.42,partly-cloudy-night,0.79,6.216,Mostly Cloudy,4.24,1010.4,6.61,0.67,1515981600,209.0,0.0097,3.1,0.05
6.88,partly-cloudy-night,0.81,6.216,Mostly Cloudy,4.63,1009.4,7.18,0.8,1515985200,217.0,0.0324,3.79,0.05
7.13,rain,0.86,5.974,Possible Drizzle,4.51,1007.3,8.81,0.9,1515988800,201.0,0.0914,4.96,0.29
7.63,rain,0.89,5.658,Possible Light Rain,4.69,1005.0,10.84,0.77,1515992400,203.0,0.317,5.97,0.63
8.01,rain,0.88,5.286,Possible Light Rain,4.91,1003.2,12.22,0.77,1515996000,210.0,0.3768,6.13,0.59
8.37,rain,0.89,5.607,Light Rain,5.11,1001.5,13.82,0.84,1515999600,204.0,0.4725,6.67,0.66
8.39,rain,0.91,4.719,Light Rain,5.25,1000.2,13.08,0.84,1516003200,206.0,0.6109,6.94,0.67
8.45,rain,0.92,5.202,Possible Light Rain,5.55,998.9,11.74,0.84,1516006800,207.0,0.4379,7.28,0.57
9.0,rain,0.94,2.904,Possible Light Rain,6.3,997.6,11.4,0.92,1516010400,216.0,0.2944,8.03,0.54
9.2,rain,0.94,4.324,Light Rain,6.75,995.9,10.31,0.8,1516014000,210.0,0.7745,8.25,0.65
10.01,rain,0.92,4.984,Light Rain,10.01,993.5,9.89,0.76,1516017600,210.0,0.6841,8.84,0.67
10.61,rain,0.93,5.634,Light Rain,10.61,992.2,9.51,0.77,1516021200,237.0,0.3094,9.51,0.66
11.01,rain,0.86,6.216,Possible Light Rain,11.01,991.7,10.33,0.76,1516024800,261.0,0.3163,8.78,0.47
10.89,rain,0.83,6.216,Possible Drizzle,10.89,991.9,9.3,0.55,1516028400,257.0,0.1622,8.1,0.37
10.3,partly-cloudy-day,0.81,6.216,Mostly Cloudy,10.3,992.2,9.96,0.62,1516032000,271.0,0.0295,7.11,0.2
9.55,partly-cloudy-night,0.83,6.216,Mostly Cloudy,7.25,992.8,9.93,0.66,1516035600,279.0,0.0229,6.83,0.12
8.56,rain,0.75,6.216,Possible Drizzle,5.83,994.3,10.96,0.62,1516039200,281.0,0.1148,4.29,0.26
7.47,rain,0.77,6.216,Possible Drizzle,4.96,994.9,8.66,0.23,1516042800,269.0,0.0894,3.62,0.25
7.09,clear-night,0.81,6.216,Clear,4.73,994.6,7.72,0.04,1516046400,252.0,0.0238,4.03,0.06
6.85,clear-night,0.8,6.216,Clear,4.13,994.9,8.97,0.08,1516050000,244.0,0.0,3.56,0.0
6.88,clear-night,0.81,6.216,Clear,4.19,995.1,8.85,0.07,1516053600,239.0,0.0,3.86,0.0
6.21,clear-night,0.83,6.216,Clear,3.69,994.9,7.62,0.03,1516057200,241.0,0.0,3.56,0.0
6.59,partly-cloudy-night,0.83,6.216,Partly Cloudy,4.22,994.6,7.36,0.46,1516060800,251.0,0.0,3.92,0.0
6.86,clear-night,0.8,6.216,Clear,4.2,994.0,8.69,0.23,1516064400,237.0,0.0,3.67,0.0
6.65,partly-cloudy-night,0.81,6.216,Mostly Cloudy,4.07,993.7,8.2,0.64,1516068000,256.0,0.0,3.69,0.0
6.42,partly-cloudy-night,0.82,6.216,Partly Cloudy,3.77,993.4,8.29,0.43,1516071600,247.0,0.0319,3.61,0.06
6.17,clear-night,0.83,6.216,Clear,3.36,993.4,8.69,0.26,1516075200,245.0,0.0079,3.49,0.03
5.77,partly-cloudy-night,0.86,6.216,Partly Cloudy,2.9,993.4,8.55,0.4,1516078800,265.0,0.0173,3.54,0.05
6.0,partly-cloudy-night,0.78,6.214,Partly Cloudy,3.02,994.0,9.2,0.56,1516082400,258.0,0.0264,2.45,0.08
5.92,partly-cloudy-night,0.74,6.216,Partly Cloudy,2.8,994.8,9.74,0.56,1516086000,253.0,0.0316,1.6,0.09
5.85,partly-cloudy-night,0.73,6.216,Partly Cloudy,2.52,995.4,10.62,0.52,1516089600,268.0,0.0,1.32,0.0
5.84,clear-day,0.69,6.216,Clear,2.27,996.1,11.8,0.07,1516093200,256.0,0.0131,0.51,0.06
6.12,clear-day,0.7,6.216,Clear,2.88,996.5,10.51,0.07,1516096800,260.0,0.0,0.99,0.0
6.6,clear-day,0.7,6.216,Clear,3.19,997.0,11.91,0.19,1516100400,261.0,0.0072,1.45,0.04
7.19,partly-cloudy-day,0.62,6.216,Partly Cloudy,3.91,996.9,12.04,0.37,1516104000,275.0,0.0,0.45,0.0
7.1,partly-cloudy-day,0.61,6.216,Partly Cloudy,3.58,996.6,13.24,0.38,1516107600,276.0,0.0,0.09,0.0
7.58,partly-cloudy-day,0.56,6.216,Partly Cloudy,4.34,996.2,12.43,0.37,1516111200,273.0,0.0072,-0.57,0.04
7.02,partly-cloudy-day,0.56,6.216,Partly Cloudy,3.94,996.2,10.78,0.32,1516114800,261.0,0.0,-1.25,0.0
6.14,clear-day,0.63,6.216,Clear,3.04,995.7,9.91,0.24,1516118400,252.0,0.0,-0.33,0.0
5.84,clear-night,0.69,6.216,Clear,2.99,995.0,8.53,0.22,1516122000,234.0,0.0,0.66,0.0
4.51,partly-cloudy-night,0.76,6.029,Partly Cloudy,1.32,994.9,8.73,0.39,1516125600,251.0,0.0902,0.73,0.16
3.54,clear-night,0.83,6.216,Clear,0.14,994.8,8.7,0.29,1516129200,244.0,0.1207,0.91,0.12
3.42,clear-night,0.83,6.216,Clear,-0.06,994.9,8.9,0.17,1516132800,245.0,0.0339,0.83,0.1
3.51,clear-night,0.82,6.216,Clear,-0.01,994.7,9.11,0.08,1516136400,254.0,0.0066,0.79,0.1
3.84,clear-night,0.77,6.216,Clear,0.04,995.0,10.48,0.21,1516140000,264.0,0.0,0.17,0.0
3.59,clear-night,0.75,6.216,Clear,-0.39,995.4,11.05,0.23,1516143600,258.0,0.0,-0.46,0.0
3.42,partly-cloudy-night,0.75,6.216,Partly Cloudy,-0.49,996.0,10.55,0.41,1516147200,259.0,0.0,-0.65,0.0
3.13,clear-night,0.72,6.216,Clear,-1.03,996.5,11.28,0.0,1516150800,266.0,0.0,-1.46,0.0
3.09,clear-night,0.7,6.216,Clear,-0.99,997.6,10.9,0.22,1516154400,275.0,0.0,-1.84,0.0
2.69,clear-night,0.73,6.216,Clear,-1.45,998.3,10.78,0.24,1516158000,263.0,0.006,-1.67,0.02
2.9,clear-night,0.73,6.216,Clear,-1.26,999.4,11.08,0.05,1516161600,280.0,0.0081,-1.46,0.01
2.95,clear-night,0.71,6.216,Clear,-0.96,1000.4,10.04,0.11,1516165200,266.0,0.0,-1.79,0.0
2.98,clear-night,0.71,6.216,Clear,-1.01,1001.2,10.41,0.02,1516168800,257.0,0.0,-1.78,0.0
3.56,clear-night,0.69,6.216,Clear,-0.7,1002.6,12.23,0.02,1516172400,262.0,0.0,-1.58,0.0
3.92,clear-night,0.69,6.216,Clear,-0.11,1004.2,11.62,0.08,1516176000,270.0,0.0,-1.23,0.0
4.12,clear-day,0.7,6.216,Clear,0.01,1005.4,12.27,0.03,1516179600,279.0,0.0,-0.88,0.0
5.13,clear-day,0.66,6.216,Clear,1.16,1006.5,12.89,0.07,1516183200,266.0,0.0,-0.61,0.0
6.38,clear-day,0.62,6.216,Clear,2.76,1007.5,12.74,0.07,1516186800,281.0,0.0095,-0.4,0.04
7.09,clear-day,0.59,6.216,Clear,3.48,1007.9,13.81,0.19,1516190400,269.0,0.0284,-0.3,0.04
7.4,clear-day,0.58,6.216,Clear,3.82,1008.2,14.18,0.22,1516194000,280.0,0.0,-0.29,0.0
7.44,partly-cloudy-day,0.58,6.216,Mostly Cloudy,4.01,1008.4,13.32,0.64,1516197600,270.0,0.0078,-0.36,0.06
7.4,partly-cloudy-day,0.55,6.216,Partly Cloudy,4.19,1008.7,11.97,0.42,1516201200,283.0,0.0072,-1.0,0.04
7.03,partly-cloudy-day,0.58,6.216,Partly Cloudy,4.33,1009.0,9.08,0.52,1516204800,273.0,0.0,-0.76,0.0
6.39,partly-cloudy-night,0.63,6.216,Partly Cloudy,4.01,1009.1,7.26,0.52,1516208400,251.0,0.0,-0.15,0.0
5.63,clear-night,0.7,6.216,Clear,3.67,1008.8,5.54,0.27,1516212000,235.0,0.0,0.54,0.0
5.61,clear-night,0.71,6.216,Clear,3.25,1008.7,6.67,0.19,1516215600,235.0,0.0228,0.78,0.05
5.92,partly-cloudy-night,0.73,6.216,Partly Cloudy,3.39,1007.8,7.45,0.34,1516219200,228.0,0.0704,1.39,0.05
5.7,clear-night,0.74,6.216,Clear,3.03,1006.6,7.76,0.17,1516222800,223.0,0.0363,1.51,0.05
6.1,partly-cloudy-night,0.78,6.216,Partly Cloudy,3.49,1004.6,7.86,0.49,1516226400,211.0,0.0943,2.62,0.05
6.05,rain,0.86,5.366,Possible Drizzle,3.46,1001.3,7.76,0.72,1516230000,201.0,0.0718,3.87,0.35
7.11,rain,0.89,4.121,Possible Light Rain,3.91,997.9,11.51,0.91,1516233600,213.0,0.3288,5.47,0.64
8.48,rain,0.93,4.33,Light Rain,5.55,995.1,12.0,0.94,1516237200,228.0,0.4033,7.49,0.68
9.74,rain,0.91,5.212,Possible Drizzle,6.89,993.0,13.56,0.94,1516240800,238.0,0.1796,8.4,0.61
11.36,rain,0.76,6.216,Possible Drizzle,11.36,992.0,18.31,0.7,1516244400,249.0,0.1633,7.26,0.5
11.9,rain,0.66,6.216,Possible Drizzle,11.9,991.5,21.77,0.75,1516248000,258.0,0.1887,5.67,0.41
10.9,wind,0.63,6.041,Windy and Mostly Cloudy,10.9,992.5,22.35,0.76,1516251600,270.0,0.7937,4.17,0.17
9.96,partly-cloudy-night,0.62,6.216,Mostly Cloudy,6.26,994.7,21.29,0.75,1516255200,283.0,1.1134,3.12,0.09
8.49,partly-cloudy-night,0.6,6.216,Partly Cloudy,4.4,997.2,20.58,0.5,1516258800,294.0,0.7973,1.15,0.12
7.37,partly-cloudy-night,0.64,6.216,Partly Cloudy,3.74,999.3,14.5,0.34,1516262400,289.0,0.1776,0.94,0.07
6.65,clear-day,0.68,6.216,Clear,3.43,1001.1,11.02,0.11,1516266000,281.0,0.0,1.24,0.0
7.15,clear-day,0.69,6.216,Clear,4.14,1002.0,10.61,0.18,1516269600,276.0,0.0,1.75,0.0
8.08,clear-day,0.64,6.216,Clear,5.42,1002.4,9.96,0.31,1516273200,278.0,0.0,1.77,0.0
8.59,partly-cloudy-day,0.65,6.216,Mostly Cloudy,6.52,1002.4,7.86,0.6,1516276800,260.0,0.0113,2.3,0.05
8.63,partly-cloudy-day,0.64,6.216,Mostly Cloudy,6.27,1002.1,9.15,0.62,1516280400,272.0,0.0136,2.1,0.05
9.01,partly-cloudy-day,0.62,6.216,Mostly Cloudy,6.75,1002.0,9.13,0.61,1516284000,267.0,0.0,2.02,0.0
8.6,partly-cloudy-day,0.64,6.216,Mostly Cloudy,6.37,1001.9,8.54,0.62,1516287600,272.0,0.0332,2.27,0.1
8.07,partly-cloudy-day,0.67,6.216,Partly Cloudy,5.99,1002.0,7.43,0.52,1516291200,274.0,0.0506,2.37,0.17
7.43,partly-cloudy-night,0.68,6.216,Partly Cloudy,5.32,1002.7,7.08,0.59,1516294800,270.0,0.0827,1.88,0.19
6.46,partly-cloudy-night,0.7,6.216,Partly Cloudy,3.74,1003.4,8.58,0.57,1516298400,278.0,0.0495,1.43,0.13
6.51,partly-cloudy-night,0.71,6.216,Partly Cloudy,4.1,1004.0,7.48,0.55,1516302000,267.0,0.0,1.57,0.0
5.86,partly-cloudy-night,0.71,6.216,Partly Cloudy,3.09,1004.7,8.26,0.46,1516305600,279.0,0.0,1.04,0.0
5.01,partly-cloudy-night,0.7,6.216,Partly Cloudy,2.05,1005.6,8.3,0.49,1516309200,279.0,0.0,0.03,0.0
4.53,clear-night,0.73,6.216,Clear,1.68,1005.9,7.51,0.06,1516312800,279.0,0.0,0.06,0.0
4.31,clear-night,0.73,6.216,Clear,1.55,1006.6,7.09,0.03,1516316400,271.0,0.0,-0.12,0.0
3.76,clear-night,0.76,6.216,Clear,0.83,1007.0,7.25,0.0,1516320000,258.0,0.0,-0.1,0.0
3.04,clear-night,0.79,6.216,Clear,0.24,1007.4,6.48,0.0,1516323600,261.0,0.0,-0.26,0.0
2.56,clear-night,0.82,6.216,Clear,-0.05,1007.7,5.74,0.0,1516327200,251.0,0.0,-0.2,0.0
2.46,clear-night,0.83,6.216,Clear,0.19,1008.2,4.93,0.0,1516330800,263.0,0.0,-0.08,0.0
2.11,clear-night,0.85,6.216,Clear,-0.32,1008.2,5.13,0.0,1516334400,230.0,0.0,-0.18,0.0
2.06,clear-night,0.85,6.216,Clear,-0.14,1008.5,4.63,0.0,1516338000,242.0,0.0,-0.26,0.0
1.94,clear-night,0.87,6.214,Clear,-0.01,1008.7,4.12,0.0,1516341600,235.0,0.0,-0.05,0.0
1.61,clear-night,0.88,6.216,Clear,-0.75,1009.1,4.78,0.0,1516345200,247.0,0.0,-0.14,0.0
1.43,clear-night,0.88,6.216,Clear,-0.26,1009.3,3.55,0.0,1516348800,239.0,0.0,-0.39,0.0
1.87,clear-day,0.88,6.216,Clear,-0.76,1009.6,5.47,0.0,1516352400,244.0,0.0,0.17,0.0
3.14,clear-day,0.83,6.216,Clear,1.25,1009.7,4.38,0.0,1516356000,240.0,0.0,0.57,0.0
5.06,clear-day,0.75,6.216,Clear,2.29,1010.1,7.63,0.05,1516359600,267.0,0.0338,1.02,0.08
6.35,clear-day,0.67,6.216,Clear,3.61,1009.8,8.58,0.07,1516363200,267.0,0.0289,0.66,0.08
6.24,clear-day,0.65,6.216,Clear,3.21,1009.3,9.69,0.12,1516366800,265.0,0.0145,0.16,0.05
6.6,partly-cloudy-day,0.65,6.216,Partly Cloudy,3.65,1008.8,9.7,0.39,1516370400,268.0,0.0122,0.46,0.05
6.58,partly-cloudy-day,0.62,6.216,Partly Cloudy,3.95,1008.9,8.37,0.58,1516374000,258.0,0.0069,-0.08,0.01
6.46,partly-cloudy-day,0.63,6.216,Mostly Cloudy,4.25,1009.0,6.71,0.61,1516377600,249.0,0.0,-0.17,0.0
5.62,clear-night,0.7,6.216,Clear,3.04,1009.2,7.4,0.16,1516381200,247.0,0.0051,0.49,0.01
5.02,clear-night,0.72,6.216,Clear,2.5,1009.3,6.82,0.17,1516384800,251.0,0.005,0.47,0.01
4.83,clear-night,0.73,6.216,Clear,2.7,1009.3,5.6,0.06,1516388400,240.0,0.0055,0.45,0.01
4.13,clear-night,0.75,6.216,Clear,1.35,1009.5,7.03,0.03,1516392000,255.0,0.0051,0.14,0.01
3.96,clear-night,0.78,6.216,Clear,1.7,1009.6,5.52,0.03,1516395600,245.0,0.0058,0.49,0.01
3.43,clear-night,0.82,6.216,Clear,0.28,1009.6,7.77,0.0,1516399200,243.0,0.0058,0.57,0.01
3.33,clear-night,0.82,6.216,Clear,0.48,1009.5,6.75,0.0,1516402800,243.0,0.006,0.51,0.01
2.98,clear-night,0.83,6.216,Clear,0.57,1009.5,5.44,0.19,1516406400,234.0,0.0066,0.44,0.01
2.66,clear-night,0.85,6.216,Clear,0.24,1009.0,5.33,0.17,1516410000,235.0,0.0092,0.37,0.07
2.91,clear-night,0.84,6.216,Clear,0.8,1008.1,4.74,0.23,1516413600,230.0,0.0624,0.52,0.07
3.43,clear-night,0.84,6.216,Clear,2.02,1007.1,3.59,0.22,1516417200,224.0,0.0,1.01,0.0
3.37,clear-night,0.84,6.216,Clear,2.13,1005.7,3.28,0.23,1516420800,222.0,0.0177,0.91,0.07
3.18,partly-cloudy-night,0.89,6.216,Partly Cloudy,2.09,1004.4,3.02,0.34,1516424400,213.0,0.0085,1.48,0.07
4.09,clear-night,0.89,6.216,Clear,4.09,1003.2,2.53,0.28,1516428000,195.0,0.0409,2.45,0.15
4.5,partly-cloudy-night,0.86,6.216,Partly Cloudy,4.5,1002.3,2.84,0.38,1516431600,185.0,0.0871,2.41,0.24
4.1,rain,0.89,5.689,Possible Drizzle,4.1,1001.5,1.82,0.95,1516435200,155.0,0.15,2.44,0.38
3.96,rain,0.91,4.367,Light Rain,3.96,1000.8,2.05,0.94,1516438800,98.0,0.2564,2.56,0.68
4.07,rain,0.95,2.455,Light Rain,2.84,1000.5,3.43,0.94,1516442400,69.0,0.4008,3.3,0.68
4.32,rain,0.93,4.481,Light Rain,2.34,1000.0,5.0,0.92,1516446000,84.0,0.4864,3.28,0.7
4.39,rain,0.93,4.719,Light Rain,2.62,999.1,4.57,0.93,1516449600,83.0,0.2879,3.29,0.72
4.46,rain,0.93,2.936,Possible Drizzle,3.1,998.2,3.75,0.95,1516453200,88.0,0.0818,3.39,0.43
4.47,rain,0.93,2.824,Possible Drizzle,4.47,998.1,2.83,0.93,1516456800,89.0,0.1215,3.43,0.58
4.52,rain,0.95,3.012,Light Rain,3.49,998.6,3.21,0.93,1516460400,55.0,0.6299,3.81,0.66
4.38,rain,0.93,3.285,Possible Light Rain,2.7,999.4,4.37,0.9,1516464000,43.0,0.4757,3.34,0.63
3.88,rain,0.92,5.078,Possible Drizzle,2.14,1000.4,4.33,0.89,1516467600,33.0,0.0843,2.67,0.49
3.57,cloudy,0.91,5.463,Overcast,1.84,1002.1,4.21,0.89,1516471200,32.0,0.032,2.22,0.12
3.36,cloudy,0.91,5.351,Overcast,0.92,1004.1,5.69,0.92,1516474800,3.0,0.0344,2.01,0.13
3.43,cloudy,0.9,5.452,Overcast,1.01,1005.9,5.65,0.92,1516478400,0.0,0.0184,1.98,0.06
3.29,cloudy,0.88,6.038,Overcast,0.62,1007.6,6.26,0.88,1516482000,349.0,0.0137,1.46,0.03
3.0,partly-cloudy-night,0.9,6.019,Mostly Cloudy,1.13,1009.1,4.31,0.72,1516485600,325.0,0.0102,1.54,0.03
2.98,partly-cloudy-night,0.88,5.954,Mostly Cloudy,1.53,1010.3,3.54,0.84,1516489200,316.0,0.0,1.22,0.0
3.08,cloudy,0.88,5.775,Overcast,3.08,1012.1,0.78,0.91,1516492800,310.0,0.0,1.27,0.0
2.39,partly-cloudy-night,0.88,5.357,Mostly Cloudy,-0.04,1013.1,5.22,0.76,1516496400,314.0,0.0,0.6,0.0
2.0,partly-cloudy-night,0.89,4.918,Mostly Cloudy,0.1,1014.1,4.06,0.76,1516500000,299.0,0.0,0.34,0.0
1.45,partly-cloudy-night,0.92,4.206,Partly Cloudy,1.45,1014.4,2.03,0.33,1516503600,307.0,0.0,0.27,0.0
1.78,clear-night,0.9,3.736,Clear,1.78,1014.6,1.62,0.31,1516507200,307.0,0.0,0.31,0.0
1.57,clear-night,0.91,3.74,Clear,1.57,1014.8,2.2,0.31,1516510800,300.0,0.0,0.33,0.0
1.61,clear-night,0.92,4.057,Clear,1.61,1015.2,1.12,0.3,1516514400,228.0,0.0,0.52,0.0
1.96,clear-night,0.91,3.664,Clear,1.96,1015.4,1.49,0.25,1516518000,228.0,0.0,0.57,0.0
2.07,clear-day,0.91,3.25,Clear,2.07,1015.9,1.52,0.31,1516521600,203.0,0.0,0.76,0.0
2.34,partly-cloudy-day,0.91,2.945,Mostly Cloudy,2.34,1016.2,1.88,0.84,1516525200,184.0,0.1387,0.96,0.2
2.1,rain,0.92,2.859,Possible Light Rain,0.37,1015.5,3.8,0.88,1516528800,146.0,0.4706,0.95,0.36
2.06,rain,0.94,3.387,Possible Light Rain,-0.18,1015.0,4.72,0.81,1516532400,144.0,0.3192,1.14,0.63
2.23,rain,0.93,3.552,Possible Light Rain,-0.28,1014.0,5.37,0.75,1516536000,126.0,0.3857,1.18,0.65
1.53,rain,0.94,2.224,Possible Light Rain,-1.27,1012.9,5.72,0.92,1516539600,143.0,0.5196,0.63,0.63
2.01,rain,0.96,2.711,Light Rain,-0.95,1011.5,6.33,0.89,1516543200,129.0,0.7245,1.46,0.73
3.17,rain,0.96,4.497,Light Rain,0.83,1010.3,5.37,0.92,1516546800,138.0,0.6064,2.62,0.74
4.17,rain,0.97,5.305,Light Rain,1.81,1008.9,5.88,0.92,1516550400,150.0,0.4173,3.7,0.72
5.09,rain,0.96,2.387,Light Rain,3.38,1008.2,4.68,0.97,1516554000,161.0,0.5521,4.51,0.77
5.51,rain,0.97,3.488,Rain,4.34,1007.2,3.69,0.93,1516557600,148.0,1.1684,5.11,0.68
5.73,rain,0.98,3.663,Rain,4.53,1006.0,3.81,0.97,1516561200,162.0,0.9951,5.44,0.77
6.24,rain,0.98,4.002,Possible Light Rain,5.35,1006.1,3.37,0.92,1516564800,249.0,0.2504,5.94,0.63
8.28,cloudy,0.99,5.638,Overcast,6.39,1005.8,6.91,0.95,1516568400,259.0,0.0296,8.07,0.14
9.24,cloudy,0.98,5.943,Overcast,7.62,1006.0,6.62,0.95,1516572000,259.0,0.0248,9.0,0.04
10.59,cloudy,0.95,6.01,Overcast,10.59,1006.4,6.81,0.94,1516575600,278.0,0.021,9.77,0.07
10.45,cloudy,0.93,6.069,Overcast,10.45,1006.6,7.23,0.88,1516579200,258.0,0.0096,9.32,0.03
10.39,partly-cloudy-night,0.9,6.104,Mostly Cloudy,10.39,1006.7,7.18,0.79,1516582800,274.0,0.0093,8.89,0.03
10.13,partly-cloudy-night,0.91,6.216,Mostly Cloudy,10.13,1006.8,4.54,0.8,1516586400,264.0,0.0091,8.72,0.02
9.87,cloudy,0.9,6.216,Overcast,8.93,1006.9,4.79,0.92,1516590000,261.0,0.0064,8.25,0.02
9.38,partly-cloudy-night,0.9,6.216,Mostly Cloudy,8.86,1007.3,3.52,0.73,1516593600,271.0,0.0133,7.87,0.07
8.66,cloudy,0.92,6.216,Overcast,8.26,1007.3,3.08,0.97,1516597200,265.0,0.0,7.39,0.0
8.85,partly-cloudy-night,0.89,6.138,Mostly Cloudy,8.85,1007.7,2.59,0.87,1516600800,267.0,0.0,7.14,0.0
8.57,cloudy,0.9,6.216,Overcast,8.57,1007.9,2.37,0.88,1516604400,266.0,0.0,7.08,0.0
8.14,partly-cloudy-day,0.9,6.189,Mostly Cloudy,7.6,1008.3,3.21,0.64,1516608000,276.0,0.0,6.61,0.0
7.9,clear-day,0.87,6.216,Clear,6.6,1008.9,4.87,0.2,1516611600,287.0,0.0,5.86,0.0
8.37,clear-day,0.84,6.14,Clear,6.6,1010.2,6.56,0.23,1516615200,301.0,0.0134,5.88,0.06
9.09,partly-cloudy-day,0.79,6.216,Mostly Cloudy,7.59,1011.4,6.11,0.66,1516618800,303.0,0.0092,5.67,0.05
9.55,partly-cloudy-day,0.76,6.216,Mostly Cloudy,8.16,1011.9,6.01,0.83,1516622400,306.0,0.0,5.51,0.0
10.33,partly-cloudy-day,0.71,6.216,Mostly Cloudy,10.33,1012.5,6.68,0.75,1516626000,292.0,0.0,5.23,0.0
10.06,partly-cloudy-day,0.62,6.216,Mostly Cloudy,10.06,1013.3,8.06,0.87,1516629600,284.0,0.0108,3.22,0.05
10.08,partly-cloudy-day,0.66,6.216,Mostly Cloudy,10.08,1014.4,9.0,0.7,1516633200,293.0,0.0,4.03,0.0
9.93,cloudy,0.66,6.216,Overcast,8.07,1015.6,8.19,0.91,1516636800,296.0,0.0,3.94,0.0
9.79,cloudy,0.64,6.216,Overcast,8.15,1016.9,7.15,0.92,1516640400,292.0,0.0,3.34,0.0
9.14,cloudy,0.68,6.216,Overcast,7.72,1017.3,5.85,0.93,1516644000,286.0,0.0,3.52,0.0
9.29,cloudy,0.66,6.216,Overcast,7.79,1017.7,6.22,0.9,1516647600,281.0,0.0,3.16,0.0
8.8,partly-cloudy-night,0.72,6.216,Mostly Cloudy,7.88,1018.3,4.24,0.85,1516651200,237.0,0.0,3.93,0.0
7.96,partly-cloudy-night,0.74,6.216,Mostly Cloudy,6.82,1018.8,4.44,0.82,1516654800,235.0,0.0,3.51,0.0
7.91,cloudy,0.77,6.216,Overcast,6.52,1019.0,5.08,0.92,1516658400,227.0,0.0,4.07,0.0
8.32,cloudy,0.75,6.216,Overcast,7.34,1019.1,4.22,0.95,1516662000,236.0,0.0,4.16,0.0
8.45,cloudy,0.76,6.216,Overcast,7.46,1019.3,4.29,0.99,1516665600,230.0,0.0,4.53,0.0
8.58,cloudy,0.75,6.216,Overcast,7.28,1019.0,5.19,0.99,1516669200,226.0,0.0,4.48,0.0
8.81,cloudy,0.75,6.216,Overcast,7.66,1018.6,4.87,0.99,1516672800,208.0,0.0,4.69,0.0
8.8,cloudy,0.74,6.216,Overcast,8.05,1018.8,3.85,0.99,1516676400,218.0,0.0,4.46,0.0
9.0,cloudy,0.76,6.216,Overcast,7.5,1018.3,6.06,0.94,1516680000,215.0,0.0285,4.91,0.06
9.07,cloudy,0.78,6.216,Overcast,7.74,1017.5,5.56,0.94,1516683600,209.0,0.0478,5.39,0.06
9.1,cloudy,0.81,6.214,Overcast,7.46,1016.9,6.58,0.88,1516687200,201.0,0.0431,5.98,0.13
9.49,cloudy,0.86,6.086,Overcast,7.61,1016.5,7.87,0.92,1516690800,208.0,0.0634,7.22,0.2
9.4,partly-cloudy-day,0.89,6.135,Mostly Cloudy,7.01,1016.1,10.25,0.84,1516694400,206.0,0.192,7.75,0.22
9.86,cloudy,0.89,4.956,Overcast,7.42,1016.0,11.17,0.95,1516698000,211.0,0.4126,8.17,0.12
9.96,rain,0.9,5.413,Possible Light Rain,8.0,1015.8,8.76,0.97,1516701600,209.0,0.5164,8.42,0.3
11.33,cloudy,0.89,5.219,Overcast,11.33,1015.5,8.58,0.99,1516705200,210.0,0.4234,9.55,0.17
11.63,cloudy,0.9,5.254,Overcast,11.63,1014.6,7.62,1.0,1516708800,209.0,0.2127,10.02,0.14
12.44,cloudy,0.88,5.339,Overcast,12.44,1014.0,8.99,0.93,1516712400,214.0,0.1105,10.58,0.15
12.83,cloudy,0.86,5.347,Overcast,12.83,1013.5,9.46,0.88,1516716000,220.0,0.1816,10.51,0.1
13.29,partly-cloudy-day,0.81,6.055,Mostly Cloudy,13.29,1013.3,10.21,0.79,1516719600,220.0,0.0265,10.12,0.12
12.88,cloudy,0.83,6.034,Overcast,12.88,1013.3,9.47,0.9,1516723200,225.0,0.0236,10.08,0.14
12.78,cloudy,0.86,5.711,Overcast,12.78,1013.0,9.72,0.9,1516726800,214.0,0.024,10.54,0.1
12.86,cloudy,0.85,6.109,Overcast,12.86,1013.4,8.62,0.95,1516730400,218.0,0.0461,10.33,0.11
12.49,cloudy,0.88,6.109,Overcast,12.49,1014.1,9.0,0.93,1516734000,234.0,0.0132,10.56,0.07
12.37,partly-cloudy-night,0.85,6.216,Mostly Cloudy,12.37,1014.5,6.99,0.81,1516737600,238.0,0.0198,9.96,0.07
11.88,partly-cloudy-night,0.86,6.216,Mostly Cloudy,11.88,1014.5,7.96,0.66,1516741200,221.0,0.0,9.6,0.0
11.38,partly-cloudy-night,0.87,6.216,Partly Cloudy,11.38,1014.5,7.08,0.53,1516744800,216.0,0.0,9.3,0.0
11.1,partly-cloudy-night,0.86,6.216,Mostly Cloudy,11.1,1014.6,7.51,0.73,1516748400,217.0,0.0232,8.89,0.09
11.12,partly-cloudy-night,0.83,6.216,Mostly Cloudy,11.12,1014.5,9.0,0.75,1516752000,221.0,0.0444,8.38,0.09
11.33,partly-cloudy-night,0.8,6.023,Mostly Cloudy,11.33,1013.4,9.28,0.6,1516755600,218.0,0.0234,8.01,0.13
11.81,partly-cloudy-night,0.8,6.216,Mostly Cloudy,11.81,1012.4,10.42,0.8,1516759200,234.0,0.059,8.38,0.13
11.93,cloudy,0.82,6.061,Overcast,11.93,1011.4,9.68,0.94,1516762800,212.0,0.0322,8.97,0.11
12.0,cloudy,0.86,5.998,Overcast,12.0,1010.2,11.45,0.94,1516766400,209.0,0.1913,9.74,0.16
11.99,partly-cloudy-night,0.89,6.014,Mostly Cloudy,11.99,1009.3,11.97,0.8,1516770000,213.0,0.4953,10.21,0.17
12.53,partly-cloudy-night,0.87,6.042,Mostly Cloudy,12.53,1008.5,13.69,0.8,1516773600,216.0,0.4868,10.48,0.19
12.65,rain,0.87,5.733,Possible Light Rain,12.65,1007.4,16.11,0.92,1516777200,216.0,0.5642,10.61,0.27
13.0,rain,0.86,5.516,Possible Light Rain,13.0,1006.3,16.96,0.92,1516780800,219.0,0.674,10.77,0.35
12.87,rain,0.88,5.268,Rain,12.87,1005.4,16.83,0.92,1516784400,213.0,1.2759,10.91,0.36
12.9,rain,0.86,6.216,Rain,12.9,1004.8,16.85,0.92,1516788000,220.0,1.5568,10.7,0.39
13.1,rain,0.86,4.844,Rain,13.1,1004.4,17.16,0.92,1516791600,213.0,1.2088,10.83,0.39
12.79,rain,0.86,4.54,Rain,12.79,1004.4,16.13,0.92,1516795200,229.0,1.8119,10.56,0.51
10.83,rain,0.86,2.833,Rain,10.83,1004.4,10.44,0.89,1516798800,243.0,1.7245,8.58,0.73
8.74,rain,0.92,2.742,Rain,6.28,1004.8,9.73,0.8,1516802400,260.0,1.8644,7.55,0.75
8.1,rain,0.88,5.12,Rain,5.67,1005.2,8.91,0.83,1516806000,267.0,1.2778,6.24,0.67
7.48,rain,0.91,5.585,Light Rain,5.56,1005.4,6.47,0.76,1516809600,241.0,0.5312,6.12,0.68
7.55,rain,0.9,6.216,Light Rain,5.28,1005.8,7.76,0.74,1516813200,226.0,0.5195,5.99,0.77
7.02,rain,0.86,6.216,Light Rain,4.62,1006.3,7.82,0.68,1516816800,218.0,0.2422,4.8,0.68
7.01,rain,0.86,6.216,Possible Drizzle,4.26,1006.5,9.23,0.24,1516820400,226.0,0.0495,4.86,0.46
7.1,partly-cloudy-night,0.86,6.216,Partly Cloudy,4.96,1007.1,6.96,0.51,1516824000,217.0,0.0393,4.95,0.12
7.31,partly-cloudy-night,0.86,6.216,Mostly Cloudy,5.1,1007.2,7.35,0.63,1516827600,223.0,0.0118,5.2,0.06
7.13,clear-night,0.88,6.162,Clear,5.29,1007.4,5.98,0.25,1516831200,213.0,0.0365,5.21,0.08
7.54,clear-night,0.88,6.189,Clear,5.18,1007.7,8.09,0.27,1516834800,216.0,0.0341,5.64,0.06
7.64,clear-night,0.88,6.216,Clear,5.79,1008.1,6.34,0.18,1516838400,226.0,0.0178,5.71,0.05
7.4,clear-night,0.85,6.216,Clear,5.63,1008.2,5.93,0.14,1516842000,216.0,0.0059,5.0,0.03
7.36,clear-night,0.86,6.216,Clear,5.5,1008.1,6.16,0.14,1516845600,223.0,0.0059,5.11,0.03
6.97,clear-night,0.85,6.216,Clear,5.18,1008.2,5.74,0.05,1516849200,224.0,0.0,4.7,0.0
7.11,clear-night,0.87,6.216,Clear,5.3,1007.9,5.88,0.0,1516852800,210.0,0.0,5.03,0.0
7.49,clear-night,0.84,6.154,Clear,5.88,1008.0,5.5,0.05,1516856400,215.0,0.0062,5.02,0.04
7.0,clear-night,0.86,6.214,Clear,4.78,1007.8,7.18,0.03,1516860000,218.0,0.0182,4.75,0.08
6.63,clear-night,0.88,6.216,Clear,4.9,1008.0,5.37,0.06,1516863600,211.0,0.0151,4.75,0.14
6.83,clear-day,0.84,6.216,Clear,4.86,1008.0,6.2,0.06,1516867200,204.0,0.0186,4.33,0.14
7.24,clear-day,0.81,6.216,Clear,5.46,1008.2,5.88,0.09,1516870800,201.0,0.0527,4.26,0.15
8.09,clear-day,0.81,6.216,Clear,6.23,1008.5,6.67,0.09,1516874400,203.0,0.1001,4.95,0.09
9.52,clear-day,0.73,6.216,Clear,7.75,1008.6,7.47,0.08,1516878000,219.0,0.0563,4.95,0.11
9.95,partly-cloudy-day,0.7,6.216,Partly Cloudy,7.85,1008.0,9.36,0.37,1516881600,229.0,0.0234,4.71,0.1
10.04,partly-cloudy-day,0.67,6.216,Partly Cloudy,10.04,1007.5,8.62,0.39,1516885200,230.0,0.0,4.12,0.0
10.51,partly-cloudy-day,0.64,6.216,Partly Cloudy,10.51,1007.0,7.73,0.43,1516888800,234.0,0.0,4.08,0.0
9.51,clear-day,0.63,6.216,Clear,7.38,1007.0,9.07,0.12,1516892400,220.0,0.087,2.87,0.16
8.66,clear-day,0.71,6.216,Clear,6.83,1007.1,6.99,0.12,1516896000,208.0,0.0542,3.62,0.16
7.96,clear-night,0.74,6.216,Clear,6.26,1007.3,6.06,0.1,1516899600,202.0,0.0605,3.68,0.12
7.92,clear-night,0.78,6.216,Clear,6.18,1007.7,6.17,0.14,1516903200,202.0,0.0449,4.23,0.19
7.39,clear-night,0.77,6.216,Clear,5.36,1008.3,6.79,0.06,1516906800,205.0,0.1064,3.67,0.1
6.92,clear-night,0.77,6.216,Clear,5.05,1008.4,5.94,0.11,1516910400,206.0,0.0581,3.23,0.1
6.72,clear-night,0.81,6.216,Clear,5.08,1008.6,5.2,0.09,1516914000,200.0,0.0122,3.77,0.1
6.29,partly-cloudy-night,0.82,6.216,Partly Cloudy,4.45,1008.9,5.55,0.34,1516917600,211.0,0.0068,3.45,0.07
5.88,clear-night,0.82,6.216,Clear,4.18,1009.5,4.95,0.18,1516921200,206.0,0.0168,3.02,0.08
5.73,partly-cloudy-night,0.86,6.216,Partly Cloudy,5.73,1010.1,0.5,0.52,1516924800,206.0,0.0,3.53,0.0
4.83,partly-cloudy-night,0.89,6.216,Partly Cloudy,4.83,1010.3,2.09,0.49,1516928400,211.0,0.0,3.11,0.0
4.34,clear-night,0.91,6.216,Clear,4.34,1010.5,1.94,0.06,1516932000,215.0,0.0,3.03,0.0
4.12,clear-night,0.94,4.745,Clear,4.12,1011.0,1.32,0.09,1516935600,233.0,0.0,3.18,0.0
3.48,clear-night,0.94,5.505,Clear,3.48,1011.4,2.05,0.13,1516939200,243.0,0.0,2.62,0.0
3.06,partly-cloudy-night,0.95,5.696,Partly Cloudy,3.06,1012.5,1.6,0.48,1516942800,256.0,0.0,2.38,0.0
3.52,partly-cloudy-night,0.96,5.582,Mostly Cloudy,2.35,1013.3,3.22,0.77,1516946400,310.0,0.0088,3.0,0.06
4.21,partly-cloudy-night,0.96,5.492,Mostly Cloudy,4.21,1014.4,1.73,0.85,1516950000,315.0,0.0416,3.57,0.12
4.68,cloudy,0.92,5.053,Overcast,4.68,1015.6,2.1,0.89,1516953600,327.0,0.0219,3.52,0.12
4.86,partly-cloudy-day,0.9,4.611,Mostly Cloudy,3.79,1016.8,3.36,0.72,1516957200,334.0,0.049,3.32,0.12
5.03,partly-cloudy-day,0.9,4.752,Mostly Cloudy,5.03,1018.1,2.68,0.83,1516960800,330.0,0.0114,3.46,0.09
5.54,partly-cloudy-day,0.86,5.641,Mostly Cloudy,4.06,1019.4,4.34,0.86,1516964400,345.0,0.0126,3.37,0.03
6.02,partly-cloudy-day,0.84,5.888,Mostly Cloudy,4.41,1020.1,4.84,0.78,1516968000,347.0,0.0,3.5,0.0
7.26,partly-cloudy-day,0.78,6.127,Mostly Cloudy,6.58,1020.3,3.26,0.66,1516971600,15.0,0.0,3.61,0.0
7.99,partly-cloudy-day,0.71,6.216,Partly Cloudy,7.11,1020.8,3.87,0.52,1516975200,351.0,0.0092,3.13,0.05
7.89,partly-cloudy-day,0.7,6.216,Mostly Cloudy,6.65,1021.6,4.7,0.63,1516978800,331.0,0.0,2.69,0.0
7.78,partly-cloudy-day,0.69,6.216,Mostly Cloudy,6.69,1022.6,4.26,0.66,1516982400,343.0,0.0,2.38,0.0
7.24,partly-cloudy-night,0.72,6.216,Mostly Cloudy,6.47,1023.8,3.41,0.71,1516986000,334.0,0.0,2.61,0.0
7.35,partly-cloudy-night,0.74,6.197,Mostly Cloudy,7.35,1025.1,2.59,0.86,1516989600,317.0,0.0,2.98,0.0
7.36,cloudy,0.75,6.216,Overcast,7.36,1026.0,2.58,0.93,1516993200,317.0,0.0,3.21,0.0
7.14,cloudy,0.78,6.216,Overcast,7.14,1026.4,1.66,0.91,1516996800,314.0,0.0,3.6,0.0
7.02,cloudy,0.79,6.087,Overcast,7.02,1027.0,2.32,0.88,1517000400,301.0,0.0,3.58,0.0
6.66,cloudy,0.81,6.118,Overcast,6.66,1027.4,2.26,0.91,1517004000,277.0,0.0,3.64,0.0
6.41,cloudy,0.83,5.948,Overcast,6.41,1027.5,0.87,0.94,1517007600,236.0,0.0,3.76,0.0
6.46,cloudy,0.84,5.764,Overcast,6.46,1027.9,0.3,0.88,1517011200,200.0,0.0,3.94,0.0
6.26,cloudy,0.84,5.656,Overcast,6.26,1028.0,1.64,0.88,1517014800,226.0,0.0,3.81,0.0
6.13,cloudy,0.84,5.524,Overcast,6.13,1028.1,2.15,0.93,1517018400,218.0,0.0,3.6,0.0
5.29,partly-cloudy-night,0.86,5.421,Mostly Cloudy,5.29,1028.2,1.55,0.85,1517022000,210.0,0.0,3.09,0.0
4.78,partly-cloudy-night,0.82,5.9,Partly Cloudy,4.78,1028.1,1.93,0.54,1517025600,197.0,0.0,1.89,0.0
4.57,clear-night,0.83,5.945,Clear,4.57,1028.0,2.26,0.29,1517029200,201.0,0.0,1.92,0.0
4.17,clear-night,0.81,6.119,Clear,3.15,1028.0,3.11,0.21,1517032800,204.0,0.0,1.26,0.0
4.17,clear-night,0.82,6.097,Clear,2.36,1027.9,4.56,0.18,1517036400,193.0,0.0,1.32,0.0
4.46,clear-day,0.83,6.133,Clear,2.23,1027.7,5.68,0.19,1517040000,200.0,0.0,1.81,0.0
5.52,clear-day,0.82,6.216,Clear,2.83,1027.4,7.71,0.19,1517043600,201.0,0.0435,2.66,0.1
7.35,clear-day,0.78,6.216,Clear,4.66,1026.9,9.34,0.19,1517047200,217.0,0.3682,3.73,0.18
8.42,clear-day,0.77,6.216,Clear,5.7,1026.3,10.77,0.25,1517050800,212.0,0.3055,4.58,0.19
9.14,partly-cloudy-day,0.79,6.216,Mostly Cloudy,6.39,1025.9,11.9,0.74,1517054400,219.0,0.4203,5.76,0.16
9.11,partly-cloudy-day,0.81,5.963,Mostly Cloudy,6.27,1025.1,12.43,0.85,1517058000,216.0,0.3744,6.01,0.15
8.93,rain,0.85,5.584,Possible Light Rain,6.25,1024.7,11.23,0.92,1517061600,215.0,0.4183,6.49,0.3
8.66,rain,0.91,3.725,Possible Light Rain,6.0,1024.1,10.71,0.92,1517065200,213.0,0.3812,7.27,0.54
8.9,rain,0.92,5.9,Light Rain,6.03,1023.9,12.26,0.92,1517068800,219.0,0.273,7.64,0.68
9.39,rain,0.91,5.633,Possible Drizzle,7.22,1024.0,9.15,0.95,1517072400,224.0,0.1684,8.07,0.56
9.65,cloudy,0.93,5.112,Overcast,7.71,1024.2,8.28,0.92,1517076000,228.0,0.0872,8.57,0.17
10.04,cloudy,0.95,4.27,Overcast,10.04,1024.4,7.75,0.92,1517079600,221.0,0.0195,9.24,0.12
10.46,cloudy,0.96,5.237,Overcast,10.46,1024.9,6.76,0.92,1517083200,233.0,0.01,9.79,0.09
11.0,cloudy,0.94,6.042,Overcast,11.0,1025.2,7.54,0.95,1517086800,240.0,0.0,10.01,0.0
11.12,cloudy,0.93,6.001,Overcast,11.12,1025.8,6.83,0.96,1517090400,257.0,0.0,9.96,0.0
11.04,cloudy,0.91,6.216,Overcast,11.04,1026.0,6.84,0.89,1517094000,252.0,0.0,9.62,0.0
11.19,cloudy,0.89,6.216,Overcast,11.19,1026.8,7.91,0.9,1517097600,248.0,0.0,9.4,0.0
10.47,partly-cloudy-night,0.89,6.216,Mostly Cloudy,10.47,1027.4,6.67,0.63,1517101200,256.0,0.0057,8.75,0.01
10.35,clear-night,0.87,6.216,Clear,10.35,1027.8,6.93,0.04,1517104800,257.0,0.0079,8.35,0.01
9.72,clear-night,0.89,6.216,Clear,8.24,1028.2,6.47,0.06,1517108400,253.0,0.0,7.94,0.0
9.3,clear-night,0.91,6.216,Clear,7.37,1029.0,7.89,0.03,1517112000,258.0,0.0,7.93,0.0
9.52,clear-night,0.92,6.216,Clear,7.87,1029.4,6.97,0.06,1517115600,244.0,0.0,8.29,0.0
9.45,clear-night,0.89,6.216,Clear,7.65,1029.8,7.49,0.07,1517119200,246.0,0.0,7.81,0.0
9.47,partly-cloudy-night,0.89,6.216,Partly Cloudy,7.91,1030.1,6.6,0.42,1517122800,244.0,0.0095,7.77,0.08
10.36,partly-cloudy-day,0.89,6.216,Mostly Cloudy,10.36,1030.4,8.84,0.61,1517126400,247.0,0.0135,8.63,0.09
10.64,cloudy,0.88,6.216,Overcast,10.64,1030.8,8.82,0.92,1517130000,249.0,0.0,8.73,0.0
11.07,partly-cloudy-day,0.87,6.216,Mostly Cloudy,11.07,1031.1,7.75,0.8,1517133600,246.0,0.0193,8.94,0.05
12.08,cloudy,0.82,6.216,Overcast,12.08,1031.5,8.4,0.89,1517137200,256.0,0.0,9.18,0.0
12.52,cloudy,0.81,6.216,Overcast,12.52,1031.5,8.79,0.92,1517140800,251.0,0.0,9.35,0.0
12.95,cloudy,0.79,6.216,Overcast,12.95,1031.1,9.2,0.89,1517144400,251.0,0.0,9.41,0.0
13.12,cloudy,0.79,6.216,Overcast,13.12,1030.9,10.11,0.91,1517148000,261.0,0.0,9.57,0.0
13.33,cloudy,0.78,6.216,Overcast,13.33,1030.7,10.87,0.91,1517151600,253.0,0.0,9.59,0.0
12.61,partly-cloudy-day,0.81,6.216,Mostly Cloudy,12.61,1030.6,9.6,0.79,1517155200,257.0,0.0,9.39,0.0
12.39,cloudy,0.81,6.216,Overcast,12.39,1030.8,8.85,0.95,1517158800,260.0,0.0,9.27,0.0
12.15,cloudy,0.81,6.216,Overcast,12.15,1031.1,9.06,0.95,1517162400,264.0,0.0,8.98,0.0
12.11,cloudy,0.79,6.216,Overcast,12.11,1031.3,10.21,0.94,1517166000,243.0,0.0,8.64,0.0
12.07,cloudy,0.77,6.216,Overcast,12.07,1031.1,8.91,0.92,1517169600,254.0,0.0,8.11,0.0
11.89,cloudy,0.76,6.216,Overcast,11.89,1030.9,10.93,0.95,1517173200,254.0,0.0,7.74,0.0
11.84,cloudy,0.74,6.216,Overcast,11.84,1030.5,11.16,0.92,1517176800,249.0,0.0062,7.3,0.03
11.57,partly-cloudy-night,0.76,6.216,Mostly Cloudy,11.57,1030.1,11.24,0.8,1517180400,248.0,0.0,7.53,0.0
11.46,partly-cloudy-night,0.74,6.216,Mostly Cloudy,11.46,1030.0,12.2,0.81,1517184000,257.0,0.0,6.98,0.0
11.37,cloudy,0.73,6.216,Overcast,11.37,1029.5,11.55,0.98,1517187600,256.0,0.0,6.79,0.0
11.36,cloudy,0.74,6.216,Overcast,11.36,1029.1,12.33,0.99,1517191200,257.0,0.0,6.81,0.0
11.01,cloudy,0.76,6.216,Overcast,11.01,1028.3,10.65,0.94,1517194800,254.0,0.0,6.95,0.0
10.98,cloudy,0.76,6.216,Overcast,10.98,1027.6,11.43,0.99,1517198400,247.0,0.0,6.87,0.0
10.87,cloudy,0.77,6.216,Overcast,10.87,1027.4,11.81,0.94,1517202000,247.0,0.0,6.94,0.0
10.85,cloudy,0.74,6.169,Overcast,10.85,1026.9,10.88,0.92,1517205600,247.0,0.0,6.49,0.0
10.88,cloudy,0.73,6.216,Overcast,10.88,1026.5,10.33,0.92,1517209200,258.0,0.0,6.14,0.0
10.9,cloudy,0.73,6.216,Overcast,10.9,1026.1,9.47,0.92,1517212800,244.0,0.0,6.32,0.0
10.93,cloudy,0.74,6.216,Overcast,10.93,1025.8,10.11,0.92,1517216400,238.0,0.0,6.49,0.0
11.55,partly-cloudy-day,0.73,6.216,Mostly Cloudy,11.55,1025.8,10.06,0.71,1517220000,241.0,0.0,6.82,0.0
11.9,partly-cloudy-day,0.73,6.216,Mostly Cloudy,11.9,1025.8,10.71,0.8,1517223600,242.0,0.0,7.22,0.0
12.12,cloudy,0.74,6.216,Overcast,12.12,1025.1,11.79,0.92,1517227200,251.0,0.027,7.68,0.05
12.4,cloudy,0.75,5.909,Overcast,12.4,1024.7,11.71,0.95,1517230800,250.0,0.0369,8.05,0.07
11.55,cloudy,0.85,5.279,Overcast,11.55,1024.9,10.85,0.92,1517234400,254.0,0.0063,9.12,0.08
11.37,rain,0.9,6.013,Possible Drizzle,11.37,1025.5,8.19,0.88,1517238000,270.0,0.0863,9.86,0.39
10.58,rain,0.78,6.216,Possible Drizzle,10.58,1026.7,9.2,0.72,1517241600,315.0,0.0883,6.96,0.31
9.84,partly-cloudy-night,0.75,6.216,Partly Cloudy,8.56,1028.0,5.87,0.57,1517245200,329.0,0.0264,5.69,0.12
9.28,clear-night,0.71,6.216,Clear,8.3,1028.8,4.62,0.26,1517248800,319.0,0.0,4.31,0.0
8.35,clear-night,0.69,6.216,Clear,7.25,1029.7,4.51,0.09,1517252400,310.0,0.0,3.02,0.0
7.72,clear-night,0.72,6.216,Clear,6.89,1030.7,3.67,0.1,1517256000,314.0,0.0,2.89,0.0
7.03,clear-night,0.74,6.216,Clear,5.98,1031.2,3.91,0.0,1517259600,312.0,0.0,2.76,0.0
6.49,clear-night,0.73,6.216,Clear,5.38,1031.8,3.89,0.0,1517263200,318.0,0.0,1.92,0.0
5.69,clear-night,0.74,6.14,Clear,4.39,1032.1,4.0,0.0,1517266800,315.0,0.0,1.38,0.0
4.87,clear-night,0.77,6.216,Clear,4.87,1032.4,0.3,0.0,1517270400,270.0,0.0,1.12,0.0
3.28,clear-night,0.83,6.216,Clear,3.28,1032.4,0.73,0.0,1517274000,262.0,0.0116,0.7,0.05
2.82,clear-night,0.86,5.966,Clear,2.82,1032.3,0.69,0.0,1517277600,235.0,0.0,0.78,0.0
1.99,clear-night,0.89,5.994,Clear,1.99,1032.0,1.11,0.0,1517281200,252.0,0.0,0.33,0.0
1.71,clear-night,0.93,6.104,Clear,1.71,1031.6,1.05,0.0,1517284800,226.0,0.0,0.68,0.0
1.38,clear-night,0.93,5.754,Clear,1.38,1031.5,1.21,0.0,1517288400,233.0,0.0,0.44,0.0
1.29,clear-night,0.95,6.214,Clear,1.29,1031.2,1.33,0.0,1517292000,219.0,0.0,0.52,0.0
0.94,clear-night,0.94,6.216,Clear,0.94,1031.0,1.5,0.12,1517295600,221.0,0.0,0.14,0.0
0.81,partly-cloudy-day,0.95,5.826,Partly Cloudy,0.81,1030.9,0.49,0.32,1517299200,190.0,0.0,0.1,0.0
1.5,clear-day,0.96,6.216,Clear,1.5,1030.8,2.24,0.22,1517302800,207.0,0.0,0.97,0.0
3.99,clear-day,0.89,6.216,Clear,3.99,1030.0,2.08,0.22,1517306400,196.0,0.0074,2.37,0.04
6.26,clear-day,0.74,6.216,Clear,6.26,1029.7,2.55,0.26,1517310000,234.0,0.0303,1.96,0.15
7.33,clear-day,0.69,6.216,Clear,6.18,1028.4,4.23,0.26,1517313600,202.0,0.0379,1.95,0.11
8.57,clear-day,0.6,6.216,Clear,7.62,1027.3,4.23,0.26,1517317200,208.0,0.0293,1.34,0.04
8.54,partly-cloudy-day,0.69,6.216,Mostly Cloudy,6.93,1026.0,6.09,0.6,1517320800,217.0,0.0159,3.07,0.04
8.2,partly-cloudy-day,0.72,6.216,Mostly Cloudy,6.87,1025.1,5.05,0.86,1517324400,205.0,0.014,3.43,0.09
8.13,partly-cloudy-day,0.73,6.216,Mostly Cloudy,7.0,1023.7,4.53,0.75,1517328000,185.0,0.0238,3.49,0.09
7.4,partly-cloudy-night,0.79,6.216,Mostly Cloudy,6.1,1022.6,4.63,0.66,1517331600,191.0,0.0073,3.91,0.02
7.06,partly-cloudy-night,0.83,6.216,Partly Cloudy,5.99,1021.6,3.98,0.4,1517335200,186.0,0.0076,4.33,0.02
7.51,partly-cloudy-night,0.81,6.216,Mostly Cloudy,5.97,1020.6,5.31,0.78,1517338800,197.0,0.027,4.44,0.06
7.54,cloudy,0.8,6.125,Overcast,5.58,1019.4,6.63,0.95,1517342400,195.0,0.0174,4.37,0.06
7.39,cloudy,0.87,3.884,Overcast,5.65,1017.9,5.82,0.92,1517346000,199.0,0.0941,5.42,0.17
7.94,cloudy,0.94,2.907,Overcast,6.02,1016.5,6.75,0.92,1517349600,208.0,0.2741,7.07,0.21
8.93,cloudy,0.94,3.773,Overcast,7.01,1014.9,7.56,0.95,1517353200,221.0,0.0483,8.09,0.22
9.84,rain,0.94,5.788,Possible Drizzle,7.64,1013.4,9.77,0.94,1517356800,224.0,0.0657,8.99,0.41
10.14,partly-cloudy-night,0.9,3.023,Mostly Cloudy,10.14,1012.1,11.26,0.8,1517360400,225.0,0.0656,8.61,0.25
9.71,rain,0.87,6.216,Possible Drizzle,7.27,1010.7,10.96,0.77,1517364000,233.0,0.0896,7.66,0.28
9.54,cloudy,0.84,5.952,Overcast,6.95,1010.4,11.59,0.92,1517367600,247.0,0.0136,6.99,0.13
8.71,partly-cloudy-night,0.87,6.216,Mostly Cloudy,5.68,1009.6,12.91,0.83,1517371200,253.0,0.0298,6.61,0.08
8.64,partly-cloudy-night,0.83,6.216,Mostly Cloudy,6.26,1008.7,9.3,0.71,1517374800,250.0,0.0358,5.96,0.09
8.62,partly-cloudy-night,0.84,6.214,Mostly Cloudy,6.07,1007.9,10.06,0.75,1517378400,233.0,0.0155,6.03,0.07
8.64,cloudy,0.84,6.216,Overcast,6.08,1006.7,10.16,0.94,1517382000,230.0,0.0057,6.04,0.02
8.19,rain,0.91,6.216,Possible Drizzle,5.66,1006.1,9.45,0.92,1517385600,242.0,0.2104,6.75,0.63
8.49,rain,0.87,6.216,Possible Drizzle,6.06,1005.3,9.3,0.76,1517389200,248.0,0.216,6.38,0.65
8.84,rain,0.78,6.091,Possible Drizzle,5.94,1004.9,12.39,0.63,1517392800,248.0,0.1011,5.2,0.37
6.68,rain,0.8,5.612,Possible Drizzle,3.43,1005.3,11.21,0.69,1517396400,279.0,0.0574,3.47,0.29
6.21,rain,0.81,6.14,Possible Light Rain,2.86,1005.3,11.12,0.7,1517400000,287.0,0.3317,3.15,0.58
6.16,rain,0.76,6.216,Possible Drizzle,3.41,1004.0,8.43,0.7,1517403600,260.0,0.2087,2.33,0.55
6.18,clear-day,0.76,6.216,Clear,3.21,1003.3,9.33,0.15,1517407200,256.0,0.0246,2.33,0.18
6.48,clear-day,0.68,6.216,Clear,3.04,1002.8,11.92,0.26,1517410800,269.0,0.0189,1.07,0.06
6.7,partly-cloudy-day,0.66,6.216,Partly Cloudy,3.18,1002.4,12.7,0.47,1517414400,284.0,0.0093,0.69,0.04
5.55,partly-cloudy-night,0.6,6.216,Partly Cloudy,2.59,1002.4,8.74,0.45,1517418000,264.0,0.0,-1.62,0.0
4.95,clear-night,0.67,6.216,Clear,2.13,1002.4,7.72,0.06,1517421600,261.0,0.0,-0.6,0.0
4.54,clear-night,0.7,6.216,Clear,1.89,1001.8,6.9,0.06,1517425200,239.0,0.0,-0.45,0.0
4.0,clear-night,0.73,6.216,Clear,0.93,1001.8,7.91,0.0,1517428800,243.0,0.0,-0.48,0.0
3.63,clear-night,0.75,6.216,Clear,0.84,1001.5,6.79,0.0,1517432400,234.0,0.0065,-0.41,0.05
3.49,clear-night,0.78,6.216,Clear,0.52,1001.1,7.24,0.0,1517436000,248.0,0.0231,-0.04,0.05
3.08,clear-night,0.8,6.216,Clear,0.15,1000.7,6.85,0.04,1517439600,232.0,0.0,0.01,0.0
3.06,partly-cloudy-night,0.81,6.216,Partly Cloudy,0.34,1000.3,6.26,0.47,1517443200,225.0,0.0,0.11,0.0
3.01,partly-cloudy-night,0.81,6.216,Partly Cloudy,-0.18,999.7,7.6,0.57,1517446800,237.0,0.0,0.12,0.0
3.31,partly-cloudy-night,0.81,6.216,Partly Cloudy,0.46,999.1,6.76,0.38,1517450400,240.0,0.0,0.29,0.0
3.39,partly-cloudy-night,0.82,6.216,Mostly Cloudy,0.18,998.9,7.93,0.74,1517454000,250.0,0.0,0.54,0.0
3.87,partly-cloudy-night,0.81,6.216,Mostly Cloudy,0.76,998.9,7.91,0.71,1517457600,254.0,0.0,0.95,0.0
4.35,partly-cloudy-night,0.81,6.216,Mostly Cloudy,1.13,999.7,8.68,0.85,1517461200,292.0,0.0,1.46,0.0
4.48,partly-cloudy-night,0.71,6.214,Mostly Cloudy,0.99,1000.6,9.86,0.68,1517464800,309.0,0.0,-0.31,0.0
3.58,clear-night,0.77,6.216,Clear,0.65,1001.3,7.14,0.16,1517468400,292.0,0.0,-0.16,0.0
3.67,partly-cloudy-day,0.78,6.216,Partly Cloudy,0.48,1001.9,8.07,0.32,1517472000,294.0,0.0,0.11,0.0
4.47,partly-cloudy-day,0.75,6.216,Partly Cloudy,1.28,1002.6,8.68,0.37,1517475600,290.0,0.0,0.45,0.0
5.6,partly-cloudy-day,0.7,6.216,Mostly Cloudy,2.27,1003.1,10.32,0.63,1517479200,302.0,0.0,0.59,0.0
6.8,partly-cloudy-day,0.64,6.216,Partly Cloudy,3.05,1003.5,14.18,0.56,1517482800,300.0,0.0,0.38,0.0
7.25,partly-cloudy-day,0.6,6.216,Mostly Cloudy,3.82,1003.3,13.03,0.61,1517486400,309.0,0.0144,0.09,0.13
7.54,partly-cloudy-day,0.6,6.216,Mostly Cloudy,3.8,1003.4,15.48,0.67,1517490000,304.0,0.0217,0.21,0.13
7.47,partly-cloudy-day,0.58,6.216,Mostly Cloudy,4.45,1003.6,11.01,0.65,1517493600,312.0,0.0222,-0.26,0.15
6.69,partly-cloudy-day,0.66,6.216,Mostly Cloudy,3.05,1003.8,13.39,0.66,1517497200,308.0,0.0169,0.84,0.16
6.62,partly-cloudy-day,0.65,6.216,Partly Cloudy,3.73,1004.3,9.46,0.58,1517500800,298.0,0.0,0.49,0.0
6.9,partly-cloudy-night,0.64,6.14,Mostly Cloudy,4.14,1004.6,9.17,0.76,1517504400,296.0,0.0,0.53,0.0
6.94,partly-cloudy-night,0.65,6.058,Mostly Cloudy,4.42,1005.3,8.21,0.75,1517508000,300.0,0.0232,0.73,0.07
5.19,rain,0.8,5.219,Possible Drizzle,2.28,1006.1,8.22,0.86,1517511600,321.0,0.1518,2.04,0.29
5.1,rain,0.85,6.216,Possible Drizzle,2.49,1006.8,7.12,0.78,1517515200,316.0,0.1972,2.75,0.35
5.74,partly-cloudy-night,0.74,6.216,Partly Cloudy,2.76,1007.2,8.99,0.5,1517518800,312.0,0.0352,1.42,0.15
5.92,cloudy,0.72,6.216,Overcast,3.03,1007.6,8.82,0.92,1517522400,307.0,0.0487,1.23,0.22
5.77,partly-cloudy-night,0.7,6.216,Partly Cloudy,2.9,1008.0,8.58,0.48,1517526000,308.0,0.0,0.71,0.0
5.37,clear-night,0.7,6.216,Clear,2.32,1008.2,8.89,0.25,1517529600,303.0,0.0,0.3,0.0
4.51,clear-night,0.74,6.216,Clear,1.64,1008.4,7.58,0.11,1517533200,301.0,0.0,0.31,0.0
4.34,clear-night,0.77,6.216,Clear,1.24,1008.5,8.24,0.04,1517536800,305.0,0.0,0.57,0.0
4.46,cloudy,0.77,6.216,Overcast,1.8,1008.8,6.89,0.92,1517540400,291.0,0.0,0.74,0.0
4.58,partly-cloudy-night,0.76,6.216,Partly Cloudy,1.26,1008.9,9.28,0.59,1517544000,306.0,0.0,0.78,0.0
5.27,partly-cloudy-night,0.72,6.216,Mostly Cloudy,2.6,1009.1,7.48,0.72,1517547600,314.0,0.0,0.67,0.0
5.01,partly-cloudy-night,0.72,6.214,Mostly Cloudy,1.93,1009.2,8.71,0.61,1517551200,306.0,0.0,0.46,0.0
4.16,partly-cloudy-night,0.76,6.216,Partly Cloudy,1.12,1009.5,7.88,0.41,1517554800,313.0,0.0,0.26,0.0
4.12,partly-cloudy-day,0.76,6.216,Mostly Cloudy,0.85,1010.0,8.68,0.6,1517558400,301.0,0.0,0.35,0.0
4.43,partly-cloudy-day,0.76,6.216,Partly Cloudy,1.57,1010.6,7.48,0.49,1517562000,312.0,0.0,0.56,0.0
5.42,partly-cloudy-day,0.73,6.216,Mostly Cloudy,2.49,1011.0,8.48,0.65,1517565600,309.0,0.0,1.01,0.0
6.36,partly-cloudy-day,0.69,6.216,Mostly Cloudy,3.07,1011.2,11.01,0.72,1517569200,323.0,0.016,1.08,0.05
6.79,partly-cloudy-day,0.66,6.216,Mostly Cloudy,3.66,1011.1,10.74,0.79,1517572800,322.0,0.0,0.87,0.0
7.31,cloudy,0.65,6.216,Overcast,4.57,1011.1,9.48,0.89,1517576400,329.0,0.0,1.17,0.0
7.3,cloudy,0.64,6.216,Overcast,4.53,1011.0,9.66,0.92,1517580000,331.0,0.0,0.96,0.0
7.04,cloudy,0.66,6.216,Overcast,4.43,1011.2,8.68,0.92,1517583600,322.0,0.0,1.09,0.0
6.99,partly-cloudy-day,0.65,6.216,Mostly Cloudy,4.55,1011.6,7.92,0.76,1517587200,329.0,0.0,0.85,0.0
6.73,partly-cloudy-night,0.66,6.178,Mostly Cloudy,4.71,1011.8,6.3,0.66,1517590800,327.0,0.0,0.82,0.0
6.04,partly-cloudy-night,0.68,6.216,Mostly Cloudy,5.21,1012.2,3.23,0.61,1517594400,313.0,0.0,0.55,0.0
5.96,partly-cloudy-night,0.69,6.216,Partly Cloudy,5.96,1012.5,2.24,0.52,1517598000,306.0,0.0,0.76,0.0
6.16,partly-cloudy-night,0.69,6.216,Partly Cloudy,6.16,1012.5,2.57,0.43,1517601600,309.0,0.0061,0.91,0.01
5.87,partly-cloudy-night,0.69,6.216,Partly Cloudy,5.87,1012.3,1.91,0.47,1517605200,298.0,0.0,0.65,0.0
5.47,partly-cloudy-night,0.72,6.216,Partly Cloudy,5.47,1012.1,2.55,0.38,1517608800,294.0,0.0,0.91,0.0
5.39,partly-cloudy-night,0.72,6.216,Partly Cloudy,5.39,1012.1,2.32,0.39,1517612400,279.0,0.0,0.74,0.0
5.28,cloudy,0.73,6.216,Overcast,5.28,1011.8,0.4,0.97,1517616000,257.0,0.0,0.8,0.0
4.94,partly-cloudy-night,0.76,6.216,Mostly Cloudy,4.94,1011.0,2.42,0.81,1517619600,248.0,0.0,0.97,0.0
4.61,clear-night,0.76,6.216,Clear,4.61,1010.3,1.95,0.26,1517623200,251.0,0.0,0.66,0.0
4.46,clear-night,0.78,6.216,Clear,4.46,1009.7,1.95,0.24,1517626800,241.0,0.0,0.9,0.0
4.33,partly-cloudy-night,0.76,6.216,Partly Cloudy,4.33,1008.7,1.7,0.32,1517630400,237.0,0.0,0.5,0.0
3.99,clear-night,0.79,6.216,Clear,3.99,1008.1,1.73,0.25,1517634000,226.0,0.0,0.7,0.0
4.05,partly-cloudy-night,0.79,6.216,Partly Cloudy,4.05,1007.8,2.37,0.54,1517637600,242.0,0.0,0.75,0.0
3.89,partly-cloudy-night,0.83,6.216,Partly Cloudy,3.89,1007.5,2.87,0.56,1517641200,270.0,0.0133,1.29,0.15
3.65,partly-cloudy-day,0.88,6.043,Partly Cloudy,3.65,1007.3,2.74,0.53,1517644800,292.0,0.0608,1.78,0.23
3.68,rain,0.89,6.129,Possible Drizzle,3.68,1006.9,2.59,0.77,1517648400,293.0,0.0657,1.96,0.3
4.13,rain,0.86,6.106,Possible Drizzle,4.13,1006.6,1.56,0.48,1517652000,233.0,0.0978,2.08,0.31
4.15,rain,0.88,5.841,Possible Drizzle,4.15,1006.3,2.76,0.9,1517655600,185.0,0.0934,2.28,0.3
4.32,rain,0.87,5.833,Possible Drizzle,4.32,1005.8,2.42,0.75,1517659200,163.0,0.1927,2.29,0.5
4.24,rain,0.88,5.678,Possible Drizzle,4.24,1005.5,1.62,0.83,1517662800,150.0,0.2119,2.35,0.55
4.44,rain,0.89,5.628,Possible Light Rain,4.44,1005.3,0.95,0.95,1517666400,158.0,0.2798,2.77,0.56
4.2,rain,0.88,5.814,Possible Light Rain,4.2,1005.3,1.12,0.92,1517670000,107.0,0.3285,2.43,0.58
4.18,rain,0.89,6.102,Possible Light Rain,4.18,1005.6,1.92,0.95,1517673600,65.0,0.2922,2.56,0.59
4.11,rain,0.9,6.016,Possible Light Rain,4.11,1006.3,2.12,0.92,1517677200,47.0,0.2601,2.68,0.59
4.04,rain,0.9,5.962,Possible Drizzle,4.04,1007.1,1.64,0.9,1517680800,42.0,0.1729,2.6,0.57
3.89,rain,0.89,6.189,Possible Drizzle,3.89,1007.8,2.01,0.79,1517684400,42.0,0.1192,2.26,0.53
4.05,rain,0.9,5.712,Possible Drizzle,4.05,1008.6,2.33,0.88,1517688000,34.0,0.0621,2.57,0.34
4.28,rain,0.9,5.574,Possible Drizzle,3.2,1009.6,3.23,0.91,1517691600,36.0,0.0349,2.82,0.26
4.24,partly-cloudy-night,0.89,5.506,Mostly Cloudy,2.82,1011.0,3.8,0.75,1517695200,22.0,0.0294,2.63,0.17
3.95,partly-cloudy-night,0.9,5.533,Mostly Cloudy,2.16,1012.0,4.43,0.74,1517698800,23.0,0.0211,2.39,0.12
4.09,partly-cloudy-night,0.88,5.945,Mostly Cloudy,2.26,1013.1,4.58,0.8,1517702400,29.0,0.0346,2.25,0.2
3.87,cloudy,0.88,6.111,Overcast,1.81,1014.4,5.01,0.91,1517706000,36.0,0.036,2.08,0.16
3.96,partly-cloudy-night,0.84,6.216,Mostly Cloudy,1.91,1015.5,5.0,0.77,1517709600,25.0,0.01,1.52,0.02
3.76,partly-cloudy-night,0.84,6.216,Mostly Cloudy,1.24,1016.8,6.09,0.77,1517713200,29.0,0.0195,1.23,0.11
3.45,cloudy,0.8,6.216,Overcast,0.64,1018.0,6.75,0.94,1517716800,28.0,0.0181,0.25,0.12
3.39,cloudy,0.67,6.216,Overcast,0.77,1019.6,6.17,0.94,1517720400,39.0,0.0071,-2.08,0.02
3.25,cloudy,0.68,6.216,Overcast,0.69,1020.8,5.93,0.94,1517724000,29.0,0.0164,-2.04,0.04
2.97,partly-cloudy-night,0.7,6.216,Mostly Cloudy,0.41,1021.9,5.81,0.77,1517727600,19.0,0.0,-1.98,0.0
2.97,partly-cloudy-day,0.72,6.216,Partly Cloudy,0.1,1023.2,6.62,0.39,1517731200,13.0,0.0,-1.57,0.0
3.31,partly-cloudy-day,0.73,6.216,Mostly Cloudy,0.84,1024.3,5.72,0.77,1517734800,25.0,0.0,-1.05,0.0
3.61,partly-cloudy-day,0.72,6.216,Mostly Cloudy,0.88,1025.1,6.6,0.74,1517738400,20.0,0.0,-1.0,0.0
4.14,partly-cloudy-day,0.72,6.216,Mostly Cloudy,1.16,1025.7,7.65,0.82,1517742000,30.0,0.0,-0.49,0.0
4.71,partly-cloudy-day,0.71,6.216,Mostly Cloudy,1.7,1025.9,8.2,0.7,1517745600,41.0,0.0,-0.16,0.0
5.09,partly-cloudy-day,0.71,6.216,Mostly Cloudy,2.28,1026.1,7.8,0.82,1517749200,27.0,0.0663,0.21,0.09
5.15,partly-cloudy-day,0.7,6.216,Mostly Cloudy,2.54,1026.3,7.18,0.86,1517752800,38.0,0.034,0.14,0.09
5.47,partly-cloudy-day,0.67,6.216,Mostly Cloudy,2.88,1026.5,7.35,0.82,1517756400,31.0,0.0132,-0.21,0.11
5.06,partly-cloudy-day,0.69,6.065,Mostly Cloudy,2.57,1027.0,6.75,0.78,1517760000,35.0,0.0,-0.13,0.0
4.92,cloudy,0.67,6.216,Overcast,2.54,1027.7,6.32,0.89,1517763600,37.0,0.0055,-0.74,0.04
4.49,cloudy,0.7,6.216,Overcast,1.92,1028.2,6.6,0.89,1517767200,38.0,0.0065,-0.55,0.03
3.53,partly-cloudy-night,0.74,6.216,Mostly Cloudy,1.2,1028.5,5.5,0.74,1517770800,23.0,0.0,-0.59,0.0
3.15,clear-night,0.77,6.216,Clear,0.65,1028.9,5.75,0.19,1517774400,14.0,0.011,-0.42,0.09
2.32,clear-night,0.83,6.216,Clear,0.14,1029.1,4.69,0.1,1517778000,15.0,0.011,-0.27,0.09
2.41,partly-cloudy-night,0.82,6.216,Mostly Cloudy,0.01,1029.1,5.18,0.84,1517781600,17.0,0.0,-0.29,0.0
2.44,cloudy,0.83,6.216,Overcast,0.44,1029.1,4.37,0.93,1517785200,24.0,0.0,-0.07,0.0
2.54,cloudy,0.82,6.216,Overcast,0.22,1029.0,5.06,1.0,1517788800,29.0,0.0,-0.29,0.0
2.48,clear-night,0.82,6.216,Clear,0.36,1028.8,4.63,0.26,1517792400,20.0,0.0,-0.24,0.0
2.49,clear-night,0.81,6.216,Clear,-0.11,1028.7,5.7,0.31,1517796000,18.0,0.0,-0.4,0.0
2.71,partly-cloudy-night,0.78,6.216,Partly Cloudy,0.48,1028.5,4.94,0.32,1517799600,28.0,0.0,-0.75,0.0
2.45,clear-night,0.78,6.216,Clear,0.19,1028.4,4.9,0.26,1517803200,26.0,0.0,-0.94,0.0
2.25,clear-night,0.78,6.216,Clear,-0.51,1028.1,5.97,0.27,1517806800,19.0,0.0,-1.13,0.0
1.9,clear-night,0.78,6.214,Clear,-0.71,1027.9,5.44,0.12,1517810400,43.0,0.0,-1.56,0.0
1.77,partly-cloudy-night,0.77,6.216,Partly Cloudy,-0.8,1027.9,5.31,0.5,1517814000,34.0,0.0,-1.9,0.0
1.8,clear-day,0.78,6.216,Clear,-0.7,1027.9,5.17,0.27,1517817600,35.0,0.0,-1.71,0.0
1.9,partly-cloudy-day,0.79,3.47,Mostly Cloudy,-0.74,1027.7,5.51,0.63,1517821200,44.0,0.0,-1.4,0.0
2.45,partly-cloudy-day,0.78,6.216,Mostly Cloudy,-0.26,1027.4,5.92,0.7,1517824800,36.0,0.0053,-1.02,0.03
3.1,partly-cloudy-day,0.77,6.216,Mostly Cloudy,0.49,1027.1,5.98,0.73,1517828400,36.0,0.0227,-0.56,0.04
3.72,partly-cloudy-day,0.76,6.216,Mostly Cloudy,1.1,1026.6,6.33,0.67,1517832000,39.0,0.0175,-0.13,0.11
4.35,partly-cloudy-day,0.7,6.216,Partly Cloudy,1.78,1025.8,6.56,0.43,1517835600,46.0,0.1001,-0.61,0.12
4.46,partly-cloudy-day,0.71,6.216,Mostly Cloudy,1.85,1025.3,6.75,0.73,1517839200,55.0,0.0995,-0.37,0.11
4.34,partly-cloudy-day,0.68,6.216,Mostly Cloudy,1.62,1024.7,6.98,0.85,1517842800,52.0,0.0136,-1.09,0.1
4.28,cloudy,0.69,6.216,Overcast,1.83,1024.2,6.14,0.9,1517846400,60.0,0.0184,-0.98,0.09
3.91,partly-cloudy-night,0.69,6.216,Mostly Cloudy,1.79,1024.0,5.16,0.86,1517850000,56.0,0.0073,-1.2,0.09
3.73,partly-cloudy-night,0.69,6.216,Mostly Cloudy,1.76,1023.8,4.75,0.87,1517853600,47.0,0.0331,-1.47,0.09
3.44,cloudy,0.66,6.216,Overcast,1.46,1023.6,4.65,0.9,1517857200,46.0,0.0238,-2.26,0.1
3.17,partly-cloudy-night,0.72,6.216,Mostly Cloudy,1.15,1023.3,4.64,0.79,1517860800,43.0,0.0113,-1.32,0.09
2.89,partly-cloudy-night,0.74,6.216,Mostly Cloudy,1.77,1023.1,3.0,0.75,1517864400,38.0,0.0,-1.29,0.0
2.77,partly-cloudy-night,0.73,6.216,Mostly Cloudy,1.46,1022.7,3.27,0.83,1517868000,23.0,0.0,-1.55,0.0
2.68,cloudy,0.73,6.216,Overcast,0.92,1022.0,4.0,0.97,1517871600,20.0,0.0,-1.71,0.0
2.54,cloudy,0.73,6.216,Overcast,0.55,1021.3,4.39,1.0,1517875200,12.0,0.0,-1.88,0.0
2.46,cloudy,0.73,6.216,Overcast,0.7,1020.6,3.93,1.0,1517878800,21.0,0.0,-1.96,0.0
2.28,cloudy,0.72,6.216,Overcast,0.85,1019.9,3.34,0.96,1517882400,20.0,0.0,-2.2,0.0
2.27,cloudy,0.73,6.216,Overcast,0.59,1019.3,3.75,0.99,1517886000,25.0,0.0,-2.16,0.0
2.26,cloudy,0.73,6.216,Overcast,0.3,1018.9,4.24,0.99,1517889600,8.0,0.0,-2.13,0.0
1.99,cloudy,0.75,6.216,Overcast,-0.01,1018.5,4.23,0.99,1517893200,7.0,0.0,-2.07,0.0
1.8,cloudy,0.75,6.214,Overcast,0.0,1018.2,3.82,0.95,1517896800,5.0,0.0,-2.14,0.0
1.78,cloudy,0.75,6.216,Overcast,-0.3,1018.0,4.31,0.92,1517900400,2.0,0.0,-2.15,0.0
1.74,partly-cloudy-day,0.76,6.11,Partly Cloudy,-0.15,1018.0,3.96,0.45,1517904000,8.0,0.0,-2.08,0.0
1.81,partly-cloudy-day,0.78,6.084,Partly Cloudy,-0.39,1018.0,4.56,0.33,1517907600,12.0,0.0,-1.57,0.0
2.11,clear-day,0.77,6.216,Clear,-0.26,1017.5,4.99,0.18,1517911200,17.0,0.0,-1.55,0.0
3.42,clear-day,0.68,6.216,Clear,0.87,1017.3,5.98,0.15,1517914800,14.0,0.0,-1.9,0.0
3.45,partly-cloudy-day,0.64,6.216,Partly Cloudy,0.59,1017.1,6.87,0.37,1517918400,12.0,0.0,-2.72,0.0
3.62,partly-cloudy-day,0.6,6.216,Partly Cloudy,0.44,1016.8,7.96,0.58,1517922000,357.0,0.0,-3.45,0.0
3.83,partly-cloudy-day,0.52,6.216,Partly Cloudy,0.7,1016.4,7.99,0.49,1517925600,357.0,0.022,-5.04,0.21
3.5,partly-cloudy-day,0.58,6.216,Partly Cloudy,0.68,1016.1,6.76,0.46,1517929200,4.0,0.0555,-3.98,0.21
3.11,partly-cloudy-day,0.56,6.216,Mostly Cloudy,0.21,1016.3,6.77,0.67,1517932800,4.0,0.0,-4.94,0.0
2.56,clear-night,0.62,6.216,Clear,-0.12,1016.7,5.91,0.16,1517936400,4.0,0.0,-4.07,0.0
1.93,clear-night,0.61,6.216,Clear,-0.38,1017.2,4.82,0.1,1517940000,4.0,0.0,-4.82,0.0
1.49,clear-night,0.63,6.216,Clear,-0.88,1017.7,4.77,0.16,1517943600,352.0,0.0,-4.74,0.0
1.19,clear-night,0.66,6.216,Clear,-0.33,1017.9,3.26,0.21,1517947200,354.0,0.0,-4.49,0.0
1.18,clear-night,0.71,6.216,Clear,-0.56,1018.4,3.57,0.26,1517950800,348.0,0.0,-3.45,0.0
1.16,clear-night,0.74,5.946,Clear,1.16,1018.3,2.94,0.25,1517954400,344.0,0.0,-3.0,0.0
1.26,partly-cloudy-night,0.77,5.475,Partly Cloudy,-0.39,1018.3,3.45,0.33,1517958000,334.0,0.0,-2.35,0.0
1.25,partly-cloudy-night,0.84,4.16,Mostly Cloudy,-0.99,1018.2,4.47,0.74,1517961600,327.0,0.0,-1.13,0.0
1.75,cloudy,0.85,3.79,Overcast,-0.68,1018.1,5.0,0.92,1517965200,327.0,0.0,-0.5,0.0
1.8,partly-cloudy-night,0.82,5.615,Mostly Cloudy,-0.74,1018.3,5.24,0.83,1517968800,333.0,0.0,-0.87,0.0
1.79,partly-cloudy-night,0.78,6.092,Mostly Cloudy,-1.01,1018.4,5.84,0.79,1517972400,331.0,0.0,-1.58,0.0
1.86,partly-cloudy-night,0.74,6.15,Mostly Cloudy,-1.03,1018.4,6.11,0.81,1517976000,336.0,0.0,-2.26,0.0
1.76,partly-cloudy-night,0.74,6.128,Mostly Cloudy,-1.16,1018.6,6.11,0.84,1517979600,348.0,0.0,-2.31,0.0
1.81,partly-cloudy-night,0.73,5.836,Mostly Cloudy,-1.36,1018.7,6.8,0.87,1517983200,349.0,0.0,-2.48,0.0
1.3,partly-cloudy-night,0.74,6.216,Mostly Cloudy,-1.32,1019.0,5.23,0.75,1517986800,342.0,0.0,-2.78,0.0
1.28,partly-cloudy-day,0.73,6.216,Partly Cloudy,-1.47,1019.5,5.51,0.54,1517990400,336.0,0.0,-3.0,0.0
1.52,partly-cloudy-day,0.73,6.216,Partly Cloudy,-1.43,1020.2,6.07,0.44,1517994000,338.0,0.0,-2.74,0.0
2.09,partly-cloudy-day,0.71,6.216,Partly Cloudy,-0.9,1020.5,6.44,0.56,1517997600,339.0,0.0,-2.57,0.0
2.95,partly-cloudy-day,0.69,6.216,Partly Cloudy,-0.53,1021.1,8.47,0.32,1518001200,337.0,0.0132,-2.16,0.06
3.82,clear-day,0.67,6.216,Clear,1.19,1021.2,6.39,0.06,1518004800,357.0,0.0174,-1.84,0.05
4.91,clear-day,0.65,6.216,Clear,2.68,1020.9,5.92,0.16,1518008400,349.0,0.0212,-1.05,0.04
5.14,partly-cloudy-day,0.63,6.216,Partly Cloudy,2.54,1020.5,7.13,0.32,1518012000,352.0,0.0225,-1.25,0.08
5.57,partly-cloudy-day,0.62,6.216,Partly Cloudy,3.7,1020.5,5.28,0.36,1518015600,0.0,0.0146,-1.19,0.08
5.04,partly-cloudy-day,0.63,6.216,Partly Cloudy,3.69,1020.5,3.92,0.45,1518019200,355.0,0.0064,-1.46,0.02
4.38,partly-cloudy-night,0.64,6.216,Partly Cloudy,2.37,1020.9,5.08,0.45,1518022800,336.0,0.0,-1.86,0.0
3.73,clear-night,0.65,6.216,Clear,2.45,1021.3,3.44,0.2,1518026400,334.0,0.0,-2.2,0.0
2.92,clear-night,0.65,6.216,Clear,2.92,1021.8,2.78,0.28,1518030000,319.0,0.0,-3.09,0.0
2.37,clear-night,0.61,6.216,Clear,2.37,1022.0,1.59,0.25,1518033600,300.0,0.0,-4.36,0.0
2.43,clear-night,0.58,6.216,Clear,2.43,1022.0,1.46,0.21,1518037200,294.0,0.0,-4.92,0.0
0.78,clear-night,0.7,6.216,Clear,0.78,1021.8,1.04,0.22,1518040800,255.0,0.0,-4.12,0.0
-0.15,clear-night,0.72,6.216,Clear,-0.15,1021.8,1.22,0.0,1518044400,226.0,0.0,-4.66,0.0
-0.59,clear-night,0.76,6.216,Clear,-0.59,1021.7,0.26,0.1,1518048000,223.0,0.0,-4.21,0.0
-1.11,clear-night,0.79,6.216,Clear,-1.11,1021.6,1.07,0.14,1518051600,224.0,0.0,-4.35,0.0
-1.68,clear-night,0.82,6.216,Clear,-1.68,1021.4,1.06,0.04,1518055200,218.0,0.0,-4.31,0.0
-2.09,clear-night,0.84,6.216,Clear,-2.09,1021.2,1.19,0.0,1518058800,217.0,0.0,-4.48,0.0
-1.88,clear-night,0.83,6.216,Clear,-1.88,1020.8,1.27,0.02,1518062400,204.0,0.0,-4.41,0.0
-1.49,clear-night,0.8,6.216,Clear,-1.49,1020.4,1.8,0.03,1518066000,213.0,0.0,-4.48,0.0
-0.94,clear-night,0.75,6.214,Clear,-0.94,1020.4,2.22,0.0,1518069600,226.0,0.0,-4.86,0.0
-0.99,clear-night,0.75,6.216,Clear,-0.99,1020.1,2.47,0.05,1518073200,220.0,0.0,-4.78,0.0
-0.84,clear-day,0.76,6.216,Clear,-0.84,1020.2,2.82,0.08,1518076800,209.0,0.0,-4.61,0.0
0.78,partly-cloudy-day,0.74,6.216,Partly Cloudy,-1.03,1019.9,3.61,0.43,1518080400,226.0,0.0,-3.3,0.0
3.46,clear-day,0.67,6.216,Clear,1.5,1019.6,4.62,0.22,1518084000,212.0,0.0,-1.99,0.0
5.82,clear-day,0.66,6.216,Clear,3.86,1019.3,5.62,0.3,1518087600,212.0,0.0,-0.05,0.0
7.16,partly-cloudy-day,0.65,6.216,Partly Cloudy,5.13,1018.9,6.61,0.42,1518091200,220.0,0.0,0.94,0.0
7.19,partly-cloudy-day,0.67,6.216,Partly Cloudy,4.97,1018.0,7.27,0.35,1518094800,211.0,0.0,1.42,0.0
7.27,partly-cloudy-day,0.68,6.216,Partly Cloudy,5.08,1017.4,7.23,0.33,1518098400,219.0,0.0,1.71,0.0
7.54,partly-cloudy-day,0.68,6.216,Mostly Cloudy,5.31,1016.7,7.57,0.84,1518102000,211.0,0.0,1.93,0.0
7.16,partly-cloudy-day,0.72,6.216,Mostly Cloudy,4.78,1016.2,7.87,0.75,1518105600,207.0,0.0158,2.43,0.08
6.65,partly-cloudy-night,0.75,6.216,Mostly Cloudy,4.31,1015.7,7.33,0.84,1518109200,205.0,0.084,2.46,0.08
6.54,partly-cloudy-night,0.78,6.216,Mostly Cloudy,4.08,1015.3,7.64,0.72,1518112800,198.0,0.0787,2.89,0.08
6.51,partly-cloudy-night,0.8,6.216,Partly Cloudy,4.15,1014.4,7.28,0.57,1518116400,203.0,0.0485,3.26,0.08
6.83,partly-cloudy-night,0.81,6.216,Mostly Cloudy,4.35,1013.9,7.97,0.87,1518120000,205.0,0.2153,3.81,0.08
6.44,partly-cloudy-night,0.76,6.216,Mostly Cloudy,3.67,1013.3,8.76,0.84,1518123600,203.0,0.1923,2.5,0.13
6.13,partly-cloudy-night,0.77,6.216,Partly Cloudy,3.21,1012.5,9.1,0.33,1518127200,203.0,0.2426,2.34,0.13
5.91,clear-night,0.78,6.216,Clear,2.96,1011.6,9.02,0.31,1518130800,207.0,0.1658,2.38,0.1
6.22,cloudy,0.77,6.216,Overcast,3.73,1010.9,7.53,0.94,1518134400,199.0,0.4332,2.42,0.14
6.38,rain,0.81,6.216,Possible Light Rain,3.84,1010.0,7.82,0.94,1518138000,198.0,0.8318,3.29,0.43
5.97,rain,0.89,5.551,Light Rain,3.31,1008.8,7.93,0.94,1518141600,196.0,0.7995,4.35,0.69
5.92,rain,0.91,5.771,Rain,3.25,1007.3,7.95,0.91,1518145200,193.0,1.2439,4.6,0.77
5.64,rain,0.93,5.136,Rain,3.02,1006.0,7.56,0.77,1518148800,192.0,1.3581,4.54,0.79
5.92,rain,0.91,5.481,Rain,2.89,1005.4,9.34,0.94,1518152400,196.0,1.5218,4.53,0.79
6.05,rain,0.94,4.778,Rain,3.38,1005.2,8.07,0.78,1518156000,212.0,1.4475,5.11,0.76
6.1,rain,0.94,4.952,Light Rain,3.67,1005.1,7.24,0.79,1518159600,224.0,0.5397,5.17,0.76
5.09,rain,0.88,6.216,Light Rain,2.17,1006.2,8.21,0.76,1518163200,289.0,0.6,3.22,0.68
4.62,rain,0.85,6.216,Possible Drizzle,1.23,1007.0,9.57,0.69,1518166800,295.0,0.2271,2.3,0.54
4.62,partly-cloudy-day,0.82,6.216,Mostly Cloudy,1.19,1007.8,9.76,0.66,1518170400,289.0,0.0161,1.78,0.1
5.48,partly-cloudy-day,0.74,6.216,Mostly Cloudy,2.42,1008.5,9.07,0.66,1518174000,280.0,0.0248,1.26,0.11
5.38,cloudy,0.72,6.216,Overcast,1.94,1009.1,10.58,0.92,1518177600,302.0,0.0067,0.64,0.06
5.29,cloudy,0.7,6.189,Overcast,1.96,1009.8,9.99,0.89,1518181200,307.0,0.0051,0.23,0.06
5.08,partly-cloudy-day,0.72,6.216,Mostly Cloudy,1.79,1010.2,9.63,0.77,1518184800,308.0,0.0128,0.44,0.05
5.74,cloudy,0.64,6.216,Overcast,2.57,1010.8,9.77,0.89,1518188400,315.0,0.0,-0.5,0.0
5.98,partly-cloudy-day,0.58,6.216,Partly Cloudy,2.62,1011.6,10.89,0.45,1518192000,314.0,0.0,-1.61,0.0
5.84,rain,0.58,6.216,Possible Drizzle,2.82,1012.8,9.25,0.48,1518195600,308.0,0.0634,-1.75,0.26
5.03,partly-cloudy-night,0.6,6.216,Partly Cloudy,1.88,1014.3,9.02,0.53,1518199200,304.0,0.0084,-2.14,0.23
4.47,clear-night,0.6,6.216,Clear,1.27,1015.4,8.71,0.16,1518202800,310.0,0.0,-2.55,0.0
3.6,clear-night,0.67,6.216,Clear,0.42,1016.5,7.96,0.02,1518206400,311.0,0.0,-1.96,0.0
3.0,clear-night,0.7,6.216,Clear,0.0,1017.1,7.0,0.0,1518210000,306.0,0.0,-1.89,0.0
2.85,clear-night,0.72,6.216,Clear,-0.01,1017.6,6.53,0.0,1518213600,295.0,0.0,-1.79,0.0
1.94,clear-night,0.77,6.216,Clear,-0.3,1018.1,4.66,0.0,1518217200,292.0,0.0,-1.75,0.0
1.44,clear-night,0.78,6.216,Clear,1.44,1018.3,0.99,0.0,1518220800,289.0,0.0,-2.03,0.0
0.89,clear-night,0.79,6.216,Clear,-0.65,1018.8,3.23,0.0,1518224400,271.0,0.0,-2.26,0.0
0.11,clear-night,0.84,6.216,Clear,0.11,1018.8,2.31,0.0,1518228000,250.0,0.0,-2.36,0.0
-0.02,clear-night,0.85,6.216,Clear,-0.02,1018.4,2.29,0.0,1518231600,245.0,0.0,-2.28,0.0
-0.75,clear-night,0.86,6.216,Clear,-0.75,1018.1,1.77,0.0,1518235200,244.0,0.0,-2.74,0.0
-0.98,clear-night,0.9,6.216,Clear,-0.98,1018.0,1.6,0.17,1518238800,228.0,0.0,-2.47,0.0
-0.62,clear-night,0.88,6.216,Clear,-0.62,1017.9,2.23,0.17,1518242400,227.0,0.0,-2.39,0.0
-0.98,clear-night,0.9,6.214,Clear,-0.98,1017.2,2.39,0.17,1518246000,216.0,0.0,-2.44,0.0
0.4,clear-day,0.88,6.216,Clear,0.4,1016.8,2.94,0.28,1518249600,202.0,0.0075,-1.36,0.05
2.8,clear-day,0.79,6.216,Clear,0.37,1015.9,5.42,0.2,1518253200,193.0,0.0,-0.49,0.0
4.3,partly-cloudy-day,0.78,6.216,Partly Cloudy,1.37,1015.0,7.63,0.34,1518256800,203.0,0.0,0.74,0.0
5.13,partly-cloudy-day,0.77,6.216,Partly Cloudy,2.18,1014.1,8.32,0.46,1518260400,207.0,0.0442,1.46,0.05
6.36,partly-cloudy-day,0.82,5.878,Partly Cloudy,3.67,1013.0,8.4,0.59,1518264000,201.0,0.0591,3.48,0.16
6.5,rain,0.88,5.758,Possible Drizzle,3.62,1011.4,9.27,0.84,1518267600,198.0,0.0854,4.6,0.33
6.65,rain,0.91,4.849,Possible Drizzle,3.65,1010.2,10.0,0.95,1518271200,201.0,0.2264,5.32,0.61
7.03,rain,0.92,5.397,Light Rain,3.94,1008.4,10.85,0.95,1518274800,200.0,0.3583,5.79,0.66
7.13,rain,0.93,3.608,Possible Light Rain,4.15,1007.2,10.4,0.95,1518278400,209.0,0.3099,6.1,0.64
7.5,rain,0.93,4.41,Possible Drizzle,4.67,1006.0,10.18,0.95,1518282000,214.0,0.2241,6.41,0.65
7.85,rain,0.91,4.206,Possible Drizzle,4.82,1004.9,11.63,0.95,1518285600,209.0,0.1521,6.45,0.35
8.0,rain,0.91,4.287,Possible Drizzle,5.15,1003.8,10.87,0.97,1518289200,215.0,0.061,6.65,0.28
8.12,rain,0.93,4.756,Possible Drizzle,5.66,1002.5,9.11,0.78,1518292800,207.0,0.0603,7.03,0.38
8.52,rain,0.93,5.182,Possible Drizzle,6.45,1001.3,7.83,0.78,1518296400,206.0,0.1428,7.5,0.48
9.0,rain,0.95,4.99,Possible Drizzle,6.77,999.7,8.96,0.77,1518300000,210.0,0.1929,8.17,0.62
9.58,rain,0.93,5.936,Possible Drizzle,7.42,998.3,9.26,0.94,1518303600,223.0,0.0909,8.52,0.56
10.16,partly-cloudy-night,0.9,6.03,Mostly Cloudy,10.16,996.8,9.88,0.85,1518307200,225.0,0.0194,8.67,0.19
10.09,rain,0.9,4.717,Drizzle,10.09,996.8,11.82,0.77,1518310800,251.0,0.2289,8.47,0.65
9.25,rain,0.81,6.216,Possible Drizzle,6.52,997.7,11.95,0.39,1518314400,280.0,0.1846,6.16,0.61
7.44,rain,0.74,6.216,Possible Drizzle,4.68,998.6,9.76,0.44,1518318000,282.0,0.0938,3.02,0.31
6.38,clear-night,0.74,6.216,Clear,3.36,999.2,9.78,0.03,1518321600,257.0,0.0058,2.05,0.21
5.62,partly-cloudy-night,0.76,6.216,Partly Cloudy,2.38,1000.0,9.96,0.39,1518325200,267.0,0.0114,1.66,0.05
5.39,partly-cloudy-night,0.74,6.216,Partly Cloudy,2.25,1000.9,9.31,0.49,1518328800,275.0,0.0,1.2,0.0
4.88,clear-night,0.75,6.216,Clear,1.89,1001.8,8.26,0.21,1518332400,269.0,0.0,0.88,0.0
4.38,clear-day,0.75,6.216,Clear,0.99,1002.7,9.36,0.17,1518336000,268.0,0.0,0.26,0.0
4.83,clear-day,0.72,6.216,Clear,1.26,1003.4,10.59,0.07,1518339600,262.0,0.0,0.26,0.0
5.5,clear-day,0.68,6.216,Clear,2.03,1003.5,10.84,0.06,1518343200,271.0,0.0098,-0.01,0.06
6.81,clear-day,0.61,6.216,Clear,3.45,1003.7,11.92,0.19,1518346800,268.0,0.0,-0.08,0.0
6.86,partly-cloudy-day,0.59,6.216,Partly Cloudy,3.15,1003.7,14.09,0.56,1518350400,285.0,0.0,-0.65,0.0
7.46,partly-cloudy-day,0.54,6.216,Mostly Cloudy,4.08,1003.8,13.0,0.61,1518354000,279.0,0.0,-1.18,0.0
6.3,partly-cloudy-day,0.54,6.216,Mostly Cloudy,2.56,1004.2,13.31,0.61,1518357600,284.0,0.0,-2.3,0.0
6.39,partly-cloudy-day,0.55,6.216,Partly Cloudy,3.22,1004.7,10.49,0.5,1518361200,287.0,0.0145,-1.93,0.09
5.04,partly-cloudy-day,0.63,6.103,Partly Cloudy,1.42,1005.6,10.99,0.33,1518364800,290.0,0.0491,-1.39,0.21
4.35,partly-cloudy-day,0.64,6.216,Partly Cloudy,1.53,1006.4,7.31,0.59,1518368400,282.0,0.0327,-1.92,0.2
3.89,clear-night,0.63,6.216,Clear,0.68,1007.3,8.27,0.31,1518372000,293.0,0.0133,-2.54,0.05
3.79,clear-night,0.63,6.216,Clear,0.25,1008.3,9.41,0.25,1518375600,285.0,0.0137,-2.69,0.06
2.57,clear-night,0.74,6.216,Clear,-1.02,1009.3,8.56,0.31,1518379200,289.0,0.0,-1.62,0.0
2.4,clear-night,0.71,6.216,Clear,-0.95,1010.2,7.68,0.12,1518382800,280.0,0.0,-2.28,0.0
1.69,clear-night,0.76,6.216,Clear,-1.45,1011.0,6.67,0.0,1518386400,283.0,0.0,-2.16,0.0
1.27,clear-night,0.78,6.216,Clear,-1.83,1011.7,6.32,0.12,1518390000,275.0,0.0,-2.08,0.0
1.17,clear-night,0.79,6.216,Clear,-2.17,1012.4,6.92,0.0,1518393600,270.0,0.0,-2.14,0.0
1.2,clear-night,0.78,6.216,Clear,-2.05,1013.0,6.71,0.0,1518397200,275.0,0.0,-2.29,0.0
0.91,clear-night,0.78,6.216,Clear,-2.11,1013.5,5.98,0.0,1518400800,269.0,0.0,-2.58,0.0
0.66,clear-night,0.78,6.216,Clear,-2.25,1013.9,5.6,0.0,1518404400,270.0,0.0,-2.66,0.0
0.18,clear-night,0.8,6.216,Clear,-2.61,1014.2,5.17,0.0,1518408000,255.0,0.0,-2.84,0.0
0.34,clear-night,0.81,6.216,Clear,-2.64,1014.7,5.63,0.0,1518411600,256.0,0.0,-2.51,0.0
-0.04,clear-night,0.82,6.214,Clear,-3.4,1014.9,6.36,0.0,1518415200,252.0,0.0,-2.71,0.0
-0.4,clear-night,0.84,6.216,Clear,-2.7,1015.2,4.11,0.0,1518418800,246.0,0.0,-2.82,0.0
0.02,clear-day,0.83,6.216,Clear,-2.39,1015.7,4.39,0.0,1518422400,246.0,0.0,-2.47,0.0
1.08,clear-day,0.8,6.216,Clear,-1.47,1016.1,5.01,0.02,1518426000,249.0,0.0,-1.98,0.0
2.69,clear-day,0.75,6.216,Clear,0.01,1016.2,5.96,0.02,1518429600,251.0,0.0125,-1.38,0.05
4.96,clear-day,0.64,6.216,Clear,2.61,1016.3,6.27,0.03,1518433200,255.0,0.0271,-1.39,0.08
5.93,clear-day,0.56,6.216,Clear,3.75,1016.1,6.3,0.15,1518436800,253.0,0.0,-2.12,0.0
6.92,clear-day,0.53,6.216,Clear,4.85,1015.6,6.59,0.21,1518440400,258.0,0.0051,-1.99,0.03
6.71,partly-cloudy-day,0.56,6.216,Partly Cloudy,4.27,1015.2,7.72,0.49,1518444000,266.0,0.0,-1.45,0.0
6.19,partly-cloudy-day,0.6,6.216,Partly Cloudy,3.85,1014.6,6.99,0.49,1518447600,230.0,0.0,-0.91,0.0
6.01,partly-cloudy-day,0.62,6.216,Partly Cloudy,3.86,1014.3,6.25,0.44,1518451200,226.0,0.0171,-0.76,0.05
6.05,partly-cloudy-day,0.59,6.216,Mostly Cloudy,4.13,1013.9,5.64,0.63,1518454800,217.0,0.0126,-1.26,0.05
5.33,clear-night,0.62,6.216,Clear,3.83,1013.7,4.33,0.15,1518458400,199.0,0.0206,-1.44,0.05
4.36,clear-night,0.67,6.216,Clear,2.7,1013.4,4.32,0.1,1518462000,188.0,0.0,-1.19,0.0
4.21,clear-night,0.7,6.216,Clear,1.89,1013.0,5.76,0.04,1518465600,209.0,0.0,-0.82,0.0
3.5,clear-night,0.77,6.216,Clear,1.21,1012.5,5.37,0.03,1518469200,201.0,0.0,-0.2,0.0
3.4,clear-night,0.79,6.216,Clear,0.89,1012.0,5.89,0.05,1518472800,203.0,0.011,0.08,0.09
3.47,clear-night,0.81,6.216,Clear,0.75,1011.2,6.5,0.25,1518476400,202.0,0.1324,0.45,0.19
3.04,rain,0.82,6.216,Possible Drizzle,0.66,1010.0,5.4,0.33,1518480000,179.0,0.2204,0.19,0.26
3.31,clear-night,0.84,6.216,Clear,0.53,1008.8,6.57,0.21,1518483600,186.0,0.9046,0.94,0.17
3.5,clear-night,0.85,6.216,Clear,1.06,1007.5,5.73,0.1,1518487200,178.0,0.6281,1.14,0.15
3.59,clear-night,0.83,6.216,Clear,0.77,1006.6,6.83,0.07,1518490800,183.0,0.1774,1.05,0.13
4.06,clear-night,0.81,6.216,Clear,1.23,1005.0,7.15,0.27,1518494400,176.0,0.1739,1.09,0.13
4.52,clear-night,0.79,6.216,Clear,1.61,1003.6,7.72,0.29,1518498000,179.0,0.3062,1.18,0.15
4.98,partly-cloudy-night,0.77,6.214,Partly Cloudy,1.87,1002.4,8.82,0.48,1518501600,173.0,0.5945,1.28,0.15
4.91,partly-cloudy-night,0.77,6.216,Mostly Cloudy,1.43,1001.6,10.26,0.6,1518505200,167.0,1.0946,1.15,0.17
5.5,partly-cloudy-day,0.75,6.216,Mostly Cloudy,1.82,1001.0,11.89,0.76,1518508800,176.0,1.7663,1.33,0.14
5.58,partly-cloudy-day,0.74,6.216,Mostly Cloudy,2.06,1000.3,11.16,0.75,1518512400,175.0,2.1299,1.35,0.19
5.81,cloudy,0.75,6.043,Overcast,2.08,999.8,12.55,0.91,1518516000,175.0,1.3952,1.71,0.18
5.39,rain,0.8,6.076,Rain,1.76,999.5,11.47,0.92,1518519600,180.0,1.7687,2.22,0.4
4.01,rain,0.86,5.351,Light Rain,0.29,999.1,10.38,0.92,1518523200,161.0,0.8843,1.95,0.7
3.98,rain,0.9,5.195,Possible Light Rain,0.31,998.7,10.09,0.92,1518526800,161.0,0.4807,2.47,0.63
4.56,rain,0.85,6.049,Possible Drizzle,1.07,998.4,9.93,0.8,1518530400,164.0,0.1779,2.33,0.56
4.58,rain,0.85,6.109,Possible Drizzle,1.62,998.5,7.94,0.8,1518534000,155.0,0.0875,2.21,0.25
4.53,cloudy,0.85,5.297,Overcast,2.18,999.0,6.03,0.95,1518537600,150.0,0.0344,2.31,0.16
4.55,rain,0.87,5.192,Possible Drizzle,2.74,1000.1,4.7,0.95,1518541200,137.0,0.0924,2.54,0.31
4.52,rain,0.86,5.255,Possible Drizzle,3.18,1001.2,3.75,0.95,1518544800,116.0,0.1924,2.45,0.37
4.46,rain,0.87,6.02,Possible Drizzle,2.89,1002.5,4.16,0.92,1518548400,97.0,0.0512,2.55,0.25
4.37,cloudy,0.9,5.162,Overcast,3.03,1003.7,3.7,0.95,1518552000,70.0,0.021,2.88,0.17
4.06,rain,0.93,5.228,Possible Drizzle,4.06,1004.7,2.79,0.95,1518555600,9.0,0.0979,2.98,0.43
4.24,rain,0.92,4.468,Possible Drizzle,3.23,1005.5,3.11,0.92,1518559200,355.0,0.1326,3.0,0.46
4.23,rain,0.91,5.082,Possible Drizzle,4.23,1006.1,1.77,0.75,1518562800,343.0,0.0707,2.83,0.38
4.0,partly-cloudy-night,0.91,5.35,Mostly Cloudy,4.0,1006.7,0.34,0.68,1518566400,319.0,0.0168,2.61,0.1
3.68,cloudy,0.87,5.007,Overcast,3.68,1007.1,1.78,0.88,1518570000,280.0,0.0,1.66,0.0
3.01,partly-cloudy-night,0.86,5.674,Mostly Cloudy,1.76,1007.7,3.22,0.73,1518573600,311.0,0.0,0.84,0.0
2.11,partly-cloudy-night,0.88,5.907,Mostly Cloudy,2.11,1007.9,1.63,0.78,1518577200,290.0,0.0,0.35,0.0
1.09,partly-cloudy-night,0.91,5.96,Mostly Cloudy,1.09,1007.6,1.18,0.72,1518580800,280.0,0.0,-0.27,0.0
0.36,cloudy,0.94,5.91,Overcast,0.36,1007.3,1.28,0.95,1518584400,204.0,0.0,-0.45,0.0
0.05,clear-night,0.94,5.944,Clear,0.05,1007.1,1.77,0.31,1518588000,181.0,0.0,-0.84,0.0
-0.54,clear-night,0.95,5.952,Clear,-0.54,1007.3,1.78,0.16,1518591600,161.0,0.0,-1.25,0.0
0.63,clear-day,0.95,5.487,Clear,-1.27,1007.3,3.7,0.24,1518595200,140.0,0.0278,-0.02,0.14
2.02,rain,0.91,6.14,Possible Drizzle,-0.63,1006.7,5.58,0.24,1518598800,160.0,0.0157,0.76,0.28
4.51,clear-day,0.81,6.216,Clear,2.03,1006.5,6.37,0.21,1518602400,167.0,0.0984,1.51,0.25
5.89,clear-day,0.76,6.216,Clear,2.9,1005.9,9.14,0.21,1518606000,175.0,0.4907,1.91,0.16
6.48,partly-cloudy-day,0.7,6.216,Partly Cloudy,3.15,1005.4,11.39,0.39,1518609600,183.0,1.3134,1.49,0.18
6.55,partly-cloudy-day,0.67,6.216,Partly Cloudy,2.86,1004.9,13.38,0.36,1518613200,182.0,2.0398,0.93,0.21
5.9,partly-cloudy-day,0.75,6.216,Mostly Cloudy,2.09,1004.3,13.12,0.75,1518616800,182.0,0.1357,1.73,0.16
5.39,partly-cloudy-day,0.81,5.711,Mostly Cloudy,1.7,1004.1,11.8,0.83,1518620400,173.0,0.1643,2.38,0.24
4.9,rain,0.88,5.628,Rain,1.26,1003.9,10.99,0.84,1518624000,175.0,2.9118,3.16,0.73
4.99,rain,0.89,5.47,Rain,1.21,1003.1,11.73,0.95,1518627600,176.0,2.8954,3.31,0.75
5.12,rain,0.9,5.663,Rain,1.35,1002.5,11.84,0.92,1518631200,177.0,1.9481,3.66,0.73
5.48,rain,0.91,5.922,Light Rain,1.93,1001.9,11.23,0.92,1518634800,175.0,0.626,4.08,0.73
5.91,rain,0.91,5.462,Rain,2.82,1001.5,9.62,0.95,1518638400,177.0,2.7238,4.56,0.76
6.12,rain,0.93,3.386,Rain,3.03,1001.3,9.81,0.95,1518642000,173.0,2.7848,5.01,0.76
6.48,rain,0.93,5.338,Rain,3.54,1001.1,9.53,0.8,1518645600,182.0,2.2628,5.35,0.74
6.98,rain,0.92,5.316,Rain,4.44,1000.9,8.32,0.84,1518649200,189.0,1.0088,5.72,0.66
7.4,rain,0.93,4.919,Rain,5.5,1001.2,6.37,0.94,1518652800,203.0,0.965,6.41,0.4
8.0,rain,0.93,5.397,Possible Drizzle,6.71,1001.4,4.87,0.99,1518656400,209.0,0.2056,7.0,0.36
8.17,cloudy,0.95,4.769,Overcast,7.34,1002.0,3.81,0.92,1518660000,210.0,0.0424,7.41,0.2
8.2,cloudy,0.95,4.504,Overcast,7.57,1002.2,3.41,0.92,1518663600,213.0,0.0143,7.47,0.07
7.65,partly-cloudy-night,0.95,4.936,Mostly Cloudy,6.67,1002.5,3.98,0.71,1518667200,211.0,0.0215,6.9,0.06
7.72,clear-night,0.96,6.014,Clear,6.53,1003.0,4.48,0.31,1518670800,223.0,0.0,7.11,0.0
8.54,clear-night,0.91,5.86,Clear,7.34,1003.8,4.88,0.28,1518674400,229.0,0.0,7.12,0.0
8.34,partly-cloudy-night,0.92,5.966,Mostly Cloudy,6.97,1004.7,5.25,0.61,1518678000,242.0,0.0124,7.17,0.04
7.92,partly-cloudy-day,0.91,6.135,Mostly Cloudy,5.95,1006.3,6.94,0.67,1518681600,257.0,0.0343,6.49,0.12
8.39,partly-cloudy-day,0.8,6.216,Partly Cloudy,6.39,1007.5,7.41,0.35,1518685200,255.0,0.0257,5.12,0.12
8.82,clear-day,0.77,6.216,Clear,6.79,1009.0,7.88,0.31,1518688800,266.0,0.0,4.93,0.0
9.8,partly-cloudy-day,0.69,6.216,Partly Cloudy,7.99,1010.0,7.89,0.43,1518692400,269.0,0.0,4.28,0.0
8.88,partly-cloudy-day,0.65,6.216,Partly Cloudy,6.86,1011.2,7.9,0.49,1518696000,271.0,0.0218,2.59,0.14
9.46,partly-cloudy-day,0.61,6.216,Partly Cloudy,7.77,1011.9,7.07,0.48,1518699600,256.0,0.0563,2.42,0.19
10.0,clear-day,0.49,6.216,Clear,7.87,1012.2,9.62,0.08,1518703200,273.0,0.0149,-0.3,0.1
9.18,clear-day,0.54,6.216,Clear,6.88,1013.0,9.5,0.17,1518706800,274.0,0.0,0.45,0.0
8.62,clear-day,0.56,6.216,Clear,6.39,1013.9,8.6,0.3,1518710400,274.0,0.0,0.39,0.0
7.89,clear-day,0.58,6.216,Clear,5.64,1015.0,7.94,0.09,1518714000,258.0,0.0,0.15,0.0
6.97,clear-night,0.56,6.216,Clear,4.99,1015.9,6.35,0.0,1518717600,241.0,0.0,-1.11,0.0
5.88,clear-night,0.64,6.216,Clear,4.08,1016.6,5.24,0.0,1518721200,246.0,0.0,-0.51,0.0
5.56,clear-night,0.66,6.216,Clear,3.63,1017.3,5.44,0.0,1518724800,244.0,0.0,-0.37,0.0
4.84,clear-night,0.69,6.216,Clear,3.22,1018.0,4.41,0.0,1518728400,237.0,0.0,-0.38,0.0
4.37,clear-night,0.72,6.216,Clear,2.48,1018.8,4.79,0.0,1518732000,244.0,0.0,-0.21,0.0
4.02,clear-night,0.75,6.216,Clear,1.88,1019.8,5.27,0.02,1518735600,250.0,0.0,-0.02,0.0
3.69,clear-night,0.77,6.216,Clear,3.69,1020.4,1.27,0.0,1518739200,242.0,0.0,0.0,0.0
3.39,clear-night,0.79,6.216,Clear,1.31,1020.9,4.86,0.0,1518742800,249.0,0.0,0.1,0.0
2.54,clear-night,0.82,6.216,Clear,1.09,1021.8,3.43,0.0,1518746400,245.0,0.0,-0.24,0.0
2.58,clear-night,0.85,6.216,Clear,1.14,1022.5,3.43,0.0,1518750000,241.0,0.0,0.37,0.0
2.05,clear-night,0.88,6.216,Clear,0.74,1023.0,3.11,0.01,1518753600,244.0,0.0,0.27,0.0
1.96,clear-night,0.89,6.216,Clear,1.96,1023.7,1.93,0.04,1518757200,248.0,0.0,0.31,0.0
1.12,clear-night,0.9,6.214,Clear,1.12,1024.0,2.21,0.04,1518760800,233.0,0.0,-0.38,0.0
0.89,clear-night,0.93,6.197,Clear,0.89,1024.6,2.17,0.02,1518764400,232.0,0.0,-0.13,0.0
1.11,clear-day,0.91,6.216,Clear,1.11,1025.4,2.19,0.04,1518768000,228.0,0.0,-0.13,0.0
3.11,clear-day,0.87,6.216,Clear,1.71,1025.9,3.48,0.04,1518771600,219.0,0.0,1.18,0.0
4.83,clear-day,0.81,6.216,Clear,3.21,1026.2,4.39,0.02,1518775200,235.0,0.0139,1.77,0.06
7.02,clear-day,0.7,6.216,Clear,5.58,1026.5,4.84,0.1,1518778800,247.0,0.0,1.92,0.0
8.34,clear-day,0.6,6.216,Clear,7.22,1026.3,4.55,0.15,1518782400,259.0,0.0,1.07,0.0
9.44,clear-day,0.56,6.216,Clear,8.31,1025.9,5.1,0.15,1518786000,242.0,0.0,1.05,0.0
9.7,clear-day,0.47,6.216,Clear,8.96,1025.1,4.16,0.17,1518789600,259.0,0.0,-1.01,0.0
9.33,clear-day,0.49,6.216,Clear,8.72,1024.7,3.72,0.18,1518793200,213.0,0.0,-0.74,0.0
9.06,clear-day,0.45,6.216,Clear,8.44,1024.4,3.65,0.16,1518796800,186.0,0.0,-2.24,0.0
8.37,clear-day,0.53,6.216,Clear,8.37,1024.4,2.59,0.19,1518800400,174.0,0.0,-0.79,0.0
6.85,clear-night,0.58,6.216,Clear,6.85,1024.7,2.28,0.17,1518804000,173.0,0.0,-0.8,0.0
6.31,partly-cloudy-night,0.68,6.216,Mostly Cloudy,6.31,1024.5,2.55,0.7,1518807600,179.0,0.0,0.93,0.0
5.69,partly-cloudy-night,0.76,6.216,Mostly Cloudy,5.69,1023.8,2.34,0.7,1518811200,164.0,0.0,1.77,0.0
4.97,clear-night,0.78,6.216,Clear,4.97,1023.6,2.42,0.17,1518814800,167.0,0.0,1.41,0.0
4.76,clear-night,0.77,6.216,Clear,4.76,1023.7,1.6,0.17,1518818400,167.0,0.0,0.98,0.0
4.18,clear-night,0.78,6.216,Clear,4.18,1023.3,0.95,0.22,1518822000,139.0,0.0,0.63,0.0
3.86,clear-night,0.78,6.216,Clear,3.86,1022.8,0.28,0.22,1518825600,103.0,0.0,0.44,0.0
4.07,clear-night,0.79,6.216,Clear,4.07,1022.5,1.62,0.22,1518829200,110.0,0.0,0.73,0.0
3.8,partly-cloudy-night,0.85,6.216,Mostly Cloudy,3.8,1022.4,1.15,0.73,1518832800,90.0,0.0,1.45,0.0
3.6,clear-night,0.88,6.216,Clear,3.6,1021.8,1.31,0.24,1518836400,91.0,0.0,1.72,0.0
3.59,clear-night,0.88,6.136,Clear,3.59,1021.6,1.12,0.05,1518840000,81.0,0.0,1.82,0.0
3.02,clear-night,0.92,5.894,Clear,3.02,1021.7,0.99,0.04,1518843600,72.0,0.0,1.78,0.0
2.15,clear-night,0.93,5.246,Clear,2.15,1021.6,0.91,0.01,1518847200,96.0,0.0,1.16,0.0
2.09,clear-night,0.94,4.765,Clear,2.09,1021.7,0.42,0.19,1518850800,123.0,0.0,1.27,0.0
2.33,clear-day,0.95,4.584,Clear,2.33,1022.0,1.28,0.01,1518854400,108.0,0.0,1.58,0.0
3.12,clear-day,0.96,4.994,Clear,3.12,1022.1,1.46,0.03,1518858000,124.0,0.0,2.56,0.0
5.2,clear-day,0.88,6.189,Clear,5.2,1022.4,1.28,0.02,1518861600,143.0,0.0,3.4,0.0
8.45,clear-day,0.67,6.216,Clear,7.97,1022.7,3.19,0.06,1518865200,168.0,0.0,2.76,0.0
9.77,clear-day,0.57,6.216,Clear,9.77,1022.7,0.6,0.06,1518868800,156.0,0.0,1.6,0.0
9.94,clear-day,0.56,6.216,Clear,9.65,1022.4,3.22,0.19,1518872400,204.0,0.0,1.5,0.0
10.46,clear-day,0.48,6.216,Clear,10.46,1022.2,3.44,0.13,1518876000,215.0,0.0,0.04,0.0
10.24,clear-day,0.51,6.216,Clear,10.24,1022.1,4.62,0.26,1518879600,223.0,0.0658,0.54,0.01
10.06,clear-day,0.5,6.216,Clear,10.06,1022.1,0.95,0.18,1518883200,229.0,0.074,0.05,0.01
8.16,partly-cloudy-day,0.6,6.216,Partly Cloudy,8.16,1022.3,0.68,0.37,1518886800,219.0,0.0,0.75,0.0
7.24,partly-cloudy-night,0.66,6.216,Mostly Cloudy,7.24,1022.7,0.43,0.71,1518890400,196.0,0.0,1.22,0.0
7.0,partly-cloudy-night,0.71,6.216,Partly Cloudy,6.07,1023.1,3.67,0.36,1518894000,191.0,0.0,2.15,0.0
6.33,partly-cloudy-night,0.77,6.216,Partly Cloudy,5.09,1023.3,4.08,0.43,1518897600,212.0,0.0,2.67,0.0
6.41,partly-cloudy-night,0.78,6.216,Mostly Cloudy,5.69,1023.5,3.1,0.62,1518901200,204.0,0.0,2.81,0.0
5.89,partly-cloudy-night,0.81,6.216,Mostly Cloudy,5.89,1023.7,2.7,0.76,1518904800,208.0,0.0,2.84,0.0
5.78,clear-night,0.81,6.216,Clear,5.78,1023.8,1.9,0.31,1518908400,199.0,0.0,2.76,0.0
4.49,clear-night,0.85,6.184,Clear,4.49,1023.4,0.31,0.1,1518912000,173.0,0.0,2.24,0.0
4.57,clear-night,0.87,6.158,Clear,4.57,1023.3,1.43,0.04,1518915600,153.0,0.0,2.58,0.0
3.83,clear-night,0.9,5.904,Clear,3.83,1023.6,0.99,0.01,1518919200,156.0,0.0,2.29,0.0
3.62,clear-night,0.91,5.494,Clear,3.62,1023.0,1.09,0.01,1518922800,156.0,0.0,2.26,0.0
2.77,clear-night,0.94,5.605,Clear,2.77,1023.0,1.7,0.05,1518926400,78.0,0.0,1.86,0.0
2.89,partly-cloudy-night,0.95,5.389,Partly Cloudy,2.89,1022.6,2.09,0.32,1518930000,131.0,0.0117,2.2,0.06
3.38,partly-cloudy-night,0.96,4.599,Partly Cloudy,3.38,1022.5,2.86,0.33,1518933600,125.0,0.0128,2.79,0.06
2.98,clear-night,0.96,4.051,Clear,2.98,1022.9,2.51,0.25,1518937200,129.0,0.0,2.4,0.0
3.31,partly-cloudy-day,0.97,3.57,Partly Cloudy,3.31,1022.9,2.35,0.34,1518940800,141.0,0.0,2.84,0.0
4.88,partly-cloudy-day,0.98,4.52,Partly Cloudy,4.88,1022.9,2.86,0.37,1518944400,135.0,0.0,4.57,0.0
6.92,partly-cloudy-day,0.88,5.692,Partly Cloudy,5.91,1022.3,3.81,0.44,1518948000,150.0,0.013,5.06,0.1
9.53,partly-cloudy-day,0.71,6.216,Partly Cloudy,8.47,1022.1,4.96,0.54,1518951600,182.0,0.1207,4.56,0.1
10.7,partly-cloudy-day,0.64,6.216,Partly Cloudy,10.7,1021.9,5.43,0.49,1518955200,193.0,0.0769,4.26,0.13
10.23,partly-cloudy-day,0.62,6.216,Partly Cloudy,10.23,1021.5,4.64,0.56,1518958800,176.0,0.0253,3.37,0.13
10.11,partly-cloudy-day,0.64,6.216,Mostly Cloudy,10.11,1021.2,4.63,0.75,1518962400,190.0,0.0232,3.56,0.09
10.09,partly-cloudy-day,0.65,6.216,Mostly Cloudy,10.09,1021.1,4.4,0.87,1518966000,177.0,0.0,3.78,0.0
10.0,partly-cloudy-day,0.65,6.216,Mostly Cloudy,10.0,1020.9,4.38,0.87,1518969600,173.0,0.0116,3.68,0.09
9.46,partly-cloudy-day,0.68,6.216,Mostly Cloudy,8.65,1021.0,4.23,0.87,1518973200,176.0,0.0116,3.83,0.09
8.9,cloudy,0.72,6.189,Overcast,7.92,1021.0,4.45,0.9,1518976800,171.0,0.0343,4.08,0.09
8.09,partly-cloudy-night,0.77,6.216,Mostly Cloudy,6.84,1021.1,4.8,0.72,1518980400,181.0,0.0287,4.29,0.09
7.56,partly-cloudy-night,0.81,6.162,Partly Cloudy,6.46,1020.8,4.2,0.59,1518984000,174.0,0.0,4.46,0.0
7.36,partly-cloudy-night,0.83,6.14,Mostly Cloudy,6.77,1020.6,3.1,0.79,1518987600,180.0,0.0,4.61,0.0
7.33,partly-cloudy-night,0.84,5.741,Mostly Cloudy,7.33,1020.3,1.82,0.79,1518991200,187.0,0.0,4.8,0.0
7.1,cloudy,0.87,4.766,Overcast,7.1,1020.0,1.69,0.95,1518994800,199.0,0.0,5.07,0.0
7.1,cloudy,0.89,4.678,Overcast,7.1,1019.7,0.3,0.99,1518998400,190.0,0.0,5.36,0.0
7.1,cloudy,0.9,4.385,Overcast,7.1,1019.2,1.1,0.95,1519002000,206.0,0.0,5.6,0.0
7.02,cloudy,0.92,3.764,Overcast,7.02,1018.9,1.18,0.99,1519005600,218.0,0.0,5.81,0.0
7.08,cloudy,0.93,2.681,Overcast,7.08,1018.3,1.66,0.94,1519009200,214.0,0.0229,5.99,0.11
6.97,partly-cloudy-night,0.94,2.18,Mostly Cloudy,6.97,1017.9,1.57,0.76,1519012800,214.0,0.0324,6.0,0.25
7.05,rain,0.94,1.8,Possible Drizzle,7.05,1017.6,2.47,0.91,1519016400,221.0,0.0678,6.09,0.35
6.95,rain,0.95,2.203,Possible Drizzle,6.95,1017.4,1.84,0.95,1519020000,215.0,0.0808,6.19,0.43
6.96,rain,0.96,1.706,Possible Drizzle,6.96,1017.4,2.1,0.8,1519023600,222.0,0.0435,6.39,0.34
7.14,rain,0.97,1.915,Possible Drizzle,7.14,1017.4,2.58,0.81,1519027200,221.0,0.1301,6.67,0.43
7.44,rain,0.96,2.209,Possible Drizzle,6.84,1017.2,3.15,0.95,1519030800,232.0,0.1199,6.83,0.65
7.71,rain,0.95,2.531,Possible Drizzle,7.11,1017.0,3.22,0.77,1519034400,244.0,0.1334,6.97,0.63
8.14,rain,0.96,1.76,Drizzle,7.16,1016.8,4.14,0.9,1519038000,255.0,0.2116,7.56,0.66
8.72,rain,0.97,2.93,Drizzle,8.72,1016.6,0.75,0.9,1519041600,269.0,0.2128,8.34,0.66
9.49,rain,0.96,2.795,Possible Drizzle,8.42,1016.2,4.98,0.89,1519045200,290.0,0.1639,8.91,0.64
9.96,rain,0.96,3.694,Possible Drizzle,8.9,1015.8,5.19,0.89,1519048800,305.0,0.0488,9.41,0.41
10.91,rain,0.92,5.321,Possible Drizzle,10.91,1015.7,4.89,0.81,1519052400,311.0,0.0928,9.73,0.41
11.25,cloudy,0.89,5.142,Overcast,11.25,1015.6,5.43,0.95,1519056000,323.0,0.0302,9.57,0.25
10.93,rain,0.91,5.199,Possible Drizzle,10.93,1015.8,6.2,0.95,1519059600,324.0,0.0528,9.54,0.28
11.04,rain,0.88,4.408,Possible Drizzle,11.04,1016.2,7.27,0.92,1519063200,324.0,0.154,9.17,0.46
11.01,rain,0.86,5.368,Possible Drizzle,11.01,1016.4,7.81,0.89,1519066800,323.0,0.055,8.8,0.43
10.85,cloudy,0.85,4.215,Overcast,10.85,1016.4,6.29,0.92,1519070400,336.0,0.0379,8.51,0.11
10.73,partly-cloudy-night,0.85,4.728,Mostly Cloudy,10.73,1016.5,7.02,0.85,1519074000,336.0,0.0262,8.24,0.11
10.23,cloudy,0.9,2.885,Overcast,10.23,1016.4,4.53,0.89,1519077600,341.0,0.035,8.59,0.14
9.92,cloudy,0.9,3.264,Overcast,9.06,1016.6,4.58,0.93,1519081200,343.0,0.0431,8.36,0.15
9.5,cloudy,0.92,2.681,Overcast,8.66,1017.0,4.34,1.0,1519084800,336.0,0.0212,8.2,0.13
9.31,rain,0.92,3.045,Possible Drizzle,8.24,1017.1,4.88,0.96,1519088400,337.0,0.0724,8.1,0.36
9.05,rain,0.92,2.684,Possible Drizzle,8.18,1017.2,4.23,1.0,1519092000,350.0,0.0988,7.85,0.34
8.81,rain,0.92,4.359,Possible Drizzle,7.75,1017.4,4.64,0.85,1519095600,350.0,0.0568,7.61,0.34
8.54,rain,0.94,2.278,Possible Drizzle,7.85,1017.7,3.64,0.99,1519099200,351.0,0.0601,7.65,0.33
8.39,rain,0.94,2.954,Possible Drizzle,7.51,1018.0,4.0,0.8,1519102800,346.0,0.0556,7.51,0.27
8.38,rain,0.94,2.623,Possible Drizzle,7.81,1018.1,3.34,0.92,1519106400,347.0,0.0643,7.41,0.29
8.8,cloudy,0.91,2.886,Overcast,8.15,1018.5,3.65,1.0,1519110000,343.0,0.062,7.47,0.18
9.11,cloudy,0.88,4.388,Overcast,7.92,1018.8,5.15,1.0,1519113600,330.0,0.0259,7.26,0.18
8.88,cloudy,0.85,2.799,Overcast,7.11,1019.3,6.95,0.93,1519117200,331.0,0.0355,6.55,0.15
8.39,rain,0.9,3.976,Possible Drizzle,5.93,1019.8,9.39,0.93,1519120800,339.0,0.1249,6.82,0.6
8.45,rain,0.78,5.634,Possible Light Rain,5.78,1020.5,10.47,0.78,1519124400,340.0,0.2386,4.8,0.64
8.64,rain,0.74,6.216,Possible Drizzle,6.23,1020.7,9.41,0.93,1519128000,349.0,0.1143,4.26,0.52
8.98,cloudy,0.72,6.216,Overcast,6.46,1020.9,10.41,0.88,1519131600,352.0,0.0204,4.14,0.15
9.06,partly-cloudy-day,0.67,6.216,Mostly Cloudy,6.63,1020.8,10.04,0.73,1519135200,349.0,0.0103,3.15,0.01
9.45,partly-cloudy-day,0.61,6.14,Mostly Cloudy,7.29,1020.6,9.15,0.69,1519138800,347.0,0.0401,2.33,0.15
8.34,partly-cloudy-day,0.74,6.178,Mostly Cloudy,5.87,1021.1,9.37,0.87,1519142400,355.0,0.0289,4.05,0.16
8.28,rain,0.74,6.11,Possible Drizzle,5.75,1021.3,9.6,0.8,1519146000,344.0,0.0755,4.0,0.29
8.33,rain,0.71,6.216,Possible Drizzle,5.33,1021.7,12.12,0.92,1519149600,352.0,0.0729,3.45,0.39
7.78,cloudy,0.74,6.216,Overcast,4.67,1022.4,11.97,0.92,1519153200,359.0,0.0537,3.48,0.22
7.48,cloudy,0.77,6.216,Overcast,4.56,1023.0,10.55,0.92,1519156800,9.0,0.008,3.74,0.02
6.91,cloudy,0.79,6.216,Overcast,4.35,1023.6,8.37,0.92,1519160400,24.0,0.0,3.51,0.0
6.29,cloudy,0.77,6.178,Overcast,4.17,1024.6,6.34,0.92,1519164000,37.0,0.0,2.47,0.0
5.89,cloudy,0.8,6.031,Overcast,4.02,1025.2,5.4,0.91,1519167600,46.0,0.0277,2.66,0.09
5.32,partly-cloudy-night,0.78,5.354,Mostly Cloudy,3.76,1025.7,4.43,0.84,1519171200,48.0,0.0389,1.8,0.09
4.99,cloudy,0.78,5.321,Overcast,3.55,1026.3,4.08,0.95,1519174800,45.0,0.0,1.54,0.0
4.49,partly-cloudy-night,0.78,4.866,Mostly Cloudy,3.07,1026.7,3.88,0.78,1519178400,28.0,0.0,0.97,0.0
3.87,partly-cloudy-night,0.8,4.369,Mostly Cloudy,2.61,1026.9,3.44,0.68,1519182000,23.0,0.0,0.76,0.0
3.41,clear-night,0.84,3.534,Clear,2.16,1027.1,3.32,0.28,1519185600,39.0,0.0,0.93,0.0
3.23,clear-night,0.85,2.685,Clear,3.23,1027.1,2.45,0.3,1519189200,29.0,0.0,0.95,0.0
2.88,partly-cloudy-night,0.87,2.147,Partly Cloudy,2.88,1027.4,2.09,0.32,1519192800,26.0,0.0,0.86,0.0
2.78,fog,0.87,1.962,Foggy,2.78,1027.5,1.76,0.18,1519196400,27.0,0.0,0.88,0.0
2.81,fog,0.88,1.841,Foggy,2.81,1027.5,1.96,0.14,1519200000,22.0,0.0,0.94,0.0
3.91,clear-day,0.81,2.374,Clear,2.92,1027.9,3.02,0.14,1519203600,45.0,0.0,0.96,0.0
5.29,clear-day,0.74,2.888,Clear,3.66,1028.1,4.58,0.11,1519207200,48.0,0.0,0.98,0.0
5.55,clear-day,0.73,3.772,Clear,4.32,1028.0,3.84,0.29,1519210800,44.0,0.0163,1.09,0.08
5.99,clear-day,0.7,4.126,Clear,4.68,1027.9,4.12,0.31,1519214400,38.0,0.0054,1.0,0.08
6.04,partly-cloudy-day,0.71,4.418,Partly Cloudy,4.48,1027.4,4.69,0.34,1519218000,39.0,0.0,1.17,0.0
6.53,partly-cloudy-day,0.69,4.851,Partly Cloudy,5.12,1026.6,4.54,0.43,1519221600,29.0,0.0,1.28,0.0
6.48,partly-cloudy-day,0.68,5.523,Mostly Cloudy,5.07,1026.1,4.51,0.71,1519225200,34.0,0.0,0.93,0.0
6.37,partly-cloudy-day,0.7,5.039,Mostly Cloudy,5.37,1025.8,3.6,0.87,1519228800,24.0,0.0,1.23,0.0
6.09,partly-cloudy-day,0.7,5.067,Mostly Cloudy,5.0,1025.8,3.71,0.74,1519232400,29.0,0.0,1.1,0.0
5.82,partly-cloudy-night,0.76,4.942,Mostly Cloudy,4.8,1025.8,3.5,0.82,1519236000,14.0,0.0,1.92,0.0
5.79,cloudy,0.79,3.942,Overcast,5.79,1026.0,2.99,0.89,1519239600,26.0,0.0,2.39,0.0
5.72,cloudy,0.79,3.901,Overcast,5.72,1026.1,2.69,0.92,1519243200,41.0,0.0118,2.4,0.07
5.35,cloudy,0.81,4.369,Overcast,4.41,1026.1,3.24,0.93,1519246800,32.0,0.016,2.4,0.1
5.0,cloudy,0.83,3.917,Overcast,3.83,1026.0,3.56,0.91,1519250400,41.0,0.0,2.29,0.0
4.81,cloudy,0.84,3.882,Overcast,3.76,1025.6,3.3,0.92,1519254000,50.0,0.0066,2.26,0.08
4.54,partly-cloudy-night,0.84,4.995,Mostly Cloudy,4.54,1025.4,0.67,0.77,1519257600,50.0,0.0274,2.05,0.12
4.47,cloudy,0.84,4.494,Overcast,3.3,1025.1,3.43,0.9,1519261200,58.0,0.0,1.92,0.0
4.28,cloudy,0.85,4.108,Overcast,2.47,1024.9,4.61,0.93,1519264800,78.0,0.0,2.06,0.0
4.01,partly-cloudy-night,0.83,4.004,Mostly Cloudy,1.9,1024.5,5.16,0.81,1519268400,69.0,0.0074,1.39,0.04
3.43,partly-cloudy-night,0.78,5.696,Mostly Cloudy,1.73,1024.2,4.1,0.61,1519272000,72.0,0.0,-0.01,0.0
2.94,partly-cloudy-night,0.76,5.979,Partly Cloudy,1.43,1024.2,3.63,0.4,1519275600,63.0,0.0,-0.8,0.0
2.46,partly-cloudy-night,0.78,5.895,Mostly Cloudy,0.98,1024.4,3.48,0.63,1519279200,56.0,0.0,-1.06,0.0
2.87,partly-cloudy-night,0.74,5.566,Mostly Cloudy,1.37,1024.5,3.59,0.87,1519282800,53.0,0.0066,-1.24,0.1
3.21,cloudy,0.72,5.351,Overcast,1.32,1024.6,4.4,0.92,1519286400,65.0,0.0337,-1.4,0.09
3.44,cloudy,0.69,5.453,Overcast,1.23,1024.7,5.17,0.92,1519290000,65.0,0.0412,-1.68,0.09
3.56,cloudy,0.67,5.761,Overcast,0.65,1024.8,7.08,0.92,1519293600,78.0,0.0224,-1.97,0.09
3.98,cloudy,0.64,5.933,Overcast,1.23,1024.8,6.85,0.92,1519297200,82.0,0.241,-2.21,0.1
4.38,partly-cloudy-day,0.61,6.129,Mostly Cloudy,0.15,1024.6,13.22,0.83,1519300800,77.0,0.0,-2.42,0.0
4.9,partly-cloudy-day,0.58,6.216,Mostly Cloudy,0.84,1024.4,13.06,0.81,1519304400,75.0,0.0,-2.58,0.0
6.09,partly-cloudy-day,0.52,6.216,Mostly Cloudy,1.91,1023.8,15.71,0.63,1519308000,92.0,0.0,-3.16,0.0
5.5,clear-day,0.49,6.216,Clear,2.73,1023.3,7.99,0.16,1519311600,99.0,0.0,-4.38,0.0
5.34,clear-day,0.5,6.216,Clear,2.73,1023.1,7.32,0.05,1519315200,95.0,0.5639,-4.37,0.09
4.37,clear-day,0.53,6.216,Clear,1.95,1023.2,6.14,0.02,1519318800,83.0,0.0,-4.49,0.0
3.53,clear-night,0.58,6.216,Clear,1.59,1023.3,4.61,0.02,1519322400,82.0,0.0,-4.07,0.0
3.2,clear-night,0.62,6.216,Clear,1.88,1023.4,3.39,0.0,1519326000,64.0,0.0,-3.44,0.0
2.7,clear-night,0.66,6.216,Clear,1.19,1023.5,3.57,0.0,1519329600,55.0,0.0,-2.98,0.0
2.11,clear-night,0.7,6.216,Clear,2.11,1023.4,2.91,0.0,1519333200,54.0,0.0,-2.7,0.0
1.83,clear-night,0.74,6.216,Clear,1.83,1023.4,2.36,0.04,1519336800,54.0,0.0,-2.24,0.0
1.57,clear-night,0.79,6.178,Clear,1.57,1023.2,2.26,0.06,1519340400,60.0,0.0,-1.7,0.0
1.62,partly-cloudy-night,0.8,5.447,Partly Cloudy,1.62,1023.0,0.56,0.58,1519344000,58.0,0.0,-1.41,0.0
1.26,partly-cloudy-night,0.82,5.514,Partly Cloudy,1.26,1022.7,2.42,0.38,1519347600,60.0,0.0,-1.49,0.0
0.84,clear-night,0.83,5.644,Clear,0.84,1022.6,1.97,0.25,1519351200,66.0,0.0,-1.69,0.0
0.71,clear-night,0.81,5.737,Clear,0.71,1022.4,1.79,0.25,1519354800,53.0,0.0,-2.11,0.0
1.0,clear-night,0.77,5.608,Clear,1.0,1022.2,2.51,0.0,1519358400,59.0,0.0,-2.64,0.0
0.64,clear-night,0.77,5.828,Clear,0.64,1022.1,2.14,0.06,1519362000,49.0,0.0,-2.99,0.0
0.56,partly-cloudy-night,0.76,5.978,Partly Cloudy,0.56,1022.2,2.39,0.54,1519365600,63.0,0.0,-3.11,0.0
1.29,cloudy,0.74,5.976,Overcast,-0.58,1022.4,3.81,0.92,1519369200,63.0,0.0,-2.83,0.0
1.41,cloudy,0.74,6.216,Overcast,-0.79,1022.3,4.41,0.89,1519372800,69.0,0.0119,-2.7,0.09
2.49,partly-cloudy-day,0.67,6.216,Mostly Cloudy,-0.22,1022.5,5.94,0.69,1519376400,78.0,0.141,-2.99,0.09
3.15,partly-cloudy-day,0.63,6.216,Mostly Cloudy,-0.37,1022.3,8.78,0.64,1519380000,83.0,0.2572,-3.24,0.09
3.61,partly-cloudy-day,0.6,6.216,Mostly Cloudy,0.24,1022.2,8.65,0.64,1519383600,90.0,0.0057,-3.54,0.04
3.94,partly-cloudy-day,0.6,6.216,Mostly Cloudy,0.49,1022.1,9.19,0.85,1519387200,89.0,0.5638,-3.21,0.16
3.94,cloudy,0.64,6.216,Overcast,0.43,1021.4,9.4,0.89,1519390800,89.0,0.0,-2.29,0.0
3.95,cloudy,0.6,6.216,Overcast,0.72,1020.8,8.38,0.9,1519394400,78.0,0.0,-3.02,0.0
3.92,cloudy,0.6,6.216,Overcast,0.66,1020.4,8.5,0.9,1519398000,84.0,0.0,-3.07,0.0
3.84,cloudy,0.61,6.216,Overcast,0.67,1020.0,8.1,0.9,1519401600,84.0,0.0,-3.02,0.0
3.04,cloudy,0.63,6.216,Overcast,-0.47,1019.9,8.68,0.9,1519405200,87.0,0.0181,-3.27,0.01
2.37,partly-cloudy-night,0.65,6.216,Mostly Cloudy,-0.85,1020.0,7.27,0.81,1519408800,80.0,0.0,-3.56,0.0
2.35,partly-cloudy-night,0.68,6.216,Mostly Cloudy,-0.43,1019.9,6.07,0.74,1519412400,67.0,0.0,-3.03,0.0
2.4,partly-cloudy-night,0.69,6.189,Mostly Cloudy,0.03,1019.7,5.11,0.78,1519416000,79.0,0.0,-2.75,0.0
2.62,partly-cloudy-night,0.68,6.216,Mostly Cloudy,0.04,1019.8,5.7,0.74,1519419600,88.0,0.0,-2.71,0.0
2.59,partly-cloudy-night,0.68,6.216,Mostly Cloudy,-0.3,1019.8,6.46,0.69,1519423200,98.0,0.0,-2.81,0.0
2.15,partly-cloudy-night,0.67,6.193,Mostly Cloudy,-0.38,1019.9,5.38,0.81,1519426800,97.0,0.0,-3.38,0.0
1.69,partly-cloudy-night,0.67,6.216,Mostly Cloudy,-0.68,1020.1,4.86,0.7,1519430400,94.0,0.0,-3.71,0.0
1.58,partly-cloudy-night,0.67,6.216,Partly Cloudy,-0.44,1020.2,4.16,0.33,1519434000,88.0,0.0,-3.91,0.0
1.1,clear-night,0.69,6.216,Clear,-0.63,1020.3,3.55,0.05,1519437600,77.0,0.0,-4.0,0.0
0.57,clear-night,0.71,6.216,Clear,0.57,1020.2,2.68,0.02,1519441200,77.0,0.0,-4.0,0.0
0.3,clear-night,0.74,6.189,Clear,0.3,1020.2,2.94,0.0,1519444800,73.0,0.0,-3.77,0.0
0.21,clear-night,0.74,6.003,Clear,-1.58,1020.2,3.45,0.0,1519448400,72.0,0.0,-3.88,0.0
0.1,clear-night,0.74,5.849,Clear,-1.46,1020.4,3.11,0.0,1519452000,69.0,0.0,-3.98,0.0
0.06,clear-night,0.73,5.982,Clear,-2.26,1020.9,4.25,0.0,1519455600,69.0,0.0,-4.16,0.0
0.39,clear-day,0.74,6.053,Clear,-1.95,1021.4,4.39,0.14,1519459200,74.0,0.0,-3.68,0.0
1.39,partly-cloudy-day,0.72,6.216,Partly Cloudy,-1.69,1021.7,6.35,0.34,1519462800,76.0,0.0602,-3.16,0.09
2.24,partly-cloudy-day,0.7,6.129,Partly Cloudy,-1.52,1021.8,8.89,0.48,1519466400,86.0,0.0,-2.58,0.0
3.21,partly-cloudy-day,0.65,6.129,Partly Cloudy,-0.62,1022.1,10.02,0.33,1519470000,78.0,0.0,-2.82,0.0
3.89,partly-cloudy-day,0.61,6.129,Partly Cloudy,0.32,1022.0,9.62,0.39,1519473600,79.0,0.0,-3.03,0.0
5.37,clear-day,0.5,6.216,Clear,1.92,1021.8,10.6,0.09,1519477200,83.0,0.0,-4.1,0.0
5.84,clear-day,0.47,6.216,Clear,2.64,1021.6,9.98,0.09,1519480800,80.0,0.0,-4.56,0.0
5.42,clear-day,0.49,6.216,Clear,2.07,1021.8,10.25,0.14,1519484400,82.0,0.0,-4.57,0.0
5.04,clear-day,0.5,6.216,Clear,1.55,1021.9,10.46,0.16,1519488000,82.0,0.0,-4.64,0.0
4.48,clear-day,0.52,6.216,Clear,1.16,1022.2,9.18,0.19,1519491600,80.0,0.0,-4.62,0.0
4.21,clear-night,0.57,6.216,Clear,1.2,1022.6,7.87,0.09,1519495200,77.0,0.0,-3.5,0.0
3.72,clear-night,0.64,6.216,Clear,1.17,1023.2,6.14,0.0,1519498800,74.0,0.0,-2.41,0.0
3.47,clear-night,0.69,6.216,Clear,0.48,1023.4,7.29,0.0,1519502400,80.0,0.4608,-1.72,0.09
3.3,clear-night,0.7,6.216,Clear,0.08,1023.9,7.88,0.05,1519506000,87.0,0.0,-1.61,0.0
3.32,partly-cloudy-night,0.71,6.216,Mostly Cloudy,0.21,1024.4,7.53,0.68,1519509600,88.0,0.0,-1.51,0.0
2.53,partly-cloudy-night,0.7,6.216,Partly Cloudy,-0.86,1024.8,7.91,0.54,1519513200,80.0,0.0,-2.3,0.0
2.24,partly-cloudy-night,0.69,6.216,Partly Cloudy,-0.88,1025.1,6.92,0.57,1519516800,82.0,0.0,-2.82,0.0
1.78,clear-night,0.7,6.216,Clear,-1.24,1025.2,6.37,0.03,1519520400,91.0,0.3953,-3.15,0.09
1.46,clear-night,0.7,6.216,Clear,-1.54,1025.6,6.19,0.04,1519524000,79.0,0.0,-3.47,0.0
1.23,clear-night,0.7,6.216,Clear,-1.31,1025.7,5.04,0.03,1519527600,83.0,0.0,-3.73,0.0
0.92,clear-night,0.7,6.216,Clear,-1.59,1026.0,4.89,0.28,1519531200,81.0,0.0,-3.89,0.0
0.72,clear-night,0.69,6.216,Clear,-1.9,1026.3,5.01,0.17,1519534800,68.0,0.0,-4.3,0.0
0.39,clear-night,0.7,6.216,Clear,-2.08,1026.7,4.63,0.06,1519538400,61.0,0.0,-4.49,0.0
-0.05,clear-day,0.72,6.216,Clear,-2.5,1027.1,4.45,0.02,1519542000,70.0,0.0057,-4.49,0.09
0.71,clear-day,0.69,6.216,Clear,-2.19,1027.6,5.63,0.0,1519545600,75.0,0.0166,-4.35,0.09
1.19,clear-day,0.66,6.216,Clear,-2.48,1027.9,7.85,0.03,1519549200,80.0,0.022,-4.45,0.09
2.03,clear-day,0.62,6.216,Clear,-2.14,1028.1,10.21,0.06,1519552800,95.0,0.0,-4.59,0.0
3.06,clear-day,0.56,6.216,Clear,-0.73,1028.3,9.72,0.07,1519556400,76.0,0.0,-4.9,0.0
3.52,clear-day,0.52,6.216,Clear,-0.2,1028.3,9.86,0.06,1519560000,79.0,0.0,-5.46,0.0
4.11,clear-day,0.52,6.216,Clear,0.77,1028.3,8.93,0.0,1519563600,73.0,0.0,-4.9,0.0
4.36,clear-day,0.49,6.216,Clear,1.01,1028.1,9.21,0.0,1519567200,75.0,0.0,-5.53,0.0
3.96,clear-day,0.44,6.216,Clear,0.71,1028.0,8.48,0.0,1519570800,73.0,0.0,-7.1,0.0
3.56,clear-day,0.44,6.216,Clear,0.4,1028.1,7.89,0.0,1519574400,72.0,0.0,-7.68,0.0
2.5,clear-day,0.46,6.216,Clear,-1.04,1028.6,8.34,0.0,1519578000,80.0,0.0,-7.87,0.0
1.92,clear-night,0.52,6.216,Clear,-1.3,1029.0,7.02,0.0,1519581600,77.0,0.0,-7.02,0.0
1.29,clear-night,0.53,6.216,Clear,-1.71,1029.1,6.12,0.0,1519585200,74.0,0.0,-7.23,0.0
0.76,clear-night,0.55,6.216,Clear,-2.39,1029.4,6.23,0.0,1519588800,64.0,0.0,-7.19,0.0
0.43,clear-night,0.57,6.216,Clear,-2.79,1029.6,6.25,0.06,1519592400,60.0,0.0,-7.05,0.0
0.37,clear-night,0.61,6.216,Clear,-2.67,1029.7,5.77,0.17,1519596000,66.0,0.0,-6.34,0.0
0.58,partly-cloudy-night,0.63,6.216,Mostly Cloudy,-2.32,1030.0,5.56,0.77,1519599600,62.0,0.0,-5.68,0.0
0.85,partly-cloudy-night,0.62,6.216,Mostly Cloudy,-2.12,1030.5,5.83,0.84,1519603200,67.0,0.0,-5.6,0.0
1.33,partly-cloudy-night,0.59,6.216,Mostly Cloudy,-1.95,1030.4,6.82,0.87,1519606800,69.0,0.0,-5.9,0.0
1.04,partly-cloudy-night,0.57,6.216,Mostly Cloudy,-2.24,1030.3,6.67,0.87,1519610400,65.0,0.0,-6.45,0.0
0.96,cloudy,0.57,6.216,Overcast,-2.6,1030.5,7.42,0.92,1519614000,67.0,0.0,-6.52,0.0
0.54,cloudy,0.54,6.216,Overcast,-3.38,1030.7,8.19,0.94,1519617600,70.0,0.0,-7.74,0.0
0.4,cloudy,0.56,6.216,Overcast,-3.26,1030.9,7.35,0.98,1519621200,63.0,0.2245,-7.47,0.1
-0.14,cloudy,0.6,6.214,Overcast,-3.65,1030.8,6.64,0.95,1519624800,67.0,0.0573,-6.98,0.1
-0.36,partly-cloudy-day,0.65,6.129,Partly Cloudy,-3.81,1031.1,6.42,0.43,1519628400,57.0,0.0165,-6.05,0.09
-0.56,partly-cloudy-day,0.74,6.216,Mostly Cloudy,-4.28,1031.5,6.98,0.83,1519632000,63.0,0.0055,-4.69,0.09
-1.15,partly-cloudy-day,0.83,4.045,Mostly Cloudy,-4.58,1031.7,6.01,0.67,1519635600,59.0,0.0271,-3.74,0.09
-0.27,partly-cloudy-day,0.77,6.119,Partly Cloudy,-4.29,1031.7,7.98,0.51,1519639200,56.0,0.1359,-3.77,0.09
0.52,partly-cloudy-day,0.66,5.317,Mostly Cloudy,-3.55,1031.7,8.67,0.66,1519642800,66.0,0.2261,-5.05,0.1
0.9,partly-cloudy-day,0.64,5.611,Mostly Cloudy,-2.91,1031.5,8.08,0.6,1519646400,70.0,0.08,-5.22,0.16
0.37,partly-cloudy-day,0.68,6.216,Partly Cloudy,-3.42,1031.2,7.7,0.46,1519650000,75.0,0.5144,-4.81,0.16
1.43,partly-cloudy-day,0.54,6.216,Partly Cloudy,-2.82,1030.5,9.96,0.51,1519653600,54.0,0.3549,-6.86,0.15
1.36,partly-cloudy-day,0.63,6.216,Mostly Cloudy,-2.26,1030.4,7.81,0.61,1519657200,50.0,0.4125,-4.92,0.09
0.92,partly-cloudy-day,0.6,5.737,Mostly Cloudy,-2.65,1030.2,7.38,0.67,1519660800,49.0,0.3582,-5.9,0.12
0.76,partly-cloudy-day,0.55,6.122,Partly Cloudy,-2.84,1029.8,7.39,0.47,1519664400,54.0,0.2876,-7.37,0.12
0.27,partly-cloudy-night,0.61,6.216,Partly Cloudy,-2.74,1029.9,5.65,0.45,1519668000,43.0,0.0948,-6.43,0.1
-0.2,clear-night,0.7,6.216,Clear,-3.15,1029.9,5.38,0.28,1519671600,39.0,0.0325,-4.98,0.09
-0.88,partly-cloudy-night,0.73,6.216,Partly Cloudy,-4.26,1029.5,6.01,0.43,1519675200,30.0,0.0433,-5.14,0.09
-1.11,clear-night,0.74,6.216,Clear,-4.51,1029.5,5.96,0.27,1519678800,35.0,0.0109,-5.17,0.09
-1.38,partly-cloudy-night,0.72,6.216,Partly Cloudy,-5.14,1029.4,6.66,0.59,1519682400,29.0,0.0123,-5.79,0.09
-1.58,partly-cloudy-night,0.71,6.216,Partly Cloudy,-4.79,1029.0,5.39,0.53,1519686000,31.0,0.0,-6.16,0.0
-1.72,clear-night,0.7,6.216,Clear,-4.8,1028.8,5.07,0.17,1519689600,31.0,0.0,-6.44,0.0
-1.44,partly-cloudy-night,0.69,6.216,Partly Cloudy,-4.33,1028.6,4.82,0.34,1519693200,24.0,0.0,-6.31,0.0
-1.59,partly-cloudy-night,0.72,5.998,Mostly Cloudy,-4.92,1028.0,5.61,0.73,1519696800,27.0,0.0,-5.89,0.0
-2.09,partly-cloudy-night,0.76,6.216,Partly Cloudy,-4.81,1027.4,4.35,0.38,1519700400,27.0,0.0,-5.73,0.0
-2.38,clear-night,0.78,5.983,Clear,-5.13,1027.0,4.31,0.23,1519704000,12.0,0.0,-5.7,0.0
-2.56,clear-night,0.8,6.216,Clear,-5.17,1026.6,4.06,0.3,1519707600,17.0,0.0,-5.54,0.0
-2.52,clear-night,0.81,6.214,Clear,-4.55,1026.1,3.25,0.12,1519711200,7.0,0.0,-5.39,0.0
-2.72,clear-day,0.83,6.216,Clear,-4.82,1025.8,3.31,0.14,1519714800,10.0,0.0,-5.18,0.0
-2.45,partly-cloudy-day,0.83,6.193,Partly Cloudy,-5.21,1025.6,4.31,0.42,1519718400,17.0,0.0,-4.99,0.0
-1.63,partly-cloudy-day,0.79,6.216,Partly Cloudy,-5.12,1025.3,5.94,0.34,1519722000,21.0,0.0,-4.86,0.0
-0.37,partly-cloudy-day,0.71,6.216,Partly Cloudy,-3.69,1024.8,6.09,0.37,1519725600,30.0,0.0,-5.08,0.0
-0.07,partly-cloudy-day,0.65,5.655,Mostly Cloudy,-3.34,1024.4,6.11,0.65,1519729200,58.0,0.0,-5.88,0.0
0.03,partly-cloudy-day,0.64,3.468,Mostly Cloudy,-3.14,1024.1,5.94,0.74,1519732800,70.0,0.0,-5.89,0.0
-0.11,partly-cloudy-day,0.63,5.715,Mostly Cloudy,-3.15,1023.6,5.58,0.77,1519736400,81.0,0.0,-6.31,0.0
-0.14,partly-cloudy-day,0.73,5.44,Mostly Cloudy,-3.18,1022.9,5.56,0.71,1519740000,103.0,0.0315,-4.49,0.09
-1.49,partly-cloudy-day,0.86,5.292,Mostly Cloudy,-4.41,1022.4,4.87,0.66,1519743600,100.0,0.0494,-3.58,0.16
-0.45,partly-cloudy-day,0.7,6.216,Partly Cloudy,-3.29,1022.2,5.06,0.52,1519747200,74.0,0.0737,-5.34,0.19
-0.75,partly-cloudy-day,0.58,6.216,Partly Cloudy,-3.02,1021.7,3.96,0.54,1519750800,63.0,0.0193,-7.96,0.11
-1.18,clear-night,0.6,6.216,Clear,-1.18,1021.6,2.95,0.09,1519754400,66.0,0.0,-7.91,0.0
-1.31,clear-night,0.61,6.216,Clear,-1.31,1021.5,0.43,0.06,1519758000,53.0,0.0,-7.94,0.0
-1.99,clear-night,0.65,6.216,Clear,-1.99,1021.4,0.33,0.15,1519761600,22.0,0.0084,-7.59,0.04
-1.92,clear-night,0.66,6.216,Clear,-1.92,1021.2,0.37,0.03,1519765200,38.0,0.0,-7.48,0.0
-2.3,clear-night,0.65,6.216,Clear,-2.3,1020.8,1.62,0.26,1519768800,34.0,0.0,-8.04,0.0
-2.78,partly-cloudy-night,0.69,6.216,Mostly Cloudy,-2.78,1020.4,1.59,0.61,1519772400,25.0,0.0,-7.68,0.0
-3.12,partly-cloudy-night,0.76,6.216,Mostly Cloudy,-3.12,1019.8,0.47,0.67,1519776000,28.0,0.0,-6.78,0.0
-3.47,clear-night,0.81,6.216,Clear,-3.47,1019.4,2.08,0.26,1519779600,18.0,0.0,-6.27,0.0
-3.88,partly-cloudy-night,0.85,6.216,Partly Cloudy,-3.88,1019.1,1.88,0.57,1519783200,47.0,0.0,-6.07,0.0
-3.51,partly-cloudy-night,0.86,2.873,Mostly Cloudy,-3.51,1018.5,2.6,0.74,1519786800,58.0,0.0,-5.55,0.0
-3.49,cloudy,0.87,2.269,Overcast,-3.49,1018.1,1.7,0.9,1519790400,71.0,0.0,-5.32,0.0
-3.94,partly-cloudy-night,0.91,3.987,Mostly Cloudy,-3.94,1018.0,2.01,0.64,1519794000,69.0,0.0,-5.24,0.0
-4.45,partly-cloudy-night,0.9,5.061,Partly Cloudy,-4.45,1017.9,1.24,0.36,1519797600,77.0,0.0,-5.87,0.0
-4.82,clear-day,0.84,5.853,Clear,-4.82,1018.1,2.52,0.13,1519801200,90.0,0.0,-7.08,0.0
-4.46,clear-day,0.81,6.067,Clear,-4.46,1018.0,2.78,0.07,1519804800,75.0,0.0,-7.26,0.0
-3.57,clear-day,0.77,6.084,Clear,-6.62,1018.2,4.49,0.1,1519808400,95.0,0.0,-7.02,0.0
-2.7,clear-day,0.62,6.14,Clear,-6.03,1018.1,5.22,0.08,1519812000,90.0,0.0,-8.94,0.0
-1.81,partly-cloudy-day,0.6,4.527,Mostly Cloudy,-5.92,1018.0,7.32,0.6,1519815600,91.0,0.0465,-8.53,0.2
-3.18,partly-cloudy-day,0.85,2.908,Mostly Cloudy,-7.92,1017.8,8.19,0.82,1519819200,90.0,0.0918,-5.3,0.25
-1.83,partly-cloudy-day,0.65,5.43,Mostly Cloudy,-6.81,1017.0,9.84,0.65,1519822800,95.0,0.0763,-7.48,0.24
-2.21,partly-cloudy-day,0.62,6.122,Mostly Cloudy,-7.35,1016.3,10.06,0.71,1519826400,87.0,0.0424,-8.48,0.24
-1.33,partly-cloudy-day,0.55,6.216,Mostly Cloudy,-6.43,1015.6,10.64,0.61,1519830000,88.0,0.0152,-9.25,0.15
-2.22,partly-cloudy-day,0.61,6.216,Mostly Cloudy,-7.3,1014.6,9.84,0.6,1519833600,69.0,0.0,-8.65,0.0
-2.78,partly-cloudy-day,0.72,6.043,Partly Cloudy,-7.9,1014.0,9.56,0.57,1519837200,63.0,0.0132,-7.16,0.05
-3.79,partly-cloudy-night,0.82,5.515,Mostly Cloudy,-8.81,1013.5,8.57,0.71,1519840800,57.0,0.0,-6.36,0.0
-4.09,partly-cloudy-night,0.81,5.798,Mostly Cloudy,-8.86,1013.1,7.75,0.68,1519844400,56.0,0.0,-6.8,0.0
-4.06,partly-cloudy-night,0.82,4.241,Mostly Cloudy,-8.67,1012.8,7.37,0.72,1519848000,60.0,0.0,-6.73,0.0
-3.99,partly-cloudy-night,0.84,4.49,Mostly Cloudy,-9.13,1012.2,8.79,0.86,1519851600,69.0,0.0,-6.22,0.0
-3.25,cloudy,0.73,4.232,Overcast,-8.4,1011.3,9.29,0.9,1519855200,75.0,0.0,-7.43,0.0
-3.42,cloudy,0.68,4.772,Overcast,-8.38,1010.7,8.65,0.92,1519858800,70.0,0.0,-8.38,0.0
-3.56,partly-cloudy-night,0.69,5.472,Mostly Cloudy,-8.27,1009.7,7.89,0.82,1519862400,72.0,0.0,-8.42,0.0
-3.55,cloudy,0.72,5.218,Overcast,-8.3,1008.9,8.0,0.93,1519866000,71.0,0.0,-7.93,0.0
-3.37,cloudy,0.72,4.395,Overcast,-8.3,1008.2,8.58,0.99,1519869600,70.0,0.0,-7.7,0.0
-3.37,cloudy,0.71,4.114,Overcast,-8.47,1007.0,9.07,0.94,1519873200,72.0,0.0,-7.82,0.0
-3.36,cloudy,0.74,4.405,Overcast,-8.6,1005.9,9.52,0.94,1519876800,70.0,0.0109,-7.32,0.02
-3.35,cloudy,0.71,4.973,Overcast,-8.91,1005.2,10.49,0.94,1519880400,71.0,0.0206,-7.85,0.05
-3.39,cloudy,0.74,4.685,Overcast,-8.78,1004.5,9.93,0.92,1519884000,71.0,0.6218,-7.42,0.14
-3.86,cloudy,0.81,2.206,Overcast,-9.2,1004.1,9.46,0.95,1519887600,69.0,0.0,-6.63,0.0
-3.64,cloudy,0.81,2.406,Overcast,-9.21,1003.4,10.32,0.92,1519891200,79.0,0.0,-6.37,0.0
-3.38,cloudy,0.8,2.221,Overcast,-8.63,1002.8,9.55,0.91,1519894800,74.0,0.0,-6.37,0.0
-3.34,fog,0.86,1.455,Foggy,-8.38,1002.2,8.94,0.91,1519898400,72.0,1.3903,-5.42,0.1
-2.73,partly-cloudy-day,0.81,3.676,Mostly Cloudy,-7.88,1001.5,9.66,0.77,1519902000,73.0,0.6695,-5.61,0.1
-2.56,cloudy,0.83,3.266,Overcast,-7.68,1000.6,9.72,0.92,1519905600,76.0,0.3536,-4.97,0.13
-2.35,cloudy,0.82,3.854,Overcast,-7.17,999.9,8.95,0.95,1519909200,75.0,2.0368,-4.93,0.13
-1.87,cloudy,0.82,4.428,Overcast,-6.79,998.9,9.59,0.95,1519912800,77.0,0.0,-4.55,0.0
-1.38,cloudy,0.8,4.975,Overcast,-6.53,997.9,10.78,0.95,1519916400,77.0,0.0,-4.43,0.0
-0.87,cloudy,0.73,5.164,Overcast,-6.22,997.2,12.02,0.95,1519920000,80.0,0.0085,-5.15,0.02
-0.42,cloudy,0.71,4.75,Overcast,-5.24,996.9,10.45,0.95,1519923600,80.0,0.0248,-5.01,0.02
-0.01,cloudy,0.67,5.273,Overcast,-5.0,996.4,11.45,0.95,1519927200,82.0,0.0801,-5.48,0.02
0.52,cloudy,0.65,5.62,Overcast,-4.48,996.1,12.03,0.95,1519930800,81.0,0.0682,-5.39,0.06
0.5,partly-cloudy-night,0.63,5.998,Mostly Cloudy,-4.3,996.0,11.21,0.72,1519934400,83.0,0.0547,-5.7,0.06
0.31,cloudy,0.67,4.444,Overcast,-4.97,995.9,13.04,0.88,1519938000,92.0,0.0698,-5.07,0.02
-0.52,partly-cloudy-night,0.78,3.376,Mostly Cloudy,-5.51,995.6,10.98,0.86,1519941600,81.0,0.0327,-3.93,0.02
-0.6,partly-cloudy-night,0.78,4.492,Mostly Cloudy,-5.55,995.3,10.72,0.86,1519945200,80.0,0.06,-4.0,0.02
-0.57,cloudy,0.77,4.266,Overcast,-5.45,994.9,10.54,0.9,1519948800,73.0,1.0702,-4.05,0.11
-0.3,cloudy,0.73,6.016,Overcast,-5.19,994.1,10.8,0.93,1519952400,65.0,0.0306,-4.52,0.06
-0.11,cloudy,0.7,6.172,Overcast,-4.86,993.7,10.47,0.96,1519956000,77.0,0.0839,-4.96,0.06
-0.14,cloudy,0.7,6.093,Overcast,-5.09,993.3,11.17,0.94,1519959600,77.0,0.9748,-4.92,0.15
-0.33,cloudy,0.72,6.025,Overcast,-5.43,992.7,11.54,0.99,1519963200,71.0,0.0369,-4.76,0.07
-0.38,cloudy,0.72,5.929,Overcast,-5.45,992.5,11.42,0.94,1519966800,74.0,0.4921,-4.81,0.15
-0.64,cloudy,0.75,5.451,Overcast,-5.82,992.3,11.57,0.95,1519970400,72.0,0.9348,-4.53,0.14
-0.81,cloudy,0.75,5.438,Overcast,-6.04,992.4,11.57,0.93,1519974000,71.0,0.023,-4.69,0.02
-0.84,cloudy,0.75,5.37,Overcast,-5.99,992.4,11.28,0.97,1519977600,71.0,0.0434,-4.63,0.06
-0.9,cloudy,0.77,4.715,Overcast,-5.98,992.6,10.94,0.97,1519981200,76.0,0.0338,-4.5,0.06
-1.13,cloudy,0.81,3.353,Overcast,-6.39,992.6,11.39,0.97,1519984800,80.0,0.0324,-3.94,0.02
-1.11,cloudy,0.84,3.147,Overcast,-6.19,992.5,10.77,0.97,1519988400,75.0,0.0136,-3.41,0.06
-1.24,cloudy,0.86,3.385,Overcast,-6.1,992.7,9.89,0.97,1519992000,80.0,2.1587,-3.33,0.13
-1.12,cloudy,0.83,2.838,Overcast,-5.96,992.7,9.93,0.97,1519995600,83.0,0.0,-3.62,0.0
-1.1,cloudy,0.87,3.174,Overcast,-5.53,992.5,8.62,0.97,1519999200,77.0,0.0,-3.06,0.0
-1.11,fog,0.89,1.656,Foggy,-5.12,992.3,7.43,0.93,1520002800,81.0,0.0,-2.76,0.0
-1.04,fog,0.91,1.363,Foggy,-4.69,992.1,6.57,0.92,1520006400,80.0,0.0329,-2.27,0.09
-1.27,fog,0.92,1.433,Foggy,-4.83,992.3,6.25,0.93,1520010000,83.0,0.0,-2.33,0.0
-1.0,fog,0.91,1.643,Foggy,-4.44,992.6,6.08,0.85,1520013600,82.0,0.0,-2.25,0.0
-0.81,fog,0.92,1.281,Foggy,-4.21,992.9,6.1,0.93,1520017200,81.0,0.0,-2.0,0.0
-0.36,cloudy,0.92,2.05,Overcast,-4.1,993.1,7.13,0.92,1520020800,87.0,0.0,-1.53,0.0
-0.04,cloudy,0.92,2.199,Overcast,-3.8,993.4,7.37,1.0,1520024400,96.0,0.0,-1.15,0.0
0.32,cloudy,0.92,2.112,Overcast,-3.44,993.3,7.59,0.95,1520028000,91.0,0.0,-0.87,0.0
0.44,fog,0.92,1.589,Foggy,-2.98,993.1,6.71,0.99,1520031600,97.0,0.0,-0.71,0.0
0.57,fog,0.93,1.225,Foggy,-2.83,992.9,6.75,1.0,1520035200,93.0,0.0,-0.42,0.0
0.82,fog,0.93,0.989,Foggy,-2.05,992.8,5.59,1.0,1520038800,86.0,0.0,-0.16,0.0
1.0,fog,0.95,0.895,Foggy,-2.22,992.6,6.51,1.0,1520042400,88.0,0.0,0.23,0.0
1.1,fog,0.95,0.843,Foggy,-1.79,992.2,5.74,1.0,1520046000,84.0,0.0,0.34,0.0
1.35,fog,0.94,0.768,Foggy,-1.12,992.0,4.93,1.0,1520049600,91.0,0.0,0.52,0.0
1.44,fog,0.95,0.647,Foggy,-1.33,991.6,5.6,1.0,1520053200,91.0,0.0221,0.79,0.09
1.47,rain,0.95,0.584,Possible Drizzle,-1.32,991.9,5.68,1.0,1520056800,90.0,0.0756,0.82,0.28
1.56,rain,0.95,0.909,Possible Drizzle,-1.38,992.4,6.08,1.0,1520060400,88.0,0.1793,0.84,0.31
1.56,rain,0.95,0.804,Possible Light Rain,-1.0,992.7,5.21,1.0,1520064000,85.0,0.246,0.84,0.43
1.62,rain,0.96,0.924,Possible Light Rain,-1.46,993.0,6.46,1.0,1520067600,96.0,0.2719,0.98,0.44
1.92,rain,0.94,0.913,Possible Light Rain,-1.25,993.0,6.86,0.96,1520071200,91.0,0.3469,0.98,0.4
2.47,rain,0.91,1.299,Possible Light Rain,-0.45,993.2,6.49,0.89,1520074800,88.0,0.4871,1.21,0.45
2.69,rain,0.91,1.667,Possible Light Rain,-0.4,993.0,7.11,0.9,1520078400,85.0,0.5053,1.35,0.41
2.95,rain,0.88,1.91,Possible Light Rain,-0.05,992.6,7.0,0.89,1520082000,81.0,0.373,1.11,0.38
3.16,rain,0.88,1.991,Possible Drizzle,0.08,992.3,7.37,0.85,1520085600,83.0,0.2102,1.43,0.33
3.05,rain,0.88,1.871,Possible Drizzle,-0.16,991.9,7.66,0.85,1520089200,78.0,0.0953,1.25,0.29
3.04,fog,0.88,1.776,Foggy,-0.01,991.8,7.18,0.92,1520092800,79.0,0.057,1.22,0.18
3.07,fog,0.88,1.76,Foggy,0.01,991.7,7.21,0.92,1520096400,88.0,0.0836,1.27,0.19
2.98,rain,0.89,1.425,Possible Drizzle,0.11,991.9,6.63,0.95,1520100000,85.0,0.1012,1.4,0.4
3.0,rain,0.93,1.16,Possible Light Rain,-0.02,991.8,7.07,0.92,1520103600,91.0,0.2516,2.0,0.62
3.38,rain,0.92,1.055,Possible Drizzle,0.61,991.7,6.58,0.84,1520107200,93.0,0.1493,2.28,0.6
3.58,rain,0.92,1.063,Possible Drizzle,1.05,991.7,6.03,0.84,1520110800,106.0,0.118,2.41,0.35
3.66,rain,0.94,1.167,Possible Drizzle,1.51,991.8,5.11,0.77,1520114400,110.0,0.1021,2.74,0.3
2.76,fog,0.94,1.232,Foggy,0.96,992.0,4.08,0.65,1520118000,108.0,0.0271,1.88,0.09
3.1,fog,0.95,1.378,Foggy,3.1,992.1,0.77,0.38,1520121600,107.0,0.0086,2.38,0.05
3.36,fog,0.94,1.377,Foggy,3.36,992.0,2.36,0.76,1520125200,97.0,0.0143,2.49,0.09
3.56,fog,0.93,1.615,Foggy,2.25,991.8,3.43,0.71,1520128800,102.0,0.0252,2.6,0.12
3.59,fog,0.94,1.63,Foggy,2.38,991.3,3.29,0.8,1520132400,104.0,0.0103,2.78,0.06
3.97,fog,0.96,1.799,Foggy,3.97,990.8,2.57,0.45,1520136000,96.0,0.0,3.33,0.0
3.94,partly-cloudy-night,0.95,2.052,Mostly Cloudy,3.94,990.7,2.33,0.8,1520139600,104.0,0.037,3.24,0.09
3.99,cloudy,0.95,2.284,Overcast,3.99,990.5,2.47,0.94,1520143200,120.0,0.0,3.25,0.0
3.68,partly-cloudy-day,0.96,2.872,Mostly Cloudy,2.16,990.5,3.85,0.86,1520146800,134.0,0.0144,3.08,0.11
4.62,partly-cloudy-day,0.98,4.275,Partly Cloudy,2.66,990.5,5.08,0.46,1520150400,143.0,0.0626,4.32,0.16
6.5,partly-cloudy-day,0.95,5.213,Mostly Cloudy,5.01,990.4,4.73,0.73,1520154000,152.0,0.0279,5.8,0.16
7.91,partly-cloudy-day,0.85,5.911,Mostly Cloudy,6.47,990.4,5.25,0.71,1520157600,161.0,0.0199,5.55,0.16
8.73,partly-cloudy-day,0.8,6.044,Mostly Cloudy,7.6,990.2,4.76,0.75,1520161200,160.0,0.1086,5.53,0.12
8.45,partly-cloudy-day,0.83,6.216,Mostly Cloudy,6.95,989.9,5.71,0.72,1520164800,155.0,0.0853,5.65,0.14
8.65,partly-cloudy-day,0.81,6.189,Partly Cloudy,7.52,989.4,4.74,0.49,1520168400,159.0,0.0491,5.65,0.22
8.49,rain,0.83,6.216,Possible Drizzle,7.39,989.0,4.58,0.65,1520172000,154.0,0.0552,5.79,0.31
8.33,partly-cloudy-day,0.82,6.216,Mostly Cloudy,7.15,988.8,4.74,0.8,1520175600,156.0,0.037,5.36,0.21
7.92,rain,0.82,6.216,Possible Drizzle,6.65,988.6,4.78,0.91,1520179200,154.0,0.1011,5.04,0.26
7.47,rain,0.84,6.216,Possible Drizzle,6.5,988.5,3.9,0.97,1520182800,143.0,0.0483,4.87,0.27
7.3,cloudy,0.85,5.499,Overcast,6.22,988.4,4.06,0.92,1520186400,141.0,0.0345,4.96,0.08
7.01,cloudy,0.88,5.458,Overcast,6.11,988.6,3.59,0.88,1520190000,156.0,0.0281,5.18,0.06
6.58,partly-cloudy-night,0.9,5.192,Mostly Cloudy,5.75,988.7,3.36,0.84,1520193600,161.0,0.012,5.02,0.07
5.68,partly-cloudy-night,0.92,5.533,Partly Cloudy,4.51,988.8,3.75,0.37,1520197200,168.0,0.0067,4.51,0.03
6.46,partly-cloudy-night,0.91,5.968,Mostly Cloudy,5.16,988.9,4.26,0.75,1520200800,186.0,0.0344,5.08,0.09
6.34,partly-cloudy-night,0.86,5.89,Mostly Cloudy,4.99,988.8,4.35,0.75,1520204400,200.0,0.0198,4.15,0.11
6.25,partly-cloudy-night,0.86,6.078,Partly Cloudy,4.43,989.0,5.47,0.51,1520208000,202.0,0.0414,4.08,0.2
6.09,partly-cloudy-night,0.87,6.15,Partly Cloudy,4.53,989.1,4.72,0.54,1520211600,212.0,0.0398,4.05,0.18
5.98,clear-night,0.89,6.184,Clear,4.43,989.2,4.67,0.26,1520215200,218.0,0.0069,4.39,0.05
5.65,partly-cloudy-night,0.85,6.216,Partly Cloudy,4.0,989.2,4.76,0.59,1520218800,215.0,0.0314,3.4,0.09
5.42,clear-night,0.91,6.216,Clear,3.76,989.3,4.68,0.18,1520222400,201.0,0.0283,4.01,0.17
4.74,clear-night,0.93,6.184,Clear,2.91,989.7,4.82,0.08,1520226000,205.0,0.0237,3.72,0.1
5.18,clear-night,0.93,5.628,Clear,3.33,990.0,5.03,0.23,1520229600,205.0,0.0,4.17,0.0
4.81,partly-cloudy-day,0.94,5.277,Mostly Cloudy,3.31,990.2,4.12,0.77,1520233200,194.0,0.035,3.98,0.14
5.93,partly-cloudy-day,0.94,5.331,Mostly Cloudy,4.4,990.5,4.6,0.65,1520236800,192.0,0.0212,5.04,0.08
7.0,partly-cloudy-day,0.88,5.756,Mostly Cloudy,5.83,990.5,4.18,0.65,1520240400,185.0,0.0679,5.15,0.14
7.94,partly-cloudy-day,0.81,6.174,Partly Cloudy,6.76,990.3,4.54,0.57,1520244000,167.0,0.0184,4.96,0.1
10.2,partly-cloudy-day,0.73,6.216,Partly Cloudy,10.2,990.2,5.28,0.39,1520247600,160.0,0.0,5.57,0.0
10.5,partly-cloudy-day,0.69,6.216,Mostly Cloudy,10.5,989.7,5.62,0.71,1520251200,157.0,0.0,5.12,0.0
9.96,partly-cloudy-day,0.69,6.216,Mostly Cloudy,8.56,989.1,6.36,0.7,1520254800,146.0,0.0406,4.54,0.18
10.34,partly-cloudy-day,0.67,6.216,Partly Cloudy,10.34,988.4,6.17,0.36,1520258400,137.0,0.0348,4.51,0.2
9.44,partly-cloudy-day,0.72,6.216,Mostly Cloudy,7.75,987.9,7.05,0.66,1520262000,126.0,0.0838,4.62,0.18
7.74,rain,0.78,6.024,Possible Drizzle,6.0,987.5,6.05,0.73,1520265600,126.0,0.0869,4.21,0.27
7.13,rain,0.82,6.129,Possible Drizzle,5.11,987.1,6.54,0.6,1520269200,100.0,0.1155,4.34,0.26
7.42,partly-cloudy-night,0.85,6.012,Mostly Cloudy,5.36,987.3,6.87,0.75,1520272800,112.0,0.0736,5.11,0.22
7.21,partly-cloudy-night,0.85,6.054,Mostly Cloudy,5.34,986.9,6.11,0.73,1520276400,110.0,0.0137,4.86,0.1
7.46,partly-cloudy-night,0.86,5.566,Mostly Cloudy,5.67,986.4,6.03,0.86,1520280000,117.0,0.0236,5.19,0.13
7.94,partly-cloudy-night,0.83,6.122,Mostly Cloudy,6.33,986.0,5.76,0.61,1520283600,121.0,0.0731,5.28,0.23
8.46,rain,0.79,5.51,Possible Drizzle,6.71,985.7,6.56,0.36,1520287200,143.0,0.0724,5.0,0.34
8.45,rain,0.84,6.024,Possible Drizzle,6.89,985.6,5.92,0.57,1520290800,150.0,0.1588,5.84,0.38
8.45,rain,0.84,6.154,Possible Drizzle,7.2,985.4,4.99,0.73,1520294400,163.0,0.0956,5.92,0.38
8.08,rain,0.89,6.216,Possible Drizzle,6.78,985.5,4.94,0.78,1520298000,181.0,0.0445,6.33,0.32
7.87,cloudy,0.86,6.216,Overcast,6.44,985.8,5.2,0.94,1520301600,204.0,0.0162,5.72,0.14
7.55,cloudy,0.86,6.216,Overcast,6.1,986.0,5.07,0.91,1520305200,212.0,0.0057,5.31,0.01
7.09,partly-cloudy-night,0.83,6.216,Mostly Cloudy,5.75,986.2,4.61,0.8,1520308800,220.0,0.0081,4.4,0.01
6.82,cloudy,0.8,6.163,Overcast,5.5,986.6,4.45,0.94,1520312400,227.0,0.0067,3.62,0.01
6.55,partly-cloudy-night,0.83,6.192,Mostly Cloudy,5.18,987.1,4.46,0.84,1520316000,219.0,0.0,3.93,0.0
6.06,partly-cloudy-day,0.83,6.216,Mostly Cloudy,4.72,987.4,4.21,0.87,1520319600,210.0,0.0,3.46,0.0
6.36,cloudy,0.81,6.216,Overcast,5.02,987.8,4.32,0.92,1520323200,207.0,0.0,3.35,0.0
6.66,cloudy,0.81,6.216,Overcast,5.45,988.2,4.16,0.9,1520326800,217.0,0.0,3.64,0.0
7.88,cloudy,0.76,6.216,Overcast,6.73,988.5,4.47,0.9,1520330400,212.0,0.0,3.92,0.0
8.72,partly-cloudy-day,0.68,6.216,Mostly Cloudy,7.7,988.7,4.47,0.86,1520334000,216.0,0.0,3.2,0.0
9.3,partly-cloudy-day,0.56,6.216,Mostly Cloudy,8.35,988.7,4.54,0.78,1520337600,229.0,0.0,1.08,0.0
9.53,partly-cloudy-day,0.58,6.216,Mostly Cloudy,8.68,988.7,4.38,0.74,1520341200,218.0,0.0076,1.75,0.07
9.19,partly-cloudy-day,0.7,6.216,Mostly Cloudy,8.59,988.7,3.63,0.78,1520344800,218.0,0.0,3.96,0.0
9.72,partly-cloudy-day,0.66,6.216,Mostly Cloudy,8.93,988.7,4.3,0.62,1520348400,209.0,0.0395,3.75,0.17
9.06,partly-cloudy-day,0.7,6.216,Mostly Cloudy,7.73,988.6,5.51,0.66,1520352000,217.0,0.0153,3.8,0.12
9.05,clear-day,0.66,6.216,Clear,8.63,988.9,3.23,0.29,1520355600,187.0,0.0,3.13,0.0
8.58,clear-night,0.69,6.216,Clear,8.58,989.5,2.54,0.23,1520359200,173.0,0.0,3.21,0.0
7.6,clear-night,0.74,6.216,Clear,7.6,989.8,2.67,0.19,1520362800,180.0,0.0218,3.19,0.05
6.8,clear-night,0.77,6.216,Clear,6.8,989.8,2.15,0.17,1520366400,158.0,0.0,3.11,0.0
5.57,clear-night,0.85,6.162,Clear,5.57,990.1,1.37,0.23,1520370000,157.0,0.0,3.23,0.0
5.0,clear-night,0.89,6.109,Clear,5.0,990.3,0.9,0.18,1520373600,145.0,0.0,3.36,0.0
4.89,clear-night,0.92,5.958,Clear,4.89,990.3,1.09,0.16,1520377200,100.0,0.0,3.63,0.0
4.69,clear-night,0.9,5.623,Clear,4.69,990.4,0.17,0.23,1520380800,133.0,0.0,3.16,0.0
5.23,partly-cloudy-night,0.91,5.052,Mostly Cloudy,5.23,990.6,0.81,0.73,1520384400,0.0,0.0355,3.87,0.06
5.39,partly-cloudy-night,0.9,5.555,Mostly Cloudy,5.39,990.5,0.85,0.73,1520388000,43.0,0.0571,3.86,0.13
5.24,partly-cloudy-night,0.89,4.002,Mostly Cloudy,5.24,990.3,1.3,0.84,1520391600,63.0,0.0997,3.61,0.2
5.02,rain,0.93,3.867,Possible Drizzle,5.02,990.5,1.51,0.86,1520395200,319.0,0.1218,4.02,0.31
5.85,rain,0.89,3.278,Possible Drizzle,5.85,990.8,2.02,0.86,1520398800,312.0,0.0942,4.11,0.38
6.11,rain,0.85,3.519,Possible Drizzle,6.11,991.2,2.95,0.78,1520402400,321.0,0.1316,3.81,0.41
5.74,rain,0.86,4.335,Possible Drizzle,4.53,991.9,3.84,0.94,1520406000,321.0,0.1943,3.56,0.41
5.72,rain,0.84,4.705,Possible Drizzle,5.72,992.8,2.91,0.88,1520409600,296.0,0.1938,3.25,0.38
5.44,rain,0.91,5.389,Possible Drizzle,5.44,993.6,2.81,0.9,1520413200,282.0,0.213,4.03,0.39
5.91,rain,0.88,5.968,Possible Drizzle,4.8,994.1,3.71,0.8,1520416800,283.0,0.1144,4.0,0.38
7.35,rain,0.81,5.798,Possible Drizzle,6.28,994.6,4.08,0.71,1520420400,268.0,0.063,4.31,0.36
8.49,partly-cloudy-day,0.75,5.874,Mostly Cloudy,6.98,995.0,5.76,0.7,1520424000,274.0,0.0301,4.33,0.12
9.39,partly-cloudy-day,0.75,6.216,Mostly Cloudy,7.98,995.0,5.99,0.61,1520427600,257.0,0.0167,5.13,0.08
9.87,partly-cloudy-day,0.66,6.216,Partly Cloudy,8.48,995.2,6.22,0.46,1520431200,259.0,0.0,3.79,0.0
10.5,clear-day,0.59,6.216,Clear,10.5,995.5,7.24,0.27,1520434800,255.0,0.0,2.71,0.0
10.38,clear-day,0.51,6.216,Clear,10.38,995.8,7.71,0.29,1520438400,264.0,0.0165,0.62,0.08
9.36,partly-cloudy-day,0.53,6.216,Partly Cloudy,7.73,996.2,6.76,0.35,1520442000,261.0,0.0,0.25,0.0
7.67,clear-night,0.61,6.216,Clear,5.91,997.0,6.07,0.16,1520445600,243.0,0.0,0.71,0.0
6.59,clear-night,0.69,6.216,Clear,4.94,997.6,5.18,0.04,1520449200,230.0,0.0,1.33,0.0
5.99,clear-night,0.73,6.216,Clear,4.36,997.9,4.87,0.04,1520452800,227.0,0.0,1.45,0.0
5.46,clear-night,0.77,6.216,Clear,3.87,998.2,4.55,0.0,1520456400,217.0,0.0133,1.77,0.05
4.99,clear-night,0.82,6.216,Clear,3.33,998.2,4.52,0.0,1520460000,210.0,0.0314,2.09,0.16
4.84,clear-night,0.85,6.216,Clear,3.01,997.8,4.86,0.03,1520463600,206.0,0.0118,2.51,0.18
5.46,clear-night,0.83,6.216,Clear,4.09,997.2,4.06,0.03,1520467200,198.0,0.0,2.85,0.0
5.49,rain,0.87,6.178,Possible Drizzle,3.4,996.7,5.82,0.48,1520470800,196.0,0.1811,3.58,0.34
5.03,rain,0.88,6.216,Possible Drizzle,3.52,995.7,4.24,0.75,1520474400,170.0,0.1937,3.2,0.38
5.16,rain,0.93,4.122,Possible Drizzle,3.35,994.6,4.93,0.75,1520478000,185.0,0.1498,4.09,0.6
5.6,rain,0.9,6.102,Light Rain,3.81,993.2,5.08,0.76,1520481600,175.0,0.3549,4.11,0.8
6.13,rain,0.92,5.803,Light Rain,3.54,992.1,7.78,0.76,1520485200,183.0,0.4317,4.93,0.77
6.77,rain,0.88,6.214,Light Rain,4.25,992.1,8.1,0.82,1520488800,217.0,0.3605,4.95,0.66
5.95,rain,0.84,6.216,Possible Drizzle,3.53,992.6,7.1,0.51,1520492400,236.0,0.1936,3.45,0.61
5.9,rain,0.8,6.216,Possible Drizzle,3.13,993.1,8.29,0.52,1520496000,236.0,0.0608,2.78,0.3
6.45,partly-cloudy-day,0.73,6.216,Partly Cloudy,3.41,993.4,9.95,0.36,1520499600,237.0,0.0157,1.97,0.23
7.39,partly-cloudy-day,0.67,6.216,Mostly Cloudy,4.19,993.8,11.89,0.71,1520503200,250.0,0.0137,1.66,0.04
7.5,partly-cloudy-day,0.64,6.216,Mostly Cloudy,3.97,994.3,14.05,0.71,1520506800,250.0,0.0102,1.11,0.21
7.79,rain,0.62,6.197,Possible Drizzle,4.41,995.2,13.55,0.71,1520510400,261.0,0.0788,0.9,0.3
8.47,partly-cloudy-day,0.59,6.216,Mostly Cloudy,5.42,996.2,12.68,0.74,1520514000,266.0,0.0236,0.86,0.17
9.36,partly-cloudy-day,0.5,6.216,Mostly Cloudy,6.51,996.8,12.85,0.67,1520517600,271.0,0.0169,-0.41,0.05
8.8,partly-cloudy-day,0.51,6.216,Partly Cloudy,6.04,997.5,11.43,0.45,1520521200,275.0,0.0,-0.8,0.0
9.5,clear-day,0.52,6.216,Clear,7.2,998.0,9.87,0.18,1520524800,269.0,0.0,0.2,0.0
9.44,partly-cloudy-day,0.45,6.216,Partly Cloudy,7.5,998.8,8.09,0.5,1520528400,264.0,0.0,-2.01,0.0
8.4,clear-night,0.52,6.216,Clear,6.75,999.6,6.17,0.05,1520532000,253.0,0.0,-0.84,0.0
7.84,clear-night,0.58,6.216,Clear,6.61,1000.3,4.64,0.03,1520535600,226.0,0.0,0.06,0.0
7.11,clear-night,0.7,6.216,Clear,5.61,1001.0,5.02,0.05,1520539200,224.0,0.0,2.04,0.0
7.27,clear-night,0.71,6.216,Clear,5.83,1001.7,4.91,0.21,1520542800,231.0,0.0,2.3,0.0
6.82,partly-cloudy-night,0.74,6.216,Partly Cloudy,5.4,1002.4,4.69,0.57,1520546400,235.0,0.0,2.5,0.0
6.27,clear-night,0.78,6.216,Clear,4.8,1002.9,4.58,0.2,1520550000,236.0,0.0,2.63,0.0
5.64,clear-night,0.8,6.216,Clear,5.64,1003.2,0.75,0.23,1520553600,232.0,0.0,2.54,0.0
5.34,clear-night,0.82,6.216,Clear,4.38,1003.5,3.29,0.2,1520557200,238.0,0.0,2.47,0.0
4.83,clear-night,0.82,6.216,Clear,4.83,1003.9,2.49,0.12,1520560800,233.0,0.0,2.09,0.0
4.14,clear-night,0.86,6.216,Clear,4.14,1003.9,1.43,0.1,1520564400,223.0,0.0,1.94,0.0
3.32,clear-night,0.9,6.216,Clear,3.32,1004.0,1.24,0.06,1520568000,209.0,0.0,1.78,0.0
2.81,clear-night,0.92,6.106,Clear,2.81,1003.9,1.01,0.1,1520571600,210.0,0.0,1.57,0.0
3.16,clear-night,0.93,6.005,Clear,3.16,1004.2,1.77,0.0,1520575200,201.0,0.0,2.16,0.0
3.75,clear-day,0.93,6.216,Clear,3.75,1004.3,1.16,0.0,1520578800,167.0,0.0,2.68,0.0
4.87,clear-day,0.87,6.216,Clear,4.87,1004.2,1.55,0.0,1520582400,159.0,0.0,2.88,0.0
6.19,clear-day,0.83,6.216,Clear,6.19,1004.1,2.64,0.19,1520586000,123.0,0.0,3.52,0.0
7.36,clear-day,0.78,6.216,Clear,6.77,1003.8,3.11,0.19,1520589600,122.0,0.0,3.85,0.0
8.54,clear-day,0.75,6.216,Clear,7.92,1003.3,3.48,0.26,1520593200,126.0,0.0,4.3,0.0
9.29,partly-cloudy-day,0.72,6.216,Mostly Cloudy,8.18,1002.5,4.98,0.78,1520596800,127.0,0.0,4.53,0.0
9.43,partly-cloudy-day,0.72,6.216,Mostly Cloudy,8.22,1001.6,5.39,0.83,1520600400,129.0,0.0,4.56,0.0
9.15,partly-cloudy-day,0.76,5.838,Mostly Cloudy,7.98,1001.1,5.07,0.64,1520604000,138.0,0.011,5.2,0.05
8.89,cloudy,0.83,5.298,Overcast,7.75,1000.7,4.87,0.94,1520607600,131.0,0.0568,6.09,0.12
8.41,rain,0.9,5.048,Possible Drizzle,7.19,999.9,4.88,0.95,1520611200,131.0,0.1653,6.83,0.47
8.13,rain,0.93,4.518,Possible Light Rain,6.97,999.2,4.58,0.95,1520614800,122.0,0.4215,7.1,0.63
8.14,rain,0.94,4.013,Light Rain,6.87,998.7,4.88,0.95,1520618400,124.0,0.4507,7.23,0.73
8.16,rain,0.96,3.298,Light Rain,6.89,997.8,4.89,0.95,1520622000,112.0,0.422,7.51,0.68
8.5,rain,0.96,2.094,Possible Light Rain,7.36,997.3,4.7,0.95,1520625600,127.0,0.3982,7.88,0.65
8.71,rain,0.97,1.717,Possible Light Rain,7.42,996.6,5.24,0.95,1520629200,134.0,0.685,8.21,0.64
9.24,rain,0.96,2.553,Light Rain,7.94,995.9,5.56,0.81,1520632800,166.0,0.7155,8.66,0.74
10.4,rain,0.96,4.914,Light Rain,10.4,995.5,5.61,0.95,1520636400,191.0,0.2881,9.72,0.68
10.57,rain,0.93,4.942,Possible Drizzle,10.57,995.2,4.62,0.91,1520640000,198.0,0.1804,9.44,0.56
10.61,cloudy,0.94,5.206,Overcast,10.61,995.3,4.79,0.99,1520643600,196.0,0.0824,9.65,0.19
10.9,partly-cloudy-night,0.93,5.543,Mostly Cloudy,10.9,995.0,5.58,0.77,1520647200,193.0,0.1167,9.81,0.15
10.69,partly-cloudy-night,0.93,5.174,Mostly Cloudy,10.69,994.4,4.29,0.75,1520650800,197.0,0.0396,9.52,0.19
10.49,partly-cloudy-night,0.91,5.938,Partly Cloudy,10.49,993.9,4.9,0.53,1520654400,187.0,0.0491,9.12,0.21
10.63,partly-cloudy-night,0.89,6.045,Partly Cloudy,10.63,993.8,5.59,0.59,1520658000,194.0,0.1453,8.95,0.22
11.05,partly-cloudy-night,0.87,6.167,Partly Cloudy,11.05,993.8,4.72,0.36,1520661600,182.0,0.083,8.94,0.21
10.95,clear-day,0.87,6.216,Clear,10.95,993.7,4.61,0.25,1520665200,190.0,0.0631,8.92,0.16
10.98,clear-day,0.87,6.216,Clear,10.98,993.8,5.92,0.17,1520668800,186.0,0.173,8.84,0.11
11.47,clear-day,0.86,6.216,Clear,11.47,994.1,5.56,0.18,1520672400,186.0,0.1384,9.16,0.11
12.08,partly-cloudy-day,0.84,6.216,Partly Cloudy,12.08,994.6,7.03,0.52,1520676000,194.0,0.1794,9.37,0.17
12.38,partly-cloudy-day,0.84,6.216,Mostly Cloudy,12.38,994.4,6.15,0.77,1520679600,201.0,0.3477,9.68,0.17
12.45,partly-cloudy-day,0.84,6.216,Mostly Cloudy,12.45,994.6,6.34,0.8,1520683200,192.0,0.1273,9.83,0.16
13.06,partly-cloudy-day,0.84,6.216,Mostly Cloudy,13.06,994.6,5.68,0.79,1520686800,193.0,0.2194,10.34,0.2
13.4,cloudy,0.83,6.129,Overcast,13.4,994.5,6.23,0.92,1520690400,192.0,0.0891,10.58,0.21
14.05,partly-cloudy-day,0.81,6.216,Mostly Cloudy,14.05,994.4,7.57,0.8,1520694000,201.0,0.0213,10.78,0.13
13.58,partly-cloudy-day,0.83,6.216,Mostly Cloudy,13.58,994.5,7.54,0.8,1520697600,209.0,0.0871,10.7,0.09
12.56,partly-cloudy-day,0.8,6.216,Mostly Cloudy,12.56,994.9,6.72,0.79,1520701200,211.0,0.0059,9.27,0.09
11.91,partly-cloudy-night,0.79,6.144,Mostly Cloudy,11.91,995.9,6.09,0.71,1520704800,216.0,0.0,8.32,0.0
10.86,partly-cloudy-night,0.82,6.059,Partly Cloudy,10.86,995.9,4.1,0.52,1520708400,209.0,0.0,7.91,0.0
9.87,clear-night,0.86,5.498,Clear,9.26,996.9,3.89,0.09,1520712000,197.0,0.0,7.65,0.0
9.51,clear-night,0.88,5.141,Clear,8.77,997.2,4.1,0.08,1520715600,213.0,0.0,7.59,0.0
8.83,clear-night,0.89,4.416,Clear,8.83,997.1,2.42,0.19,1520719200,213.0,0.0,7.19,0.0
8.05,clear-night,0.92,3.584,Clear,8.05,996.5,1.4,0.23,1520722800,231.0,0.0,6.84,0.0
7.54,clear-night,0.93,3.366,Clear,7.54,995.8,0.26,0.19,1520726400,158.0,0.0,6.42,0.0
7.49,clear-night,0.95,3.111,Clear,7.49,995.5,1.46,0.26,1520730000,109.0,0.0,6.72,0.0
7.46,clear-night,0.95,3.132,Clear,7.46,995.2,1.79,0.09,1520733600,119.0,0.0,6.79,0.0
7.44,clear-night,0.96,2.57,Clear,7.44,994.4,1.17,0.28,1520737200,75.0,0.0,6.88,0.0
7.37,clear-night,0.96,2.81,Clear,7.37,993.7,1.18,0.22,1520740800,69.0,0.0,6.71,0.0
7.0,clear-night,0.96,2.317,Clear,7.0,993.3,1.73,0.27,1520744400,79.0,0.0114,6.38,0.05
8.02,cloudy,0.9,2.789,Overcast,8.02,993.1,1.18,0.89,1520748000,73.0,0.0,6.54,0.0
7.86,partly-cloudy-day,0.92,3.614,Mostly Cloudy,7.86,992.7,0.95,0.72,1520751600,74.0,0.0411,6.6,0.18
7.94,clear-day,0.93,4.016,Clear,7.94,992.4,1.45,0.26,1520755200,90.0,0.0182,6.89,0.14
9.16,clear-day,0.88,5.153,Clear,8.8,992.2,3.14,0.28,1520758800,92.0,0.0219,7.34,0.04
10.45,partly-cloudy-day,0.83,6.216,Partly Cloudy,10.45,991.5,5.79,0.33,1520762400,102.0,0.0135,7.7,0.08
10.53,partly-cloudy-day,0.82,6.216,Mostly Cloudy,10.53,990.8,6.33,0.76,1520766000,106.0,0.0345,7.56,0.2
10.39,cloudy,0.82,6.216,Overcast,10.39,990.4,6.26,0.89,1520769600,94.0,0.052,7.48,0.17
10.2,cloudy,0.84,6.159,Overcast,10.2,990.1,6.02,0.95,1520773200,100.0,0.0094,7.57,0.09
10.54,cloudy,0.82,5.952,Overcast,10.54,989.3,6.1,0.89,1520776800,90.0,0.0489,7.59,0.09
10.94,partly-cloudy-day,0.81,6.216,Mostly Cloudy,10.94,989.1,5.48,0.87,1520780400,93.0,0.0133,7.88,0.09
10.99,partly-cloudy-day,0.83,6.122,Mostly Cloudy,10.99,988.4,5.52,0.69,1520784000,83.0,0.0,8.23,0.0
10.89,partly-cloudy-day,0.85,5.952,Mostly Cloudy,10.89,988.0,5.54,0.68,1520787600,83.0,0.0607,8.54,0.11
9.96,rain,0.91,5.317,Possible Drizzle,8.82,988.0,5.43,0.69,1520791200,87.0,0.119,8.63,0.37
9.43,rain,0.92,4.505,Possible Light Rain,8.45,988.4,4.68,0.76,1520794800,111.0,0.3391,8.22,0.6
8.9,rain,0.94,3.649,Possible Drizzle,8.03,988.0,4.17,0.7,1520798400,101.0,0.129,7.98,0.41
8.62,partly-cloudy-night,0.94,3.17,Mostly Cloudy,7.92,988.0,3.67,0.67,1520802000,112.0,0.0204,7.68,0.12
8.43,rain,0.94,3.162,Possible Drizzle,7.02,988.0,5.41,0.79,1520805600,110.0,0.0721,7.45,0.33
8.36,rain,0.94,2.95,Possible Drizzle,7.62,987.7,3.68,0.74,1520809200,106.0,0.0981,7.38,0.5
8.53,rain,0.94,3.408,Possible Drizzle,8.53,987.3,0.61,0.25,1520812800,100.0,0.073,7.68,0.36
8.42,rain,0.94,5.506,Possible Drizzle,7.98,986.8,3.11,0.53,1520816400,89.0,0.066,7.44,0.27
8.52,partly-cloudy-night,0.92,5.879,Partly Cloudy,8.52,986.2,2.93,0.35,1520820000,98.0,0.0415,7.23,0.22
8.54,partly-cloudy-night,0.91,5.971,Partly Cloudy,8.02,985.6,3.28,0.34,1520823600,93.0,0.0196,7.11,0.11
8.76,partly-cloudy-night,0.89,5.187,Mostly Cloudy,8.04,985.2,3.78,0.76,1520827200,95.0,0.0255,6.99,0.17
8.52,rain,0.88,6.163,Possible Drizzle,7.63,985.0,4.07,0.93,1520830800,94.0,0.0744,6.69,0.28
8.33,rain,0.91,5.577,Possible Drizzle,8.33,984.8,2.9,0.77,1520834400,88.0,0.1445,6.93,0.5
8.52,rain,0.92,6.162,Possible Drizzle,7.49,984.6,4.43,0.62,1520838000,80.0,0.1851,7.22,0.57
8.96,rain,0.89,5.573,Possible Drizzle,7.98,984.6,4.45,0.68,1520841600,76.0,0.1381,7.21,0.39
9.39,rain,0.89,5.634,Possible Drizzle,8.77,984.9,3.76,0.75,1520845200,64.0,0.2226,7.71,0.52
9.74,rain,0.9,5.386,Possible Light Rain,9.26,985.4,3.55,0.92,1520848800,40.0,0.3236,8.17,0.61
9.9,rain,0.9,5.193,Possible Light Rain,9.27,986.1,3.98,0.91,1520852400,348.0,0.3644,8.29,0.41
9.71,rain,0.9,5.363,Possible Light Rain,8.75,986.8,4.77,0.93,1520856000,317.0,0.2734,8.22,0.45
10.39,rain,0.89,4.43,Possible Drizzle,10.39,987.3,5.68,0.89,1520859600,301.0,0.1915,8.65,0.42
10.59,rain,0.88,6.112,Possible Light Rain,10.59,988.1,6.1,0.75,1520863200,301.0,0.3304,8.76,0.52
10.45,rain,0.88,6.088,Possible Drizzle,10.45,988.9,6.07,0.8,1520866800,287.0,0.1775,8.61,0.33
10.44,rain,0.86,6.159,Possible Drizzle,10.44,989.7,6.52,0.75,1520870400,290.0,0.1223,8.14,0.3
10.01,partly-cloudy-day,0.85,6.006,Mostly Cloudy,10.01,990.7,6.81,0.8,1520874000,294.0,0.0362,7.51,0.18
9.5,partly-cloudy-night,0.82,6.004,Mostly Cloudy,7.95,992.0,6.54,0.72,1520877600,300.0,0.0278,6.55,0.21
8.41,rain,0.86,6.016,Possible Drizzle,6.59,993.2,6.74,0.84,1520881200,295.0,0.0675,6.16,0.29
7.87,rain,0.85,6.159,Possible Drizzle,5.51,994.4,8.4,0.86,1520884800,313.0,0.1044,5.57,0.3
7.55,cloudy,0.84,6.216,Overcast,5.4,995.7,7.32,0.95,1520888400,310.0,0.0373,5.07,0.23
7.46,cloudy,0.83,5.84,Overcast,5.44,996.8,6.76,0.95,1520892000,314.0,0.0284,4.76,0.1
7.03,cloudy,0.83,6.076,Overcast,4.77,997.8,7.31,0.89,1520895600,318.0,0.0072,4.28,0.02
6.7,partly-cloudy-night,0.82,6.172,Mostly Cloudy,4.53,998.9,6.77,0.85,1520899200,316.0,0.0056,3.83,0.02
6.56,cloudy,0.82,6.189,Overcast,4.38,999.8,6.72,0.94,1520902800,315.0,0.0,3.73,0.0
6.34,cloudy,0.83,6.061,Overcast,3.96,1000.7,7.24,0.9,1520906400,325.0,0.0212,3.65,0.12
6.07,cloudy,0.84,6.216,Overcast,3.89,1001.6,6.42,0.91,1520910000,315.0,0.0119,3.5,0.14
6.06,cloudy,0.84,6.137,Overcast,4.4,1002.5,4.98,0.99,1520913600,313.0,0.0,3.61,0.0
6.32,cloudy,0.84,6.049,Overcast,4.7,1003.3,4.98,0.91,1520917200,317.0,0.0,3.75,0.0
6.38,cloudy,0.83,6.09,Overcast,5.39,1004.1,3.6,0.89,1520920800,308.0,0.0,3.71,0.0
6.26,partly-cloudy-day,0.86,6.065,Mostly Cloudy,5.4,1005.1,3.34,0.6,1520924400,294.0,0.0,4.11,0.0
6.14,partly-cloudy-day,0.86,5.828,Mostly Cloudy,4.67,1006.1,4.52,0.63,1520928000,288.0,0.0,4.0,0.0
7.63,partly-cloudy-day,0.81,6.103,Mostly Cloudy,6.33,1007.0,4.75,0.63,1520931600,287.0,0.0085,4.61,0.04
8.6,partly-cloudy-day,0.79,6.072,Mostly Cloudy,7.63,1007.6,4.32,0.77,1520935200,286.0,0.0,5.19,0.0
9.87,partly-cloudy-day,0.69,6.216,Mostly Cloudy,9.08,1008.2,4.39,0.72,1520938800,290.0,0.0,4.48,0.0
10.17,partly-cloudy-day,0.67,6.216,Mostly Cloudy,10.17,1008.6,4.73,0.86,1520942400,310.0,0.0,4.35,0.0
10.5,partly-cloudy-day,0.65,6.216,Mostly Cloudy,10.5,1009.0,4.15,0.78,1520946000,293.0,0.0116,4.25,0.05
10.18,partly-cloudy-day,0.71,6.216,Mostly Cloudy,10.18,1009.0,4.32,0.86,1520949600,291.0,0.0,5.15,0.0
10.92,partly-cloudy-day,0.67,6.216,Mostly Cloudy,10.92,1009.2,3.41,0.78,1520953200,260.0,0.0,5.07,0.0
10.92,partly-cloudy-day,0.66,6.216,Partly Cloudy,10.92,1009.3,3.49,0.56,1520956800,241.0,0.0,4.77,0.0
10.47,partly-cloudy-day,0.69,6.216,Partly Cloudy,10.47,1009.4,2.4,0.56,1520960400,225.0,0.0276,5.1,0.1
9.59,partly-cloudy-night,0.72,6.043,Mostly Cloudy,9.59,1009.8,2.73,0.61,1520964000,181.0,0.0497,4.78,0.15
7.81,clear-night,0.79,6.216,Clear,7.81,1010.0,2.95,0.25,1520967600,177.0,0.0365,4.44,0.16
7.57,clear-night,0.86,6.216,Clear,7.57,1010.2,2.14,0.08,1520971200,192.0,0.0054,5.4,0.03
6.53,partly-cloudy-night,0.84,6.216,Partly Cloudy,6.53,1010.3,2.89,0.48,1520974800,198.0,0.0,3.96,0.0
6.04,clear-night,0.8,6.178,Clear,5.18,1010.7,3.27,0.07,1520978400,206.0,0.0,2.8,0.0
5.38,clear-night,0.81,6.112,Clear,5.38,1010.8,2.88,0.19,1520982000,204.0,0.0,2.46,0.0
4.8,clear-night,0.84,6.039,Clear,4.8,1010.8,0.39,0.04,1520985600,200.0,0.0,2.29,0.0
4.26,clear-night,0.87,6.039,Clear,4.26,1010.6,1.83,0.04,1520989200,198.0,0.0,2.35,0.0
4.27,clear-night,0.91,5.998,Clear,4.27,1010.2,1.95,0.13,1520992800,185.0,0.0123,2.89,0.02
4.35,clear-night,0.94,5.767,Clear,4.35,1009.4,1.85,0.18,1520996400,132.0,0.0,3.39,0.0
4.04,partly-cloudy-night,0.94,5.412,Partly Cloudy,4.04,1008.7,2.97,0.4,1521000000,122.0,0.0,3.11,0.0
4.83,partly-cloudy-night,0.91,6.184,Partly Cloudy,3.57,1008.1,3.67,0.48,1521003600,139.0,0.0062,3.54,0.02
4.77,clear-night,0.91,5.894,Clear,3.26,1007.6,4.14,0.06,1521007200,144.0,0.0,3.48,0.0
5.07,clear-day,0.92,5.959,Clear,3.4,1007.2,4.58,0.13,1521010800,142.0,0.0122,3.95,0.06
6.1,clear-day,0.91,6.103,Clear,4.23,1006.7,5.53,0.18,1521014400,138.0,0.0,4.71,0.0
8.45,clear-day,0.79,6.193,Clear,6.7,1006.0,6.56,0.23,1521018000,153.0,0.0,5.05,0.0
10.45,clear-day,0.69,6.216,Clear,10.45,1005.0,7.76,0.2,1521021600,155.0,0.0,4.94,0.0
11.93,partly-cloudy-day,0.6,6.216,Partly Cloudy,11.93,1003.9,9.32,0.39,1521025200,152.0,0.0,4.44,0.0
12.82,partly-cloudy-day,0.52,6.216,Partly Cloudy,12.82,1003.3,10.46,0.41,1521028800,165.0,0.0,3.32,0.0
12.93,clear-day,0.51,6.216,Clear,12.93,1002.3,9.74,0.31,1521032400,162.0,0.0,2.93,0.0
12.51,clear-day,0.56,6.216,Clear,12.51,1000.8,9.73,0.19,1521036000,150.0,0.0,3.97,0.0
12.49,clear-day,0.54,6.216,Clear,12.49,999.9,9.97,0.18,1521039600,143.0,0.0,3.46,0.0
12.33,clear-day,0.55,6.216,Clear,12.33,998.7,9.29,0.19,1521043200,136.0,0.0,3.66,0.0
11.86,clear-day,0.59,6.216,Clear,11.86,998.2,8.96,0.19,1521046800,133.0,0.0,4.19,0.0
11.08,clear-night,0.61,6.216,Clear,11.08,997.4,8.66,0.19,1521050400,127.0,0.0257,3.87,0.05
10.92,clear-night,0.59,6.216,Clear,10.92,996.7,9.58,0.22,1521054000,130.0,0.0245,3.33,0.05
10.58,clear-night,0.61,6.216,Clear,10.58,995.7,9.57,0.22,1521057600,127.0,0.0255,3.35,0.05
10.41,clear-night,0.61,6.216,Clear,10.41,994.8,8.86,0.22,1521061200,127.0,0.0,3.12,0.0
9.91,clear-night,0.65,6.216,Clear,8.09,993.6,8.0,0.22,1521064800,116.0,0.0313,3.58,0.05
9.79,clear-night,0.69,6.216,Clear,8.11,992.5,7.31,0.22,1521068400,108.0,0.0277,4.3,0.05
9.85,clear-night,0.69,6.216,Clear,8.11,991.3,7.62,0.21,1521072000,115.0,0.0472,4.35,0.09
9.62,partly-cloudy-night,0.72,6.154,Partly Cloudy,8.08,990.4,6.62,0.44,1521075600,112.0,0.1059,4.86,0.25
8.84,rain,0.78,6.034,Possible Light Rain,6.96,989.4,7.32,0.51,1521079200,124.0,0.3468,5.3,0.34
8.06,rain,0.87,5.448,Possible Light Rain,5.98,988.2,7.47,0.76,1521082800,128.0,0.5786,6.01,0.57
8.03,rain,0.91,5.508,Possible Light Rain,5.92,987.7,7.53,0.77,1521086400,131.0,0.6784,6.69,0.64
8.15,rain,0.93,5.315,Light Rain,6.44,987.7,6.21,0.94,1521090000,143.0,0.6889,7.02,0.65
8.41,rain,0.95,5.219,Possible Light Rain,7.05,987.7,5.24,0.75,1521093600,149.0,0.5652,7.6,0.63
8.58,rain,0.93,5.628,Possible Light Rain,7.37,988.0,4.91,0.84,1521097200,151.0,0.4075,7.54,0.63
8.61,rain,0.94,5.282,Possible Light Rain,7.5,988.4,4.66,0.95,1521100800,145.0,0.2583,7.73,0.62
8.9,rain,0.94,3.837,Possible Drizzle,7.77,989.1,4.87,0.97,1521104400,151.0,0.132,7.92,0.52
9.5,rain,0.91,5.797,Possible Drizzle,8.43,989.0,4.97,0.92,1521108000,161.0,0.147,8.04,0.58
9.89,rain,0.9,5.073,Possible Drizzle,8.9,989.2,4.94,0.92,1521111600,155.0,0.0695,8.4,0.4
10.54,partly-cloudy-day,0.84,6.103,Mostly Cloudy,10.54,989.5,5.08,0.75,1521115200,156.0,0.0551,7.98,0.23
11.1,cloudy,0.82,6.216,Overcast,11.1,989.8,5.48,0.89,1521118800,158.0,0.0202,8.08,0.23
11.26,partly-cloudy-day,0.78,6.216,Mostly Cloudy,11.26,989.5,5.18,0.79,1521122400,163.0,0.02,7.59,0.1
12.09,cloudy,0.74,6.216,Overcast,12.09,989.6,5.48,0.9,1521126000,150.0,0.0323,7.6,0.11
12.93,partly-cloudy-day,0.66,6.216,Mostly Cloudy,12.93,989.4,4.85,0.66,1521129600,151.0,0.0151,6.82,0.07
12.71,partly-cloudy-day,0.63,6.216,Mostly Cloudy,12.71,989.6,5.83,0.7,1521133200,148.0,0.0065,5.85,0.09
11.3,partly-cloudy-night,0.7,6.216,Mostly Cloudy,11.3,990.2,4.23,0.61,1521136800,128.0,0.0243,6.04,0.09
10.29,clear-night,0.78,6.122,Clear,10.29,990.9,3.8,0.18,1521140400,122.0,0.0187,6.58,0.1
9.88,clear-night,0.79,5.965,Clear,9.41,991.1,3.6,0.3,1521144000,107.0,0.0182,6.42,0.07
9.79,partly-cloudy-night,0.81,5.853,Partly Cloudy,8.85,991.3,4.75,0.47,1521147600,100.0,0.0162,6.63,0.07
9.23,partly-cloudy-night,0.84,5.886,Partly Cloudy,8.29,991.4,4.48,0.55,1521151200,98.0,0.0591,6.59,0.07
8.91,partly-cloudy-night,0.85,5.148,Partly Cloudy,7.91,991.6,4.51,0.35,1521154800,104.0,0.0271,6.55,0.07
9.07,partly-cloudy-night,0.86,4.108,Mostly Cloudy,8.15,992.0,4.35,0.76,1521158400,115.0,0.0443,6.83,0.07
8.59,partly-cloudy-night,0.9,4.434,Mostly Cloudy,7.49,992.1,4.62,0.76,1521162000,128.0,0.0213,6.99,0.1
8.86,partly-cloudy-night,0.9,5.814,Mostly Cloudy,7.85,992.2,4.5,0.8,1521165600,152.0,0.0427,7.32,0.18
9.28,cloudy,0.85,5.87,Overcast,7.96,992.5,5.63,0.89,1521169200,171.0,0.0087,6.93,0.06
9.29,cloudy,0.83,5.907,Overcast,7.87,993.2,5.96,0.93,1521172800,200.0,0.0072,6.5,0.05
8.92,partly-cloudy-night,0.82,6.106,Mostly Cloudy,7.77,994.1,4.91,0.73,1521176400,211.0,0.0,6.04,0.0
8.46,partly-cloudy-night,0.86,6.123,Mostly Cloudy,7.56,995.0,4.07,0.76,1521180000,208.0,0.0275,6.29,0.06
8.44,partly-cloudy-day,0.88,6.189,Partly Cloudy,7.34,996.0,4.56,0.45,1521183600,202.0,0.0,6.51,0.0
8.72,partly-cloudy-day,0.85,6.216,Mostly Cloudy,7.47,997.1,5.11,0.69,1521187200,199.0,0.0,6.42,0.0
10.04,partly-cloudy-day,0.78,6.216,Mostly Cloudy,10.04,998.0,6.01,0.64,1521190800,205.0,0.0,6.35,0.0
11.21,partly-cloudy-day,0.69,6.216,Partly Cloudy,11.21,998.7,5.69,0.49,1521194400,219.0,0.0193,5.67,0.16
12.12,partly-cloudy-day,0.6,6.216,Partly Cloudy,12.12,999.4,5.32,0.58,1521198000,220.0,0.0,4.68,0.0
12.57,partly-cloudy-day,0.56,6.216,Mostly Cloudy,12.57,999.9,5.19,0.69,1521201600,206.0,0.0067,4.08,0.05
12.26,partly-cloudy-day,0.61,6.216,Partly Cloudy,12.26,1000.3,4.56,0.39,1521205200,187.0,0.0446,5.05,0.2
13.52,partly-cloudy-day,0.52,6.216,Partly Cloudy,13.52,1000.3,4.31,0.42,1521208800,174.0,0.0292,3.95,0.14
13.32,partly-cloudy-day,0.6,6.216,Partly Cloudy,13.32,1000.5,4.08,0.36,1521212400,140.0,0.0212,5.74,0.12
12.22,partly-cloudy-day,0.62,6.216,Partly Cloudy,12.22,1000.6,4.16,0.49,1521216000,151.0,0.0443,5.07,0.05
11.7,partly-cloudy-day,0.62,6.216,Partly Cloudy,11.7,1000.9,2.91,0.46,1521219600,150.0,0.0,4.58,0.0
11.33,partly-cloudy-day,0.65,6.216,Mostly Cloudy,11.33,1001.6,2.28,0.73,1521223200,120.0,0.356,5.01,0.15
10.3,partly-cloudy-night,0.71,6.216,Partly Cloudy,10.3,1002.5,3.02,0.37,1521226800,114.0,0.3474,5.18,0.19
9.38,clear-night,0.73,6.216,Clear,9.38,1003.0,1.8,0.27,1521230400,123.0,0.0194,4.69,0.02
8.72,clear-night,0.77,6.14,Clear,8.72,1003.4,2.34,0.14,1521234000,94.0,0.0,4.94,0.0
8.62,partly-cloudy-night,0.83,5.893,Mostly Cloudy,7.44,1003.7,4.85,0.67,1521237600,82.0,0.013,5.89,0.11
7.74,partly-cloudy-night,0.88,4.603,Mostly Cloudy,5.71,1004.0,7.03,0.83,1521241200,87.0,0.0576,5.82,0.12
7.64,cloudy,0.87,5.148,Overcast,5.7,1004.4,6.64,0.93,1521244800,89.0,0.2123,5.57,0.09
6.57,cloudy,0.91,3.128,Overcast,4.19,1004.7,7.41,0.94,1521248400,80.0,0.4595,5.14,0.09
5.58,cloudy,0.91,2.526,Overcast,2.88,1005.1,7.77,0.94,1521252000,67.0,0.2524,4.18,0.17
4.82,cloudy,0.89,3.153,Overcast,1.83,1005.1,8.23,0.99,1521255600,66.0,0.1739,3.17,0.22
3.91,cloudy,0.88,4.08,Overcast,0.37,1005.3,9.53,0.99,1521259200,66.0,0.2038,2.09,0.17
3.37,cloudy,0.82,5.77,Overcast,-0.32,1005.7,9.62,0.99,1521262800,69.0,0.2517,0.52,0.15
2.55,cloudy,0.86,5.872,Overcast,-1.11,1006.2,8.81,0.94,1521266400,55.0,0.2667,0.44,0.21
1.59,cloudy,0.89,2.706,Overcast,-2.27,1006.4,8.74,0.94,1521270000,54.0,0.1916,0.0,0.17
1.3,cloudy,0.86,3.112,Overcast,-2.84,1006.8,9.48,0.89,1521273600,52.0,0.1097,-0.79,0.2
0.62,cloudy,0.9,2.11,Overcast,-3.68,1006.9,9.48,0.89,1521277200,55.0,0.1512,-0.85,0.21
0.88,snow,0.85,4.626,Possible Flurries,-3.4,1006.8,9.62,0.92,1521280800,53.0,0.0569,-1.36,0.27
0.78,snow,0.79,5.363,Possible Flurries,-3.57,1007.0,9.81,0.92,1521284400,53.0,0.0589,-2.43,0.28
0.77,cloudy,0.76,5.911,Overcast,-3.56,1006.9,9.74,0.89,1521288000,54.0,0.0322,-2.9,0.22
0.53,cloudy,0.74,6.05,Overcast,-4.26,1006.7,11.18,0.89,1521291600,54.0,0.0321,-3.59,0.13
0.32,cloudy,0.74,6.003,Overcast,-4.41,1006.3,10.8,0.89,1521295200,50.0,0.031,-3.76,0.1
0.28,cloudy,0.74,5.681,Overcast,-4.21,1006.1,9.83,0.89,1521298800,49.0,0.0,-3.84,0.0
-0.02,cloudy,0.75,4.753,Overcast,-4.25,1005.9,8.75,0.92,1521302400,51.0,0.0,-3.94,0.0
-0.16,cloudy,0.79,4.451,Overcast,-4.44,1005.7,8.8,0.92,1521306000,44.0,0.0,-3.37,0.0
-0.37,cloudy,0.8,3.107,Overcast,-4.38,1005.9,7.86,0.95,1521309600,42.0,0.0,-3.49,0.0
-0.66,cloudy,0.84,2.157,Overcast,-4.6,1005.9,7.5,0.95,1521313200,47.0,0.0,-2.96,0.0
-0.6,fog,0.86,1.909,Foggy,-4.59,1005.9,7.66,0.93,1521316800,51.0,0.0,-2.64,0.0
-0.66,cloudy,0.88,2.208,Overcast,-4.59,1005.8,7.46,0.92,1521320400,61.0,0.0,-2.37,0.0
-0.56,cloudy,0.88,2.418,Overcast,-4.59,1005.6,7.79,0.92,1521324000,59.0,0.0,-2.3,0.0
-0.39,cloudy,0.86,5.464,Overcast,-4.45,1005.5,8.0,0.94,1521327600,62.0,0.0,-2.49,0.0
-0.26,cloudy,0.84,4.424,Overcast,-4.23,1005.3,7.8,0.94,1521331200,63.0,0.0,-2.71,0.0
0.21,cloudy,0.76,4.453,Overcast,-3.92,1005.3,8.59,0.91,1521334800,64.0,0.0,-3.58,0.0
-0.02,cloudy,0.82,2.546,Overcast,-3.92,1005.4,7.76,0.91,1521338400,75.0,0.0,-2.8,0.0
-0.34,fog,0.89,1.581,Foggy,-4.15,1005.2,7.32,0.94,1521342000,72.0,0.0,-1.96,0.0
-0.11,cloudy,0.89,2.918,Overcast,-4.24,1005.1,8.38,0.94,1521345600,83.0,0.0,-1.78,0.0
0.5,cloudy,0.8,4.72,Overcast,-5.73,1005.4,18.27,0.89,1521349200,74.0,0.0,-2.49,0.0
0.77,cloudy,0.77,6.216,Overcast,-3.59,1006.0,9.83,0.99,1521352800,84.0,0.0,-2.81,0.0
0.81,cloudy,0.77,6.206,Overcast,-3.56,1006.8,9.87,0.99,1521356400,79.0,0.0,-2.84,0.0
0.58,cloudy,0.76,6.043,Overcast,-3.82,1007.7,9.8,0.95,1521360000,82.0,0.0,-3.13,0.0
0.88,cloudy,0.73,5.949,Overcast,-5.31,1008.4,18.66,0.95,1521363600,72.0,0.0,-3.34,0.0
0.58,cloudy,0.72,6.043,Overcast,-3.78,1008.9,9.68,0.95,1521367200,73.0,0.0,-3.85,0.0
0.57,cloudy,0.72,6.043,Overcast,-3.66,1009.3,9.21,0.95,1521370800,60.0,0.0328,-3.97,0.15
0.49,cloudy,0.7,6.043,Overcast,-3.68,1009.5,8.96,0.95,1521374400,64.0,0.0154,-4.36,0.15
0.41,cloudy,0.69,6.216,Overcast,-4.02,1009.6,9.75,0.95,1521378000,57.0,0.016,-4.54,0.05
0.37,cloudy,0.7,6.216,Overcast,-3.85,1009.5,9.03,0.95,1521381600,66.0,0.0233,-4.41,0.11
0.35,cloudy,0.69,6.216,Overcast,-3.82,1009.7,8.86,0.95,1521385200,61.0,0.0288,-4.74,0.11
0.34,cloudy,0.7,6.043,Overcast,-3.56,1009.9,8.02,0.95,1521388800,55.0,0.0146,-4.41,0.06
-0.3,cloudy,0.82,2.738,Overcast,-4.12,1010.1,7.37,0.95,1521392400,55.0,0.0186,-3.05,0.11
-0.75,fog,0.89,1.82,Foggy,-3.8,1010.6,5.36,0.84,1521396000,46.0,0.0196,-2.36,0.1
-0.54,partly-cloudy-night,0.86,3.747,Mostly Cloudy,-3.77,1010.9,5.81,0.83,1521399600,43.0,0.0,-2.54,0.0
-0.19,partly-cloudy-night,0.85,3.949,Mostly Cloudy,-3.09,1011.1,5.25,0.8,1521403200,53.0,0.0,-2.41,0.0
0.04,partly-cloudy-night,0.82,4.565,Mostly Cloudy,-2.64,1011.3,4.92,0.8,1521406800,52.0,0.0,-2.63,0.0
0.71,cloudy,0.78,4.296,Overcast,-1.99,1011.4,5.18,0.89,1521410400,65.0,0.0,-2.77,0.0
0.99,cloudy,0.76,6.216,Overcast,-1.77,1011.5,5.42,0.94,1521414000,74.0,0.0051,-2.77,0.02
1.05,cloudy,0.72,6.216,Overcast,-1.22,1011.6,4.45,0.94,1521417600,60.0,0.0,-3.4,0.0
1.26,cloudy,0.69,6.216,Overcast,-1.14,1011.4,4.75,0.92,1521421200,62.0,0.0,-3.72,0.0
1.26,cloudy,0.64,6.216,Overcast,-1.74,1011.5,6.09,1.0,1521424800,66.0,0.0,-4.74,0.0
0.89,cloudy,0.65,6.216,Overcast,-2.07,1011.4,5.81,0.98,1521428400,54.0,0.0,-4.93,0.0
0.78,cloudy,0.65,6.216,Overcast,-2.49,1011.5,6.51,0.97,1521432000,45.0,0.0,-5.05,0.0
0.42,cloudy,0.64,6.216,Overcast,-2.72,1011.9,6.04,0.99,1521435600,47.0,0.0,-5.54,0.0
0.31,cloudy,0.64,6.214,Overcast,-3.25,1012.1,7.0,0.96,1521439200,48.0,0.0,-5.74,0.0
0.33,cloudy,0.63,6.216,Overcast,-3.12,1012.6,6.77,0.9,1521442800,40.0,0.0,-5.9,0.0
0.44,cloudy,0.65,6.216,Overcast,-3.38,1013.3,7.82,0.88,1521446400,46.0,0.0,-5.44,0.0
0.5,partly-cloudy-day,0.63,6.216,Mostly Cloudy,-3.66,1013.8,8.91,0.87,1521450000,50.0,0.0,-5.81,0.0
0.94,cloudy,0.61,6.216,Overcast,-3.53,1014.5,10.37,0.92,1521453600,59.0,0.0,-5.75,0.0
1.09,cloudy,0.59,6.216,Overcast,-3.2,1015.1,9.81,0.89,1521457200,53.0,0.0205,-6.13,0.09
1.57,partly-cloudy-day,0.59,6.216,Mostly Cloudy,-2.78,1015.6,10.48,0.83,1521460800,66.0,0.1058,-5.67,0.22
2.46,rain,0.56,6.216,Possible Light Rain,-1.83,1015.6,11.12,0.8,1521464400,63.0,0.3583,-5.49,0.54
2.92,rain,0.54,6.216,Possible Light Rain,-1.03,1015.6,10.21,0.72,1521468000,60.0,0.4493,-5.47,0.55
3.52,rain,0.54,6.216,Possible Light Rain,-0.28,1015.9,10.19,0.56,1521471600,58.0,0.2412,-5.01,0.37
3.55,partly-cloudy-day,0.51,6.216,Partly Cloudy,-0.34,1016.3,10.59,0.5,1521475200,64.0,0.1789,-5.63,0.24
3.51,partly-cloudy-day,0.48,6.216,Partly Cloudy,0.12,1017.0,8.63,0.32,1521478800,56.0,0.1082,-6.46,0.24
2.87,clear-day,0.51,6.216,Clear,-0.6,1018.1,8.37,0.07,1521482400,45.0,0.0463,-6.2,0.22
2.3,clear-night,0.57,6.216,Clear,-0.93,1019.3,7.26,0.07,1521486000,50.0,0.0139,-5.36,0.06
1.87,clear-night,0.66,6.216,Clear,-1.37,1020.3,7.02,0.18,1521489600,45.0,0.0,-3.87,0.0
1.68,partly-cloudy-night,0.7,6.216,Partly Cloudy,-1.37,1021.2,6.41,0.41,1521493200,39.0,0.0,-3.27,0.0
1.46,partly-cloudy-night,0.74,6.216,Mostly Cloudy,-1.29,1022.0,5.61,0.64,1521496800,38.0,0.0,-2.68,0.0
1.52,partly-cloudy-night,0.74,6.216,Partly Cloudy,-0.81,1022.5,4.7,0.42,1521500400,29.0,0.0,-2.55,0.0
1.65,partly-cloudy-night,0.73,6.216,Partly Cloudy,-0.51,1022.9,4.42,0.5,1521504000,24.0,0.0,-2.73,0.0
1.91,partly-cloudy-night,0.71,6.216,Partly Cloudy,-0.11,1023.2,4.25,0.59,1521507600,15.0,0.0,-2.79,0.0
1.76,partly-cloudy-night,0.73,6.216,Mostly Cloudy,0.03,1023.7,3.69,0.76,1521511200,6.0,0.0,-2.62,0.0
2.67,cloudy,0.7,6.06,Overcast,0.56,1023.9,4.66,0.97,1521514800,354.0,0.0,-2.35,0.0
2.77,partly-cloudy-night,0.77,6.216,Mostly Cloudy,0.5,1024.0,5.05,0.79,1521518400,2.0,0.0,-0.8,0.0
2.79,cloudy,0.85,6.184,Overcast,0.74,1024.5,4.58,0.89,1521522000,356.0,0.0087,0.51,0.06
3.22,partly-cloudy-night,0.85,5.698,Mostly Cloudy,0.99,1024.9,5.12,0.87,1521525600,346.0,0.0102,1.02,0.06
3.77,cloudy,0.86,5.642,Overcast,1.13,1025.4,6.41,0.92,1521529200,357.0,0.0101,1.69,0.15
4.35,cloudy,0.84,6.043,Overcast,1.65,1026.0,6.93,0.93,1521532800,354.0,0.0533,1.87,0.22
5.29,partly-cloudy-day,0.77,6.216,Mostly Cloudy,2.41,1026.7,8.18,0.77,1521536400,12.0,0.0852,1.51,0.16
5.04,cloudy,0.76,6.216,Overcast,1.91,1027.4,8.96,0.92,1521540000,29.0,0.1226,1.19,0.2
6.45,rain,0.65,6.216,Possible Drizzle,3.57,1028.0,9.25,0.71,1521543600,35.0,0.1873,0.36,0.32
6.84,rain,0.54,6.216,Possible Drizzle,4.38,1028.5,7.91,0.78,1521547200,30.0,0.2178,-1.77,0.27
7.92,partly-cloudy-day,0.52,6.216,Mostly Cloudy,5.75,1029.1,7.71,0.71,1521550800,26.0,0.0549,-1.45,0.19
8.01,partly-cloudy-day,0.52,6.216,Mostly Cloudy,5.87,1029.3,7.64,0.66,1521554400,27.0,0.0266,-1.35,0.11
8.0,partly-cloudy-day,0.49,6.216,Mostly Cloudy,6.04,1029.7,6.97,0.66,1521558000,26.0,0.0329,-2.2,0.1
8.09,partly-cloudy-day,0.49,6.216,Mostly Cloudy,6.4,1030.0,6.1,0.66,1521561600,22.0,0.0215,-1.94,0.11
7.53,partly-cloudy-day,0.51,6.216,Mostly Cloudy,5.77,1030.6,5.98,0.65,1521565200,23.0,0.0277,-1.88,0.11
6.83,partly-cloudy-day,0.5,6.216,Mostly Cloudy,5.09,1031.3,5.53,0.6,1521568800,18.0,0.0,-2.94,0.0
5.97,partly-cloudy-night,0.58,6.216,Mostly Cloudy,4.7,1032.0,4.03,0.64,1521572400,19.0,0.0,-1.64,0.0
5.39,clear-night,0.61,6.216,Clear,4.36,1032.5,3.41,0.31,1521576000,6.0,0.0,-1.45,0.0
4.87,clear-night,0.63,6.216,Clear,3.91,1033.0,3.16,0.28,1521579600,1.0,0.0,-1.49,0.0
4.29,partly-cloudy-night,0.66,6.216,Partly Cloudy,4.29,1033.2,2.85,0.41,1521583200,6.0,0.0,-1.52,0.0
3.95,partly-cloudy-night,0.68,6.216,Mostly Cloudy,3.95,1033.3,1.55,0.69,1521586800,352.0,0.0,-1.44,0.0
3.58,partly-cloudy-night,0.71,6.216,Partly Cloudy,3.58,1033.4,0.33,0.53,1521590400,319.0,0.0,-1.27,0.0
2.25,clear-night,0.76,6.216,Clear,2.25,1033.5,1.09,0.04,1521594000,321.0,0.0,-1.55,0.0
2.59,clear-night,0.79,6.216,Clear,2.59,1033.5,1.71,0.03,1521597600,310.0,0.0,-0.66,0.0
1.74,clear-night,0.81,6.216,Clear,1.74,1033.3,1.26,0.24,1521601200,306.0,0.0,-1.1,0.0
1.24,clear-night,0.84,6.141,Clear,1.24,1033.2,1.16,0.26,1521604800,293.0,0.0,-1.23,0.0
0.37,clear-night,0.89,6.028,Clear,0.37,1033.1,1.14,0.29,1521608400,249.0,0.0,-1.3,0.0
0.48,clear-night,0.89,5.723,Clear,0.48,1033.1,1.73,0.11,1521612000,248.0,0.0,-1.06,0.0
0.17,clear-day,0.91,5.667,Clear,0.17,1033.3,1.91,0.11,1521615600,247.0,0.0,-1.13,0.0
2.48,clear-day,0.86,5.733,Clear,2.48,1033.2,2.66,0.05,1521619200,260.0,0.0,0.44,0.0
4.6,clear-day,0.79,5.902,Clear,4.6,1032.9,2.89,0.07,1521622800,283.0,0.0,1.33,0.0
7.23,clear-day,0.66,6.216,Clear,6.22,1032.6,3.9,0.06,1521626400,285.0,0.0,1.34,0.0
7.89,clear-day,0.6,6.216,Clear,6.39,1032.1,5.39,0.24,1521630000,278.0,0.0,0.51,0.0
8.67,partly-cloudy-day,0.55,6.216,Partly Cloudy,7.06,1031.4,6.21,0.52,1521633600,275.0,0.0,0.09,0.0
9.72,partly-cloudy-day,0.5,6.216,Partly Cloudy,8.15,1030.9,6.8,0.56,1521637200,274.0,0.0,-0.34,0.0
10.64,clear-day,0.46,6.216,Clear,10.64,1029.9,6.06,0.23,1521640800,270.0,0.0,-0.53,0.0
10.66,clear-day,0.43,6.216,Clear,10.66,1029.2,6.79,0.1,1521644400,273.0,0.0,-1.55,0.0
10.9,clear-day,0.41,6.216,Clear,10.9,1028.8,7.46,0.1,1521648000,279.0,0.0,-1.86,0.0
9.91,clear-day,0.43,6.216,Clear,8.32,1028.4,7.04,0.12,1521651600,285.0,0.0,-2.13,0.0
8.51,clear-day,0.49,6.216,Clear,7.01,1028.4,5.75,0.23,1521655200,284.0,0.0,-1.58,0.0
8.06,partly-cloudy-night,0.58,6.216,Partly Cloudy,6.88,1028.2,4.58,0.34,1521658800,281.0,0.0,0.27,0.0
7.57,partly-cloudy-night,0.6,6.216,Mostly Cloudy,6.1,1027.8,5.16,0.71,1521662400,282.0,0.0,0.32,0.0
6.62,partly-cloudy-night,0.62,6.216,Partly Cloudy,5.16,1027.3,4.73,0.43,1521666000,279.0,0.0,-0.25,0.0
6.49,clear-night,0.64,6.216,Clear,4.89,1026.9,4.99,0.24,1521669600,269.0,0.0,0.18,0.0
5.98,partly-cloudy-night,0.73,6.216,Mostly Cloudy,4.7,1026.5,4.08,0.76,1521673200,251.0,0.0,1.47,0.0
5.6,partly-cloudy-night,0.75,6.216,Mostly Cloudy,4.19,1025.8,4.21,0.76,1521676800,255.0,0.0,1.5,0.0
5.16,clear-night,0.78,6.216,Clear,3.64,1025.2,4.3,0.29,1521680400,255.0,0.0,1.61,0.0
5.38,partly-cloudy-night,0.78,6.216,Mostly Cloudy,3.42,1024.6,5.4,0.73,1521684000,256.0,0.0,1.87,0.0
5.35,partly-cloudy-night,0.8,6.216,Mostly Cloudy,3.56,1023.8,4.98,0.75,1521687600,255.0,0.0,2.18,0.0
5.4,partly-cloudy-night,0.81,6.216,Mostly Cloudy,3.77,1023.6,4.64,0.83,1521691200,259.0,0.0,2.39,0.0
5.45,cloudy,0.82,6.216,Overcast,4.3,1023.1,3.64,0.99,1521694800,254.0,0.0,2.61,0.0
5.46,partly-cloudy-night,0.82,6.214,Mostly Cloudy,3.91,1022.6,4.47,0.82,1521698400,253.0,0.0,2.65,0.0
5.51,partly-cloudy-day,0.85,6.216,Partly Cloudy,3.59,1022.3,5.36,0.51,1521702000,254.0,0.0,3.12,0.0
6.48,clear-day,0.82,6.216,Clear,5.19,1021.9,4.25,0.25,1521705600,262.0,0.0,3.56,0.0
7.69,clear-day,0.77,6.216,Clear,6.35,1021.6,4.86,0.29,1521709200,270.0,0.0,3.93,0.0
9.75,clear-day,0.71,6.216,Clear,8.44,1021.1,5.89,0.15,1521712800,277.0,0.0,4.77,0.0
11.4,partly-cloudy-day,0.64,6.216,Mostly Cloudy,11.4,1020.4,6.44,0.67,1521716400,283.0,0.0,4.92,0.0
10.36,cloudy,0.66,6.216,Overcast,10.36,1019.8,6.57,0.94,1521720000,260.0,0.0,4.26,0.0
9.57,cloudy,0.71,6.216,Overcast,7.74,1019.2,7.74,0.91,1521723600,271.0,0.0,4.47,0.0
9.62,cloudy,0.64,6.216,Overcast,7.93,1018.1,7.19,0.9,1521727200,267.0,0.0,3.14,0.0
10.56,partly-cloudy-day,0.58,6.216,Mostly Cloudy,10.56,1017.3,7.15,0.87,1521730800,269.0,0.0,2.65,0.0
10.54,partly-cloudy-day,0.56,6.216,Mostly Cloudy,10.54,1016.6,6.68,0.68,1521734400,259.0,0.0,2.22,0.0
9.63,partly-cloudy-day,0.57,6.216,Mostly Cloudy,8.06,1016.1,6.75,0.75,1521738000,264.0,0.0,1.51,0.0
8.6,partly-cloudy-day,0.61,6.216,Mostly Cloudy,6.88,1015.7,6.53,0.75,1521741600,261.0,0.0,1.51,0.0
7.96,cloudy,0.61,6.216,Overcast,6.03,1015.2,6.8,0.95,1521745200,250.0,0.0,0.91,0.0
7.53,cloudy,0.63,6.216,Overcast,5.51,1014.7,6.84,0.92,1521748800,240.0,0.0,0.93,0.0
7.51,cloudy,0.64,6.216,Overcast,5.94,1013.8,5.38,0.95,1521752400,236.0,0.0,1.19,0.0
7.41,cloudy,0.66,6.216,Overcast,5.81,1012.7,5.43,0.95,1521756000,222.0,0.0102,1.4,0.05
7.39,cloudy,0.68,6.216,Overcast,5.68,1011.4,5.75,0.95,1521759600,203.0,0.0,1.82,0.0
7.38,cloudy,0.7,6.216,Overcast,5.52,1010.1,6.19,0.99,1521763200,208.0,0.007,2.25,0.05
7.41,cloudy,0.71,6.216,Overcast,5.15,1009.0,7.61,0.94,1521766800,213.0,0.0294,2.56,0.14
7.39,cloudy,0.72,6.216,Overcast,4.93,1007.8,8.39,0.96,1521770400,214.0,0.0768,2.76,0.14
7.13,cloudy,0.75,6.216,Overcast,4.43,1006.4,9.15,0.99,1521774000,210.0,0.0761,2.92,0.14
7.1,partly-cloudy-night,0.73,6.216,Mostly Cloudy,4.18,1005.2,10.14,0.77,1521777600,206.0,0.074,2.62,0.09
6.86,cloudy,0.8,5.932,Overcast,4.24,1004.2,8.53,0.99,1521781200,204.0,0.3905,3.56,0.16
6.56,cloudy,0.86,4.909,Overcast,3.81,1003.2,8.78,0.95,1521784800,205.0,0.7352,4.32,0.22
6.88,cloudy,0.87,5.309,Overcast,4.44,1002.6,7.88,0.92,1521788400,200.0,0.9922,4.79,0.19
7.6,partly-cloudy-day,0.85,6.216,Mostly Cloudy,5.65,1002.1,6.63,0.84,1521792000,209.0,0.3175,5.28,0.19
9.06,partly-cloudy-day,0.82,6.216,Mostly Cloudy,7.52,1001.6,6.21,0.71,1521795600,214.0,0.0337,6.07,0.13
10.3,partly-cloudy-day,0.7,6.216,Mostly Cloudy,10.3,1001.2,7.24,0.66,1521799200,237.0,0.0164,4.99,0.09
11.42,partly-cloudy-day,0.58,6.216,Mostly Cloudy,11.42,1000.8,8.5,0.71,1521802800,244.0,0.0,3.51,0.0
11.58,partly-cloudy-day,0.56,6.216,Mostly Cloudy,11.58,1000.5,7.82,0.7,1521806400,242.0,0.0,3.04,0.0
12.66,partly-cloudy-day,0.51,6.216,Mostly Cloudy,12.66,999.9,6.78,0.7,1521810000,243.0,0.0,2.87,0.0
12.91,partly-cloudy-day,0.53,6.216,Mostly Cloudy,12.91,999.2,7.37,0.68,1521813600,239.0,0.0,3.53,0.0
12.96,partly-cloudy-day,0.5,6.216,Mostly Cloudy,12.96,998.6,6.32,0.71,1521817200,228.0,0.0164,2.86,0.09
11.98,partly-cloudy-day,0.56,6.216,Mostly Cloudy,11.98,997.9,7.01,0.74,1521820800,216.0,0.0055,3.45,0.09
11.16,partly-cloudy-day,0.61,6.216,Partly Cloudy,11.16,997.8,6.87,0.5,1521824400,202.0,0.114,3.87,0.09
10.0,partly-cloudy-day,0.61,6.216,Partly Cloudy,10.0,997.8,5.91,0.53,1521828000,191.0,0.1195,2.84,0.09
9.13,clear-night,0.64,6.216,Clear,7.85,997.7,5.4,0.23,1521831600,185.0,0.0542,2.6,0.13
8.85,clear-night,0.69,6.216,Clear,7.86,997.6,4.45,0.29,1521835200,182.0,0.0073,3.43,0.09
8.55,clear-night,0.74,6.216,Clear,7.36,997.5,4.87,0.3,1521838800,176.0,0.0,4.15,0.0
8.34,partly-cloudy-night,0.75,6.216,Partly Cloudy,8.34,997.3,2.81,0.47,1521842400,177.0,0.0051,4.14,0.02
8.0,partly-cloudy-night,0.75,6.135,Mostly Cloudy,8.0,997.1,1.84,0.86,1521846000,133.0,0.0107,3.88,0.03
7.75,partly-cloudy-night,0.82,6.048,Mostly Cloudy,7.75,997.0,0.55,0.8,1521849600,111.0,0.0171,4.85,0.2
7.58,rain,0.88,5.724,Possible Drizzle,6.85,997.0,3.42,0.93,1521853200,113.0,0.0711,5.65,0.29
7.45,rain,0.9,3.991,Possible Drizzle,6.58,996.9,3.68,0.94,1521856800,99.0,0.1221,5.86,0.35
7.33,rain,0.89,4.567,Possible Drizzle,6.46,996.9,3.63,0.96,1521860400,106.0,0.0708,5.63,0.49
7.0,rain,0.92,4.09,Possible Drizzle,6.22,997.0,3.37,0.9,1521864000,103.0,0.172,5.8,0.6
6.88,rain,0.92,2.775,Possible Drizzle,5.94,997.4,3.65,0.94,1521867600,89.0,0.2006,5.71,0.56
6.85,rain,0.92,2.475,Possible Drizzle,5.73,997.9,4.01,1.0,1521871200,93.0,0.0553,5.7,0.36
6.85,cloudy,0.93,2.131,Overcast,5.8,998.7,3.87,1.0,1521874800,97.0,0.0584,5.78,0.22
6.88,cloudy,0.93,2.067,Overcast,6.05,999.4,3.44,0.92,1521878400,101.0,0.0241,5.81,0.12
7.32,cloudy,0.9,2.201,Overcast,7.32,1000.2,2.59,0.96,1521882000,100.0,0.0141,5.86,0.04
7.59,cloudy,0.87,2.8,Overcast,7.59,1000.7,2.19,0.96,1521885600,95.0,0.0248,5.6,0.11
7.89,cloudy,0.84,3.397,Overcast,7.89,1001.0,2.06,0.95,1521889200,105.0,0.0,5.38,0.0
8.67,cloudy,0.8,4.108,Overcast,8.67,1001.2,0.51,0.92,1521892800,100.0,0.0,5.49,0.0
9.05,partly-cloudy-day,0.78,4.772,Mostly Cloudy,9.05,1001.4,1.3,0.8,1521896400,96.0,0.0,5.35,0.0
9.02,cloudy,0.77,5.017,Overcast,9.02,1001.5,1.51,0.95,1521900000,56.0,0.0,5.24,0.0
9.51,cloudy,0.76,4.978,Overcast,9.51,1001.8,1.95,0.95,1521903600,76.0,0.0,5.46,0.0
9.51,cloudy,0.76,5.607,Overcast,9.51,1002.1,1.81,0.92,1521907200,58.0,0.0,5.55,0.0
9.31,cloudy,0.77,5.059,Overcast,9.31,1002.6,1.66,0.92,1521910800,35.0,0.0,5.46,0.0
9.24,cloudy,0.78,4.643,Overcast,9.24,1003.2,1.81,0.92,1521914400,66.0,0.0051,5.69,0.05
8.96,cloudy,0.79,4.224,Overcast,8.96,1003.9,1.89,0.92,1521918000,67.0,0.0069,5.6,0.04
8.74,cloudy,0.82,4.071,Overcast,8.74,1004.3,1.8,0.89,1521921600,65.0,0.0,5.75,0.0
8.65,cloudy,0.81,3.551,Overcast,8.65,1004.6,1.59,0.88,1521925200,53.0,0.0,5.55,0.0
8.36,cloudy,0.83,3.693,Overcast,8.36,1005.0,1.51,0.89,1521928800,60.0,0.0,5.72,0.0
8.19,partly-cloudy-night,0.84,4.036,Mostly Cloudy,8.19,1005.2,1.55,0.86,1521932400,65.0,0.0,5.65,0.0
7.94,cloudy,0.84,3.851,Overcast,7.94,1005.5,0.24,0.96,1521936000,35.0,0.0,5.37,0.0
7.96,cloudy,0.82,3.693,Overcast,7.96,1005.8,1.26,0.96,1521939600,15.0,0.0,5.13,0.0
7.94,cloudy,0.83,3.925,Overcast,7.94,1006.1,1.65,0.99,1521943200,21.0,0.0,5.18,0.0
7.75,cloudy,0.86,3.569,Overcast,7.75,1006.4,0.95,0.94,1521946800,357.0,0.0,5.52,0.0
7.73,cloudy,0.86,3.602,Overcast,7.73,1006.8,1.61,0.91,1521950400,345.0,0.0,5.47,0.0
7.8,cloudy,0.86,3.557,Overcast,7.8,1007.3,2.08,0.94,1521954000,339.0,0.0,5.6,0.0
7.54,cloudy,0.9,2.438,Overcast,7.54,1007.8,2.48,0.99,1521957600,15.0,0.0,6.02,0.0
7.52,fog,0.91,1.781,Foggy,7.52,1008.7,2.59,0.95,1521961200,21.0,0.0,6.16,0.0
7.82,cloudy,0.86,2.504,Overcast,7.27,1009.5,3.14,0.88,1521964800,45.0,0.0,5.69,0.0
8.37,cloudy,0.82,3.285,Overcast,7.75,1010.2,3.45,0.89,1521968400,46.0,0.0,5.51,0.0
8.88,cloudy,0.79,4.075,Overcast,8.88,1010.9,2.4,0.95,1521972000,23.0,0.0,5.47,0.0
9.49,partly-cloudy-day,0.77,5.176,Mostly Cloudy,9.17,1011.6,3.15,0.71,1521975600,24.0,0.0,5.74,0.0
9.94,partly-cloudy-day,0.74,5.914,Mostly Cloudy,9.69,1011.8,3.12,0.71,1521979200,23.0,0.0,5.45,0.0
10.58,partly-cloudy-day,0.69,5.831,Mostly Cloudy,10.58,1012.1,3.52,0.83,1521982800,27.0,0.0,5.19,0.0
11.07,partly-cloudy-day,0.65,6.129,Mostly Cloudy,11.07,1012.2,3.76,0.73,1521986400,15.0,0.0101,4.82,0.05
11.52,partly-cloudy-day,0.59,6.216,Mostly Cloudy,11.52,1012.3,3.42,0.67,1521990000,16.0,0.0,3.85,0.0
11.85,partly-cloudy-day,0.56,6.216,Partly Cloudy,11.85,1012.4,3.16,0.47,1521993600,24.0,0.0,3.3,0.0
11.49,partly-cloudy-day,0.56,6.216,Partly Cloudy,11.49,1012.6,2.89,0.4,1521997200,31.0,0.0,2.96,0.0
10.95,partly-cloudy-day,0.59,6.216,Mostly Cloudy,10.95,1013.2,1.77,0.62,1522000800,338.0,0.0,3.18,0.0
10.65,partly-cloudy-night,0.6,6.216,Mostly Cloudy,10.65,1013.8,0.69,0.62,1522004400,17.0,0.0,3.21,0.0
9.77,clear-night,0.61,6.216,Clear,9.77,1014.4,0.35,0.2,1522008000,306.0,0.0,2.72,0.0
8.81,clear-night,0.68,6.106,Clear,8.81,1014.8,0.7,0.17,1522011600,264.0,0.0,3.22,0.0
7.49,clear-night,0.77,5.962,Clear,7.49,1015.2,0.66,0.01,1522015200,306.0,0.0,3.7,0.0
6.94,clear-night,0.78,5.565,Clear,6.94,1015.7,0.96,0.1,1522018800,317.0,0.0,3.42,0.0
7.21,clear-night,0.76,5.985,Clear,7.21,1015.9,0.36,0.16,1522022400,327.0,0.0,3.29,0.0
7.99,clear-night,0.61,6.184,Clear,7.99,1016.0,1.87,0.21,1522026000,322.0,0.0,0.99,0.0
7.87,clear-night,0.62,6.122,Clear,7.87,1016.3,1.45,0.21,1522029600,340.0,0.0,0.98,0.0
7.46,clear-night,0.64,6.122,Clear,7.46,1016.5,1.88,0.16,1522033200,316.0,0.0,1.08,0.0
7.07,clear-night,0.66,6.184,Clear,7.07,1016.7,1.7,0.21,1522036800,321.0,0.0,1.23,0.0
6.73,clear-night,0.67,6.214,Clear,6.73,1017.0,2.13,0.22,1522040400,313.0,0.0,1.07,0.0
6.56,clear-day,0.69,6.216,Clear,6.56,1017.5,1.73,0.04,1522044000,301.0,0.0,1.3,0.0
6.08,clear-day,0.71,6.216,Clear,6.08,1018.1,2.06,0.04,1522047600,304.0,0.0,1.23,0.0
6.66,clear-day,0.7,6.206,Clear,6.66,1018.3,2.35,0.04,1522051200,308.0,0.0,1.52,0.0
8.53,clear-day,0.59,6.206,Clear,7.48,1018.5,4.48,0.04,1522054800,323.0,0.0,1.07,0.0
10.38,clear-day,0.48,6.206,Clear,10.38,1018.4,6.1,0.08,1522058400,297.0,0.0,-0.15,0.0
11.83,clear-day,0.51,6.216,Clear,11.83,1018.1,5.53,0.07,1522062000,248.0,0.0,1.93,0.0
11.19,clear-day,0.46,6.206,Clear,11.19,1018.0,4.96,0.17,1522065600,300.0,0.0,0.01,0.0
11.17,clear-day,0.48,6.206,Clear,11.17,1018.0,8.52,0.21,1522069200,281.0,0.0,0.62,0.0
11.18,clear-day,0.47,6.206,Clear,11.18,1018.0,8.82,0.17,1522072800,287.0,0.0,0.2,0.0
12.39,clear-day,0.42,6.206,Clear,12.39,1017.7,7.62,0.17,1522076400,291.0,0.0,-0.3,0.0
11.5,clear-day,0.42,6.216,Clear,11.5,1017.1,8.13,0.17,1522080000,263.0,0.0,-1.05,0.0
11.49,clear-day,0.4,6.216,Clear,11.49,1016.8,6.45,0.17,1522083600,239.0,0.0,-1.68,0.0
10.03,clear-day,0.5,6.216,Clear,10.03,1016.6,5.7,0.17,1522087200,236.0,0.0,-0.04,0.0
9.55,clear-night,0.53,6.216,Clear,8.11,1016.7,6.21,0.19,1522090800,229.0,0.0,0.39,0.0
8.45,clear-night,0.53,6.216,Clear,8.45,1016.6,2.47,0.06,1522094400,213.0,0.0,-0.47,0.0
8.36,clear-night,0.63,6.216,Clear,8.36,1016.3,3.0,0.19,1522098000,221.0,0.0,1.71,0.0
7.39,clear-night,0.67,6.216,Clear,7.39,1016.0,2.31,0.22,1522101600,224.0,0.0,1.75,0.0
7.06,clear-night,0.69,6.216,Clear,7.06,1015.5,2.09,0.22,1522105200,216.0,0.0192,1.8,0.05
7.01,clear-night,0.66,6.216,Clear,7.01,1014.7,0.49,0.22,1522108800,204.0,0.0,1.01,0.0
7.11,clear-night,0.65,6.216,Clear,6.3,1013.9,3.46,0.22,1522112400,202.0,0.0,0.9,0.0
7.39,partly-cloudy-night,0.67,6.216,Partly Cloudy,5.87,1013.2,5.21,0.34,1522116000,204.0,0.0172,1.65,0.05
6.59,rain,0.77,6.216,Possible Drizzle,4.86,1012.3,5.37,0.91,1522119600,191.0,0.129,2.89,0.31
5.98,rain,0.86,5.596,Possible Light Rain,4.53,1010.8,4.43,0.75,1522123200,171.0,0.4202,3.88,0.64
5.58,rain,0.87,5.615,Possible Light Rain,3.38,1009.1,6.2,0.9,1522126800,158.0,0.3137,3.65,0.62
5.43,rain,0.89,3.233,Light Rain,3.19,1008.1,6.2,0.95,1522130400,157.0,0.404,3.83,0.66
5.56,rain,0.93,3.265,Light Rain,3.64,1007.3,5.38,0.95,1522134000,162.0,0.7884,4.52,0.67
6.17,rain,0.95,2.931,Light Rain,4.56,1006.3,4.88,0.95,1522137600,160.0,0.4385,5.46,0.67
6.94,rain,0.95,4.245,Possible Drizzle,5.98,1005.7,3.69,0.95,1522141200,167.0,0.1587,6.17,0.56
8.15,rain,0.94,5.257,Possible Drizzle,8.15,1005.3,2.94,0.92,1522144800,182.0,0.0567,7.3,0.3
9.48,cloudy,0.91,5.911,Overcast,8.84,1004.9,3.83,0.95,1522148400,253.0,0.0067,8.11,0.04
10.9,cloudy,0.88,6.073,Overcast,10.9,1004.6,4.83,0.92,1522152000,261.0,0.0,9.02,0.0
12.23,cloudy,0.84,5.74,Overcast,12.23,1004.3,4.85,0.9,1522155600,268.0,0.0061,9.66,0.02
14.39,partly-cloudy-day,0.74,6.216,Mostly Cloudy,14.39,1004.0,5.42,0.74,1522159200,278.0,0.0206,9.81,0.1
14.44,partly-cloudy-day,0.72,6.159,Mostly Cloudy,14.44,1003.9,6.24,0.69,1522162800,276.0,0.0341,9.44,0.22
14.43,rain,0.7,6.122,Possible Drizzle,14.43,1004.2,7.57,0.66,1522166400,275.0,0.0682,8.94,0.3
13.3,partly-cloudy-day,0.68,6.216,Mostly Cloudy,13.3,1004.8,7.99,0.7,1522170000,288.0,0.0475,7.6,0.24
12.26,partly-cloudy-day,0.59,6.216,Mostly Cloudy,12.26,1005.8,8.5,0.75,1522173600,294.0,0.0,4.4,0.0
11.33,partly-cloudy-night,0.58,6.216,Partly Cloudy,11.33,1006.4,7.25,0.38,1522177200,297.0,0.0,3.26,0.0
10.43,clear-night,0.64,6.216,Clear,10.43,1007.0,6.51,0.31,1522180800,288.0,0.0,3.81,0.0
9.47,partly-cloudy-night,0.64,6.216,Partly Cloudy,8.24,1007.1,5.44,0.39,1522184400,279.0,0.0,3.02,0.0
8.87,clear-night,0.66,6.216,Clear,7.91,1007.5,4.4,0.21,1522188000,278.0,0.0,2.91,0.0
7.92,clear-night,0.79,6.216,Clear,7.37,1007.4,3.17,0.25,1522191600,256.0,0.0,4.42,0.0
7.32,clear-night,0.82,6.216,Clear,7.32,1007.4,0.76,0.18,1522195200,248.0,0.0,4.49,0.0
7.06,clear-night,0.83,6.216,Clear,6.04,1007.2,3.87,0.17,1522198800,243.0,0.0096,4.3,0.05
6.88,partly-cloudy-night,0.83,6.216,Partly Cloudy,5.99,1006.6,3.56,0.45,1522202400,241.0,0.0,4.18,0.0
6.62,clear-night,0.85,6.216,Clear,6.62,1006.0,2.46,0.25,1522206000,239.0,0.0146,4.2,0.11
6.43,partly-cloudy-night,0.88,6.216,Partly Cloudy,6.43,1005.1,1.58,0.51,1522209600,243.0,0.0494,4.59,0.18
6.15,partly-cloudy-night,0.9,6.213,Mostly Cloudy,6.15,1004.5,0.89,0.7,1522213200,239.0,0.0189,4.58,0.12
6.4,partly-cloudy-day,0.9,5.836,Mostly Cloudy,6.4,1003.9,1.63,0.75,1522216800,228.0,0.0174,4.81,0.06
5.56,rain,0.89,4.141,Light Rain,5.56,1003.5,1.65,0.95,1522220400,237.0,0.8485,3.91,0.67
4.71,cloudy,0.92,5.09,Overcast,4.71,1002.9,2.77,0.95,1522224000,209.0,0.0,3.54,0.0
4.93,partly-cloudy-day,0.9,5.538,Mostly Cloudy,3.62,1002.2,3.8,0.79,1522227600,75.0,0.0,3.42,0.0
4.68,rain,0.91,5.835,Light Rain,4.68,1002.0,2.43,0.92,1522231200,20.0,0.872,3.26,0.67
4.9,rain,0.91,6.091,Light Rain,4.9,1002.1,2.83,0.95,1522234800,308.0,0.8439,3.55,0.75
4.94,rain,0.88,5.871,Light Rain,3.37,1002.2,4.33,0.95,1522238400,306.0,0.7679,3.16,0.75
5.17,rain,0.91,6.197,Light Rain,3.08,1002.3,5.63,0.95,1522242000,306.0,0.6452,3.86,0.66
6.0,rain,0.87,6.216,Possible Light Rain,3.57,1002.4,7.17,0.92,1522245600,319.0,0.2938,4.03,0.6
7.38,rain,0.75,6.216,Possible Drizzle,5.51,1002.6,6.24,0.7,1522249200,315.0,0.0927,3.33,0.5
8.72,partly-cloudy-day,0.66,6.216,Mostly Cloudy,7.24,1002.6,5.79,0.64,1522252800,300.0,0.0226,2.72,0.18
8.32,partly-cloudy-day,0.65,6.216,Mostly Cloudy,6.97,1003.0,5.2,0.64,1522256400,286.0,0.0137,2.03,0.14
6.82,rain,0.72,6.216,Possible Light Rain,5.29,1003.8,4.97,0.65,1522260000,276.0,0.2557,2.19,0.51
5.82,rain,0.81,6.216,Possible Light Rain,4.94,1004.3,3.27,0.45,1522263600,257.0,0.2818,2.84,0.47
5.05,clear-night,0.87,6.216,Clear,4.21,1004.7,3.02,0.2,1522267200,244.0,0.0694,2.99,0.17
4.8,clear-night,0.87,6.216,Clear,4.8,1004.9,2.36,0.23,1522270800,242.0,0.2352,2.85,0.24
4.4,partly-cloudy-night,0.89,6.216,Partly Cloudy,4.4,1004.9,2.52,0.44,1522274400,236.0,0.0353,2.73,0.04
4.02,clear-night,0.88,6.216,Clear,3.05,1005.0,3.02,0.2,1522278000,242.0,0.1499,2.25,0.02
3.84,clear-night,0.9,6.15,Clear,3.84,1005.0,0.71,0.22,1522281600,247.0,0.0095,2.38,0.06
3.12,clear-night,0.93,6.216,Clear,3.12,1004.9,2.04,0.17,1522285200,242.0,0.0,2.04,0.0
2.61,clear-night,0.92,5.804,Clear,2.61,1004.9,1.68,0.17,1522288800,231.0,0.0079,1.48,0.06
2.82,clear-night,0.93,6.043,Clear,2.82,1004.6,1.48,0.17,1522292400,218.0,0.0,1.76,0.0
2.55,clear-night,0.91,5.892,Clear,2.55,1004.3,1.42,0.17,1522296000,208.0,0.0,1.26,0.0
2.32,clear-night,0.91,5.841,Clear,2.32,1004.1,1.69,0.2,1522299600,198.0,0.0,1.02,0.0
2.04,clear-day,0.9,5.844,Clear,2.04,1003.7,1.87,0.14,1522303200,190.0,0.006,0.64,0.04
3.71,clear-day,0.86,5.887,Clear,3.71,1003.5,2.05,0.23,1522306800,152.0,0.0,1.65,0.0
5.56,clear-day,0.82,6.125,Clear,4.27,1003.1,3.95,0.21,1522310400,168.0,0.009,2.8,0.06
7.17,clear-day,0.77,6.216,Clear,5.64,1002.8,5.11,0.3,1522314000,167.0,0.0159,3.34,0.11
9.63,partly-cloudy-day,0.64,6.216,Partly Cloudy,7.91,1002.3,7.33,0.55,1522317600,167.0,0.0087,3.17,0.07
9.72,partly-cloudy-day,0.64,6.216,Mostly Cloudy,7.94,1001.6,7.67,0.71,1522321200,169.0,0.0223,3.21,0.1
9.19,partly-cloudy-day,0.67,6.216,Mostly Cloudy,7.28,1001.0,7.75,0.71,1522324800,163.0,0.0258,3.35,0.07
8.76,rain,0.74,5.757,Possible Drizzle,6.83,1000.4,7.44,0.71,1522328400,162.0,0.2084,4.29,0.45
7.34,rain,0.82,5.844,Possible Light Rain,5.08,999.8,7.58,0.75,1522332000,164.0,0.393,4.54,0.53
5.99,rain,0.88,3.877,Rain,3.72,999.1,6.63,0.91,1522335600,154.0,1.0782,4.13,0.66
6.17,rain,0.92,6.065,Possible Light Rain,3.97,998.2,6.52,0.92,1522339200,146.0,0.8623,4.93,0.63
7.11,rain,0.9,5.55,Possible Light Rain,5.48,998.0,5.37,0.8,1522342800,167.0,0.4079,5.58,0.65
7.1,rain,0.87,6.216,Possible Light Rain,5.52,998.4,5.22,0.89,1522346400,174.0,0.3623,5.12,0.54
6.91,rain,0.86,6.031,Possible Light Rain,5.53,998.6,4.63,0.75,1522350000,178.0,0.3411,4.67,0.36
6.27,rain,0.85,6.216,Possible Drizzle,5.01,998.8,4.12,0.29,1522353600,165.0,0.1152,3.96,0.25
5.83,clear-night,0.84,6.178,Clear,4.72,998.9,3.67,0.19,1522357200,157.0,0.0435,3.36,0.1
6.07,clear-night,0.85,6.178,Clear,5.14,998.9,3.4,0.12,1522360800,167.0,0.0401,3.77,0.05
5.33,clear-night,0.87,6.172,Clear,4.44,998.7,3.17,0.1,1522364400,151.0,0.0268,3.42,0.05
5.09,clear-night,0.87,6.093,Clear,5.09,998.7,0.64,0.18,1522368000,155.0,0.0205,3.16,0.07
5.01,partly-cloudy-night,0.88,6.111,Partly Cloudy,3.77,998.4,3.69,0.36,1522371600,155.0,0.0283,3.24,0.1
5.04,partly-cloudy-night,0.9,6.216,Partly Cloudy,5.04,998.3,2.75,0.32,1522375200,174.0,0.0546,3.52,0.12
5.06,partly-cloudy-night,0.92,6.216,Partly Cloudy,5.06,998.0,2.06,0.34,1522378800,148.0,0.0296,3.9,0.19
5.0,clear-night,0.92,6.216,Clear,5.0,997.8,1.74,0.25,1522382400,131.0,0.0153,3.77,0.1
5.23,clear-night,0.92,5.857,Clear,5.23,997.6,1.96,0.24,1522386000,108.0,0.0126,4.03,0.08
5.01,clear-day,0.93,5.686,Clear,5.01,997.4,2.09,0.31,1522389600,110.0,0.0142,3.99,0.08
5.56,partly-cloudy-day,0.94,5.238,Mostly Cloudy,5.56,997.3,2.55,0.62,1522393200,93.0,0.0,4.62,0.0
6.83,partly-cloudy-day,0.9,5.582,Mostly Cloudy,5.71,996.8,4.01,0.73,1522396800,101.0,0.0098,5.28,0.05
7.38,partly-cloudy-day,0.84,5.972,Mostly Cloudy,5.92,996.5,5.04,0.72,1522400400,106.0,0.0,4.89,0.0
7.91,partly-cloudy-day,0.82,6.17,Mostly Cloudy,6.33,996.1,5.65,0.77,1522404000,93.0,0.0067,5.1,0.04
7.49,rain,0.85,6.016,Possible Drizzle,5.8,995.6,5.75,0.95,1522407600,83.0,0.0728,5.09,0.38
7.3,rain,0.89,4.642,Possible Light Rain,5.48,994.7,6.05,0.91,1522411200,78.0,0.3797,5.62,0.59
6.63,rain,0.9,4.031,Light Rain,4.74,994.0,5.86,0.95,1522414800,78.0,0.8813,5.06,0.67
6.48,rain,0.91,5.49,Rain,4.57,993.2,5.85,0.79,1522418400,89.0,1.3034,5.05,0.67
6.13,rain,0.9,4.888,Rain,3.92,992.3,6.5,0.79,1522422000,73.0,1.5304,4.67,0.67
6.41,rain,0.91,4.003,Rain,4.37,991.4,6.19,0.91,1522425600,71.0,0.9032,4.97,0.67
6.58,rain,0.93,5.548,Light Rain,4.84,990.8,5.39,0.92,1522429200,88.0,0.6634,5.55,0.67
6.84,rain,0.92,5.89,Possible Light Rain,5.43,990.6,4.66,0.89,1522432800,92.0,0.3454,5.64,0.6
6.48,rain,0.9,6.133,Possible Drizzle,4.74,991.0,5.34,0.89,1522436400,143.0,0.0643,4.97,0.4
6.05,rain,0.87,5.838,Possible Drizzle,4.32,991.2,5.12,0.8,1522440000,163.0,0.1149,4.0,0.28
5.54,cloudy,0.87,4.983,Overcast,3.7,991.6,5.18,0.91,1522443600,171.0,0.2466,3.5,0.11
5.34,cloudy,0.86,5.66,Overcast,3.75,991.9,4.52,0.98,1522447200,193.0,0.0609,3.27,0.13
5.05,partly-cloudy-night,0.87,5.719,Mostly Cloudy,3.34,992.1,4.66,0.83,1522450800,195.0,0.0923,3.14,0.14
4.82,cloudy,0.87,6.037,Overcast,3.01,992.1,4.8,0.91,1522454400,198.0,0.0857,2.85,0.1
4.81,cloudy,0.84,6.064,Overcast,2.97,992.4,4.86,0.99,1522458000,190.0,0.0366,2.26,0.1
4.49,cloudy,0.86,6.032,Overcast,2.89,992.7,4.23,0.94,1522461600,203.0,0.035,2.3,0.09
4.56,cloudy,0.85,6.014,Overcast,3.35,992.7,3.52,0.94,1522465200,201.0,0.0663,2.29,0.05
4.56,cloudy,0.86,6.111,Overcast,3.09,993.0,4.0,0.94,1522468800,203.0,0.0575,2.5,0.08
4.56,partly-cloudy-night,0.86,5.985,Mostly Cloudy,2.92,993.3,4.35,0.85,1522472400,196.0,0.04,2.42,0.08
4.57,cloudy,0.86,5.977,Overcast,3.48,993.8,3.31,0.99,1522476000,189.0,0.018,2.36,0.06
5.05,cloudy,0.85,6.008,Overcast,3.94,994.3,3.45,0.95,1522479600,188.0,0.0062,2.67,0.03
5.52,partly-cloudy-day,0.82,6.031,Mostly Cloudy,4.06,994.8,4.29,0.78,1522483200,205.0,0.0,2.61,0.0
5.93,cloudy,0.81,5.508,Overcast,4.68,995.4,3.96,0.91,1522486800,199.0,0.0118,2.91,0.07
6.19,cloudy,0.81,5.147,Overcast,5.14,996.1,3.66,0.95,1522490400,217.0,0.0807,3.17,0.13
5.87,cloudy,0.86,5.647,Overcast,5.87,996.8,2.99,0.95,1522494000,234.0,0.0395,3.73,0.19
5.87,rain,0.9,6.216,Possible Drizzle,5.87,997.3,0.73,0.87,1522497600,254.0,0.059,4.35,0.27
7.1,partly-cloudy-day,0.85,5.914,Mostly Cloudy,6.38,997.7,3.27,0.8,1522501200,269.0,0.0296,4.69,0.11
7.33,cloudy,0.8,6.216,Overcast,7.33,998.1,2.95,0.88,1522504800,295.0,0.0206,4.09,0.09
8.12,partly-cloudy-day,0.76,6.216,Mostly Cloudy,7.36,998.7,3.65,0.76,1522508400,318.0,0.0214,4.18,0.06
8.98,partly-cloudy-day,0.7,6.216,Mostly Cloudy,7.81,999.3,5.01,0.71,1522512000,314.0,0.0,3.84,0.0
8.92,partly-cloudy-day,0.69,6.216,Mostly Cloudy,7.93,1000.0,4.47,0.71,1522515600,310.0,0.0727,3.48,0.17
7.4,rain,0.8,6.216,Possible Drizzle,5.77,1000.9,5.53,0.8,1522519200,314.0,0.1975,4.25,0.54
7.21,rain,0.81,6.216,Possible Drizzle,5.15,1001.9,6.73,0.74,1522522800,312.0,0.1154,4.17,0.49
6.77,cloudy,0.8,6.027,Overcast,4.71,1003.1,6.47,0.91,1522526400,319.0,0.0077,3.65,0.06
6.41,cloudy,0.81,6.089,Overcast,4.15,1004.1,6.89,0.92,1522530000,314.0,0.0,3.46,0.0
6.01,cloudy,0.83,6.03,Overcast,3.66,1004.9,6.9,0.99,1522533600,315.0,0.0064,3.4,0.05
5.41,cloudy,0.86,4.199,Overcast,2.73,1005.8,7.57,0.99,1522537200,318.0,0.0116,3.26,0.05
5.16,cloudy,0.85,5.072,Overcast,2.56,1006.7,7.13,0.94,1522540800,319.0,0.0164,2.77,0.11
5.03,cloudy,0.83,6.095,Overcast,2.64,1007.4,6.42,0.94,1522544400,318.0,0.0087,2.31,0.08
4.83,cloudy,0.83,6.128,Overcast,2.71,1008.1,5.56,0.99,1522548000,313.0,0.0051,2.19,0.06
4.56,cloudy,0.84,6.085,Overcast,2.4,1008.6,5.53,0.99,1522551600,318.0,0.0318,2.06,0.1
4.54,cloudy,0.84,6.071,Overcast,2.53,1008.9,5.15,0.99,1522555200,319.0,0.0309,2.03,0.12
4.55,cloudy,0.83,6.091,Overcast,2.71,1009.6,4.76,0.94,1522558800,319.0,0.0065,1.9,0.04
4.57,cloudy,0.82,6.128,Overcast,2.82,1010.3,4.57,0.99,1522562400,319.0,0.0,1.78,0.0
4.79,cloudy,0.82,6.14,Overcast,3.19,1011.0,4.32,0.92,1522566000,323.0,0.0546,1.89,0.01
4.99,cloudy,0.8,6.197,Overcast,3.67,1011.8,3.84,0.95,1522569600,324.0,0.0,1.87,0.0
5.46,cloudy,0.78,6.216,Overcast,4.3,1012.3,3.66,0.92,1522573200,315.0,0.0,2.02,0.0
6.0,cloudy,0.75,6.216,Overcast,5.03,1012.6,3.47,0.92,1522576800,312.0,0.0,1.82,0.0
6.5,cloudy,0.7,6.216,Overcast,6.5,1012.9,2.5,0.91,1522580400,322.0,0.0,1.34,0.0
6.71,cloudy,0.7,6.216,Overcast,6.71,1013.1,0.44,0.9,1522584000,299.0,0.0,1.57,0.0
6.99,cloudy,0.68,6.216,Overcast,6.99,1013.1,1.48,0.95,1522587600,280.0,0.0,1.47,0.0
7.15,cloudy,0.64,6.216,Overcast,7.15,1012.9,1.56,0.95,1522591200,239.0,0.0,0.87,0.0
7.27,cloudy,0.64,6.216,Overcast,7.27,1012.7,1.06,0.95,1522594800,122.0,0.0,0.88,0.0
7.64,cloudy,0.61,6.216,Overcast,7.64,1012.3,1.18,0.92,1522598400,146.0,0.0,0.63,0.0
7.69,partly-cloudy-day,0.63,6.216,Mostly Cloudy,7.69,1011.9,1.3,0.81,1522602000,183.0,0.0,1.01,0.0
7.44,partly-cloudy-day,0.64,6.216,Mostly Cloudy,7.44,1011.6,2.24,0.66,1522605600,113.0,0.0171,1.02,0.06
7.06,clear-night,0.66,6.216,Clear,7.06,1011.3,2.51,0.3,1522609200,115.0,0.0146,1.11,0.06
6.83,partly-cloudy-night,0.71,6.197,Partly Cloudy,5.81,1011.2,3.78,0.55,1522612800,124.0,0.0202,1.9,0.06
6.72,rain,0.74,5.696,Possible Drizzle,5.62,1010.9,3.92,0.3,1522616400,147.0,0.1469,2.36,0.27
4.75,rain,0.84,5.086,Possible Light Rain,3.1,1010.6,4.44,0.9,1522620000,165.0,0.4889,2.24,0.64
4.11,rain,0.91,3.671,Light Rain,2.5,1009.9,4.14,0.94,1522623600,132.0,0.8944,2.73,0.67
4.27,rain,0.93,3.225,Rain,2.62,1008.7,4.27,0.89,1522627200,111.0,1.053,3.19,0.7
4.45,rain,0.94,3.634,Light Rain,2.53,1007.4,4.92,0.94,1522630800,108.0,0.857,3.61,0.7
4.94,rain,0.95,3.415,Light Rain,2.74,1005.9,5.81,0.99,1522634400,122.0,0.7072,4.2,0.68
5.46,rain,0.95,2.759,Light Rain,4.0,1004.8,4.28,0.94,1522638000,134.0,0.7625,4.79,0.68
6.04,rain,0.95,4.708,Light Rain,4.53,1003.4,4.58,0.99,1522641600,146.0,0.6778,5.37,0.68
6.6,rain,0.97,5.648,Light Rain,4.9,1002.5,5.32,0.99,1522645200,159.0,0.4428,6.1,0.67
7.08,rain,0.94,5.865,Possible Drizzle,5.47,1001.9,5.31,0.99,1522648800,170.0,0.1308,6.25,0.53
7.54,rain,0.91,5.957,Possible Drizzle,6.18,1001.4,4.85,0.92,1522652400,169.0,0.0414,6.23,0.27
8.05,rain,0.89,6.074,Possible Drizzle,6.71,1000.9,5.03,0.8,1522656000,165.0,0.0868,6.38,0.54
9.06,rain,0.85,6.216,Possible Drizzle,7.7,1000.3,5.61,0.53,1522659600,168.0,0.1517,6.69,0.52
10.54,rain,0.82,6.216,Possible Light Rain,10.54,999.7,5.93,0.36,1522663200,180.0,0.4657,7.54,0.39
11.02,partly-cloudy-day,0.79,6.216,Partly Cloudy,11.02,998.9,6.1,0.4,1522666800,182.0,0.0355,7.59,0.12
9.62,rain,0.87,6.129,Possible Light Rain,8.25,997.9,6.02,0.74,1522670400,175.0,0.2633,7.5,0.33
9.62,rain,0.89,5.404,Possible Light Rain,7.82,997.6,7.65,0.77,1522674000,176.0,0.3299,7.94,0.55
9.6,rain,0.9,5.283,Possible Light Rain,8.17,996.9,6.22,0.82,1522677600,187.0,0.2407,8.02,0.61
10.07,rain,0.89,6.035,Possible Light Rain,10.07,996.3,5.77,0.92,1522681200,183.0,0.3748,8.35,0.35
10.4,partly-cloudy-day,0.86,5.574,Mostly Cloudy,10.4,995.7,5.34,0.84,1522684800,192.0,0.0608,8.24,0.2
10.47,cloudy,0.88,5.655,Overcast,10.47,995.2,4.92,0.95,1522688400,191.0,0.023,8.6,0.07
10.48,cloudy,0.89,6.109,Overcast,10.48,995.0,4.62,0.94,1522692000,185.0,0.0107,8.68,0.07
10.07,partly-cloudy-night,0.89,6.216,Partly Cloudy,10.07,994.9,4.69,0.57,1522695600,187.0,0.0282,8.28,0.06
9.98,partly-cloudy-night,0.92,6.216,Partly Cloudy,9.11,995.0,4.65,0.58,1522699200,181.0,0.0535,8.71,0.13
10.15,partly-cloudy-night,0.91,6.075,Partly Cloudy,10.15,995.0,4.59,0.41,1522702800,195.0,0.0507,8.77,0.14
10.56,partly-cloudy-night,0.91,6.172,Mostly Cloudy,10.56,995.0,4.74,0.8,1522706400,203.0,0.0595,9.08,0.14
10.45,rain,0.89,6.216,Possible Drizzle,10.45,995.0,5.74,0.77,1522710000,204.0,0.0588,8.79,0.26
10.36,partly-cloudy-night,0.89,5.994,Mostly Cloudy,10.36,994.8,5.12,0.6,1522713600,199.0,0.0723,8.68,0.23
10.56,rain,0.9,6.106,Possible Drizzle,10.56,994.3,5.35,0.8,1522717200,199.0,0.1034,9.06,0.28
10.42,rain,0.92,4.475,Possible Drizzle,10.42,994.0,5.01,0.71,1522720800,197.0,0.1626,9.23,0.31
10.62,rain,0.92,5.003,Possible Drizzle,10.62,993.6,6.23,0.85,1522724400,193.0,0.1399,9.4,0.53
10.5,rain,0.92,5.999,Possible Drizzle,10.5,993.4,6.85,0.94,1522728000,201.0,0.2207,9.31,0.6
10.61,rain,0.9,6.023,Possible Drizzle,10.61,993.2,6.45,0.8,1522731600,199.0,0.0835,9.05,0.4
10.82,cloudy,0.9,6.084,Overcast,10.82,993.3,6.28,0.92,1522735200,202.0,0.0983,9.17,0.24
10.67,rain,0.91,5.746,Possible Drizzle,10.67,993.5,6.64,0.8,1522738800,201.0,0.0476,9.29,0.31
11.1,rain,0.91,5.911,Possible Drizzle,11.1,993.6,6.43,0.92,1522742400,199.0,0.0872,9.62,0.4
11.65,cloudy,0.86,6.216,Overcast,11.65,993.8,6.96,0.89,1522746000,201.0,0.0128,9.45,0.13
12.06,cloudy,0.84,5.729,Overcast,12.06,994.1,7.47,0.92,1522749600,205.0,0.018,9.43,0.09
12.14,cloudy,0.83,6.216,Overcast,12.14,994.4,6.73,0.89,1522753200,204.0,0.0,9.34,0.0
12.86,partly-cloudy-day,0.79,6.216,Mostly Cloudy,12.86,994.4,7.65,0.87,1522756800,209.0,0.0061,9.23,0.05
13.52,partly-cloudy-day,0.75,6.216,Mostly Cloudy,13.52,994.5,8.6,0.71,1522760400,216.0,0.0291,9.18,0.16
13.61,partly-cloudy-day,0.68,6.216,Mostly Cloudy,13.61,994.5,9.5,0.71,1522764000,215.0,0.0606,7.73,0.12
13.38,partly-cloudy-day,0.65,6.216,Partly Cloudy,13.38,994.2,8.61,0.55,1522767600,221.0,0.0177,6.86,0.12
11.7,partly-cloudy-day,0.76,6.216,Mostly Cloudy,11.7,994.2,7.76,0.66,1522771200,218.0,0.0351,7.52,0.2
12.12,partly-cloudy-day,0.75,6.216,Mostly Cloudy,12.12,994.5,6.9,0.65,1522774800,212.0,0.0202,7.8,0.09
11.84,partly-cloudy-day,0.75,6.216,Partly Cloudy,11.84,994.8,7.1,0.53,1522778400,208.0,0.0,7.61,0.0
11.31,partly-cloudy-night,0.77,6.189,Mostly Cloudy,11.31,995.2,6.93,0.7,1522782000,214.0,0.0,7.43,0.0
10.56,partly-cloudy-night,0.8,6.216,Mostly Cloudy,10.56,995.6,5.97,0.66,1522785600,215.0,0.0,7.25,0.0
9.92,partly-cloudy-night,0.84,6.216,Partly Cloudy,8.82,996.1,5.29,0.35,1522789200,203.0,0.0,7.3,0.0
9.4,partly-cloudy-night,0.86,6.216,Partly Cloudy,8.75,996.1,3.83,0.45,1522792800,179.0,0.0,7.17,0.0
9.0,clear-night,0.87,6.216,Clear,9.0,996.0,2.7,0.15,1522796400,163.0,0.0,6.99,0.0
8.56,clear-night,0.88,6.216,Clear,8.56,995.6,0.69,0.19,1522800000,161.0,0.0,6.67,0.0
8.3,clear-night,0.89,6.216,Clear,7.4,995.6,4.03,0.04,1522803600,153.0,0.0,6.6,0.0
8.38,clear-night,0.89,6.216,Clear,7.24,995.2,4.62,0.17,1522807200,144.0,0.0,6.74,0.0
9.23,clear-night,0.84,6.088,Clear,8.09,995.2,5.05,0.17,1522810800,170.0,0.0242,6.7,0.06
9.04,rain,0.87,6.216,Possible Drizzle,7.92,994.3,4.9,0.29,1522814400,161.0,0.1933,7.0,0.49
8.83,rain,0.88,6.214,Possible Drizzle,7.52,993.9,5.35,0.52,1522818000,148.0,0.1748,7.03,0.5
8.57,rain,0.88,6.216,Possible Drizzle,7.12,993.5,5.64,0.25,1522821600,151.0,0.051,6.72,0.35
9.36,partly-cloudy-day,0.86,6.216,Partly Cloudy,7.64,993.2,7.09,0.49,1522825200,166.0,0.0199,7.12,0.16
10.87,partly-cloudy-day,0.76,6.216,Partly Cloudy,10.87,992.9,8.24,0.42,1522828800,186.0,0.0056,6.85,0.07
11.84,partly-cloudy-day,0.72,6.216,Mostly Cloudy,11.84,993.0,10.88,0.72,1522832400,183.0,0.0174,7.01,0.08
11.99,partly-cloudy-day,0.67,6.216,Mostly Cloudy,11.99,992.9,10.34,0.72,1522836000,183.0,0.17,6.13,0.15
12.0,partly-cloudy-day,0.67,6.216,Mostly Cloudy,12.0,992.8,11.34,0.8,1522839600,186.0,0.0954,6.13,0.11
12.03,partly-cloudy-day,0.71,6.084,Mostly Cloudy,12.03,992.7,11.56,0.87,1522843200,193.0,0.0924,6.88,0.1
11.51,cloudy,0.71,5.874,Overcast,11.51,992.9,10.64,0.92,1522846800,204.0,0.3175,6.44,0.14
11.39,rain,0.72,6.052,Possible Drizzle,11.39,992.8,10.18,0.87,1522850400,196.0,0.1819,6.54,0.27
11.09,rain,0.78,6.178,Possible Drizzle,11.09,992.6,10.58,0.76,1522854000,197.0,0.086,7.41,0.35
11.52,rain,0.74,6.216,Possible Drizzle,11.52,992.7,11.02,0.77,1522857600,210.0,0.0371,7.03,0.26
10.7,rain,0.82,6.216,Possible Drizzle,10.7,993.1,9.51,0.76,1522861200,212.0,0.079,7.69,0.25
10.43,rain,0.84,6.216,Possible Drizzle,10.43,993.8,8.04,0.77,1522864800,221.0,0.0617,7.8,0.28
10.14,partly-cloudy-night,0.85,6.216,Mostly Cloudy,10.14,994.6,6.87,0.71,1522868400,226.0,0.036,7.76,0.18
10.36,partly-cloudy-night,0.84,6.216,Mostly Cloudy,10.36,996.0,6.38,0.71,1522872000,241.0,0.0086,7.69,0.07
10.0,partly-cloudy-night,0.85,6.193,Mostly Cloudy,8.06,997.3,8.63,0.74,1522875600,264.0,0.0776,7.59,0.08
9.35,partly-cloudy-night,0.76,6.14,Mostly Cloudy,7.12,998.7,9.34,0.8,1522879200,275.0,0.1174,5.4,0.16
8.36,cloudy,0.76,6.216,Overcast,5.9,1000.3,9.32,0.93,1522882800,273.0,0.0289,4.32,0.11
7.4,cloudy,0.75,6.216,Overcast,4.9,1001.4,8.56,0.93,1522886400,280.0,0.0,3.28,0.0
7.32,cloudy,0.72,6.206,Overcast,4.83,1002.8,8.44,0.93,1522890000,276.0,0.0,2.64,0.0
6.85,cloudy,0.7,6.206,Overcast,3.92,1004.3,9.9,0.94,1522893600,306.0,0.0,1.7,0.0
5.87,cloudy,0.75,6.213,Overcast,2.71,1006.3,9.85,0.94,1522897200,316.0,0.0,1.74,0.0
5.56,cloudy,0.75,6.216,Overcast,2.91,1008.0,7.6,0.94,1522900800,314.0,0.0,1.5,0.0
5.53,cloudy,0.73,6.214,Overcast,2.96,1009.5,7.3,0.92,1522904400,314.0,0.0,1.12,0.0
5.08,partly-cloudy-day,0.73,6.216,Mostly Cloudy,2.81,1011.4,6.09,0.78,1522908000,317.0,0.0,0.54,0.0
5.41,partly-cloudy-day,0.73,6.216,Partly Cloudy,3.2,1012.9,6.08,0.59,1522911600,318.0,0.0,0.97,0.0
6.12,clear-day,0.66,6.216,Clear,4.02,1014.3,6.19,0.12,1522915200,317.0,0.0,0.16,0.0
7.39,clear-day,0.63,6.216,Clear,5.56,1015.4,6.13,0.06,1522918800,309.0,0.0,0.79,0.0
8.5,clear-day,0.57,6.216,Clear,7.42,1016.4,4.53,0.18,1522922400,311.0,0.0,0.47,0.0
9.65,clear-day,0.45,6.216,Clear,8.87,1017.1,4.24,0.07,1522926000,316.0,0.0,-1.64,0.0
10.34,clear-day,0.42,6.216,Clear,10.34,1017.5,3.48,0.15,1522929600,280.0,0.0,-2.03,0.0
11.95,clear-day,0.4,6.216,Clear,11.95,1017.6,3.26,0.14,1522933200,238.0,0.0083,-1.13,0.04
12.58,clear-day,0.39,6.216,Clear,12.58,1017.6,3.11,0.08,1522936800,211.0,0.0,-1.11,0.0
13.1,clear-day,0.35,6.216,Clear,13.1,1017.9,5.05,0.14,1522940400,200.0,0.0,-1.87,0.0
12.26,clear-day,0.35,6.216,Clear,12.26,1017.8,5.63,0.19,1522944000,184.0,0.0,-2.96,0.0
11.85,clear-day,0.47,6.216,Clear,11.85,1017.9,6.11,0.19,1522947600,179.0,0.0057,0.8,0.09
9.98,clear-day,0.55,6.216,Clear,8.63,1018.2,6.19,0.16,1522951200,188.0,0.0499,1.25,0.09
8.58,clear-night,0.58,6.216,Clear,7.07,1018.6,5.81,0.16,1522954800,183.0,0.0773,0.67,0.09
7.79,clear-night,0.6,6.216,Clear,6.68,1018.7,4.32,0.19,1522958400,164.0,0.1071,0.58,0.09
7.25,clear-night,0.63,6.216,Clear,5.34,1018.8,6.28,0.0,1522962000,143.0,0.0,0.56,0.0
6.38,clear-night,0.67,6.216,Clear,4.78,1018.4,4.93,0.08,1522965600,145.0,0.0,0.63,0.0
5.55,clear-night,0.75,6.216,Clear,4.12,1018.3,4.24,0.04,1522969200,141.0,0.0,1.51,0.0
5.49,clear-night,0.77,6.216,Clear,4.23,1017.8,3.87,0.0,1522972800,129.0,0.0,1.84,0.0
5.75,clear-night,0.77,6.216,Clear,4.29,1017.4,4.35,0.17,1522976400,132.0,0.0,2.04,0.0
5.94,clear-night,0.79,6.216,Clear,4.45,1016.3,4.49,0.0,1522980000,128.0,0.0,2.61,0.0
5.95,clear-night,0.79,6.216,Clear,4.29,1015.8,4.92,0.0,1522983600,130.0,0.0,2.66,0.0
5.96,clear-night,0.79,6.216,Clear,4.09,1014.9,5.44,0.04,1522987200,124.0,0.0,2.59,0.0
5.8,clear-night,0.81,6.214,Clear,4.36,1014.5,4.35,0.0,1522990800,125.0,0.0,2.8,0.0
5.89,clear-day,0.83,6.216,Clear,4.15,1014.0,5.1,0.14,1522994400,124.0,0.0,3.2,0.0
6.92,clear-day,0.79,6.216,Clear,4.92,1013.5,6.38,0.19,1522998000,127.0,0.0,3.55,0.0
7.92,clear-day,0.74,6.216,Clear,6.19,1012.9,6.14,0.19,1523001600,135.0,0.0,3.6,0.0
9.23,clear-day,0.71,6.216,Clear,7.64,1012.4,6.52,0.17,1523005200,145.0,0.0,4.14,0.0
11.35,clear-day,0.61,6.216,Clear,11.35,1011.7,7.72,0.17,1523008800,153.0,0.0,4.2,0.0
12.56,clear-day,0.54,6.216,Clear,12.56,1010.8,8.97,0.17,1523012400,153.0,0.0,3.53,0.0
14.19,clear-day,0.5,6.216,Clear,14.19,1009.7,9.21,0.19,1523016000,148.0,0.0,4.01,0.0
15.51,clear-day,0.49,6.216,Clear,15.51,1008.6,10.16,0.19,1523019600,153.0,0.0,4.76,0.0
16.67,clear-day,0.47,6.216,Clear,16.67,1007.9,9.98,0.16,1523023200,155.0,0.0,5.32,0.0
16.39,clear-day,0.47,6.216,Clear,16.39,1007.4,8.38,0.16,1523026800,156.0,0.0,4.89,0.0
16.57,clear-day,0.45,6.216,Clear,16.57,1007.2,6.87,0.16,1523030400,160.0,0.0,4.67,0.0
16.32,clear-day,0.48,6.216,Clear,16.32,1007.0,6.15,0.16,1523034000,162.0,0.0,5.37,0.0
15.76,clear-day,0.51,6.216,Clear,15.76,1007.0,4.85,0.16,1523037600,158.0,0.0,5.66,0.0
14.68,clear-night,0.55,6.216,Clear,14.68,1007.1,2.99,0.14,1523041200,133.0,0.0,5.75,0.0
13.72,clear-night,0.59,6.216,Clear,13.72,1007.5,1.83,0.16,1523044800,133.0,0.0,5.87,0.0
12.56,clear-night,0.64,6.216,Clear,12.56,1007.5,1.43,0.19,1523048400,143.0,0.0,5.93,0.0
12.02,clear-night,0.67,6.216,Clear,12.02,1007.5,1.74,0.04,1523052000,136.0,0.0,6.18,0.0
11.17,clear-night,0.71,6.216,Clear,11.17,1007.2,1.2,0.04,1523055600,111.0,0.0,6.15,0.0
10.73,clear-night,0.75,6.216,Clear,10.73,1006.8,0.41,0.1,1523059200,109.0,0.0,6.47,0.0
10.27,clear-night,0.77,6.172,Clear,10.27,1006.4,0.93,0.17,1523062800,120.0,0.0,6.39,0.0
9.76,clear-night,0.79,6.15,Clear,9.76,1005.8,1.26,0.22,1523066400,92.0,0.0,6.26,0.0
10.39,clear-night,0.77,6.075,Clear,10.39,1005.2,1.47,0.16,1523070000,84.0,0.0,6.59,0.0
9.81,clear-night,0.79,6.073,Clear,9.81,1005.2,0.92,0.21,1523073600,94.0,0.0074,6.39,0.05
10.05,clear-night,0.76,6.008,Clear,10.05,1004.8,2.32,0.16,1523077200,96.0,0.0,6.11,0.0
10.69,clear-day,0.74,5.384,Clear,10.69,1004.6,3.39,0.18,1523080800,98.0,0.0525,6.21,0.05
10.73,clear-day,0.76,5.542,Clear,10.73,1004.6,4.94,0.19,1523084400,117.0,0.033,6.59,0.05
11.46,partly-cloudy-day,0.75,5.918,Partly Cloudy,11.46,1004.1,4.42,0.32,1523088000,125.0,0.0071,7.12,0.05
12.96,clear-day,0.75,6.216,Clear,12.96,1004.2,3.99,0.23,1523091600,150.0,0.0233,8.59,0.06
15.28,clear-day,0.71,6.216,Clear,15.28,1004.2,6.0,0.3,1523095200,173.0,0.0,9.95,0.0
17.03,clear-day,0.64,6.216,Clear,17.03,1004.3,8.14,0.2,1523098800,183.0,0.0,10.08,0.0
16.56,partly-cloudy-day,0.64,6.216,Mostly Cloudy,16.56,1004.3,8.21,0.68,1523102400,188.0,0.0,9.81,0.0
16.07,cloudy,0.68,6.216,Overcast,16.07,1004.5,7.87,0.9,1523106000,195.0,0.0,10.06,0.0
15.69,cloudy,0.69,6.216,Overcast,15.69,1004.5,8.85,0.88,1523109600,197.0,0.0,10.02,0.0
15.23,cloudy,0.72,6.216,Overcast,15.23,1004.6,7.43,0.88,1523113200,196.0,0.0,10.19,0.0
15.86,partly-cloudy-day,0.67,6.216,Partly Cloudy,15.86,1005.1,6.95,0.58,1523116800,189.0,0.0,9.79,0.0
14.82,clear-day,0.71,6.102,Clear,14.82,1005.4,5.51,0.17,1523120400,199.0,0.0,9.68,0.0
13.87,clear-day,0.72,5.99,Clear,13.87,1006.3,5.03,0.16,1523124000,195.0,0.0,8.87,0.0
12.14,clear-night,0.79,5.929,Clear,12.14,1006.9,4.82,0.17,1523127600,193.0,0.0,8.69,0.0
11.85,clear-night,0.8,6.135,Clear,11.85,1007.7,5.0,0.22,1523131200,201.0,0.0,8.43,0.0
11.53,clear-night,0.8,6.143,Clear,11.53,1007.9,4.08,0.25,1523134800,206.0,0.0179,8.2,0.04
10.88,clear-night,0.84,5.842,Clear,10.88,1007.8,2.07,0.24,1523138400,218.0,0.0061,8.22,0.03
10.63,clear-night,0.85,6.044,Clear,10.63,1008.0,1.9,0.26,1523142000,220.0,0.0,8.14,0.0
10.17,clear-night,0.87,5.605,Clear,10.17,1007.9,0.31,0.3,1523145600,203.0,0.0,8.06,0.0
10.04,clear-night,0.88,5.093,Clear,10.04,1007.5,1.29,0.26,1523149200,221.0,0.0,8.12,0.0
10.02,clear-night,0.88,5.022,Clear,10.02,1007.1,1.05,0.29,1523152800,200.0,0.0,8.12,0.0
9.92,partly-cloudy-night,0.9,4.701,Partly Cloudy,9.92,1007.2,1.68,0.39,1523156400,180.0,0.0,8.38,0.0
9.83,partly-cloudy-night,0.91,3.565,Mostly Cloudy,9.83,1007.5,1.38,0.76,1523160000,199.0,0.0301,8.4,0.22
9.59,rain,0.93,3.073,Possible Drizzle,9.59,1007.5,1.13,0.8,1523163600,205.0,0.1195,8.58,0.4
9.57,rain,0.95,2.364,Drizzle,9.57,1007.3,0.77,0.82,1523167200,190.0,0.2269,8.74,0.66
9.82,rain,0.95,2.31,Possible Drizzle,9.82,1007.6,0.75,0.86,1523170800,176.0,0.1741,9.01,0.61
9.87,rain,0.95,2.968,Possible Drizzle,9.87,1007.7,0.98,0.95,1523174400,153.0,0.1462,9.06,0.56
10.07,rain,0.94,2.944,Possible Drizzle,10.07,1007.6,0.67,0.99,1523178000,96.0,0.0389,9.18,0.28
10.5,cloudy,0.95,2.793,Overcast,10.5,1007.6,2.26,0.95,1523181600,90.0,0.0,9.66,0.0
10.61,rain,0.89,3.719,Possible Drizzle,10.61,1007.7,0.56,0.95,1523185200,27.0,0.1055,8.94,0.43
10.52,rain,0.93,3.561,Possible Drizzle,10.52,1007.5,0.21,0.92,1523188800,313.0,0.2239,9.46,0.62
10.59,rain,0.92,4.356,Possible Light Rain,10.59,1007.6,1.19,0.92,1523192400,346.0,0.5485,9.41,0.59
11.13,rain,0.91,4.753,Possible Light Rain,11.13,1007.5,1.69,0.8,1523196000,4.0,0.2659,9.77,0.65
11.5,rain,0.92,5.162,Possible Drizzle,11.5,1007.8,1.63,0.94,1523199600,18.0,0.1097,10.18,0.45
11.51,rain,0.89,5.161,Possible Drizzle,11.51,1007.9,2.41,0.84,1523203200,25.0,0.1911,9.82,0.32
11.6,rain,0.89,5.505,Possible Drizzle,11.6,1008.0,2.11,0.79,1523206800,33.0,0.1122,9.85,0.27
11.52,rain,0.89,4.892,Possible Drizzle,11.52,1008.5,1.84,0.84,1523210400,36.0,0.0492,9.74,0.29
11.36,rain,0.9,4.151,Possible Drizzle,11.36,1009.1,1.96,0.77,1523214000,43.0,0.0814,9.71,0.32
10.96,rain,0.91,3.246,Possible Drizzle,10.96,1009.6,3.08,0.9,1523217600,5.0,0.0983,9.55,0.44
10.62,rain,0.92,2.713,Possible Drizzle,10.62,1009.9,3.47,0.86,1523221200,17.0,0.1095,9.39,0.48
10.39,rain,0.93,2.889,Possible Drizzle,10.39,1009.9,2.93,0.85,1523224800,19.0,0.2278,9.24,0.58
10.09,rain,0.93,2.862,Possible Drizzle,10.09,1009.9,3.63,0.92,1523228400,11.0,0.1801,8.98,0.59
9.87,cloudy,0.92,2.809,Overcast,9.87,1009.9,2.74,0.88,1523232000,10.0,0.0136,8.7,0.11
9.84,cloudy,0.92,3.052,Overcast,9.84,1009.9,2.19,0.92,1523235600,28.0,0.0,8.59,0.0
9.59,cloudy,0.93,2.596,Overcast,9.34,1009.7,3.04,1.0,1523239200,25.0,0.0,8.47,0.0
9.37,cloudy,0.93,2.081,Overcast,9.08,1009.5,3.05,1.0,1523242800,34.0,0.0163,8.25,0.09
8.97,rain,0.94,1.556,Possible Drizzle,8.97,1009.5,2.47,1.0,1523246400,28.0,0.087,8.01,0.52
8.86,rain,0.94,1.406,Possible Drizzle,8.28,1009.3,3.49,1.0,1523250000,29.0,0.2277,8.0,0.58
8.64,rain,0.95,1.82,Possible Drizzle,7.99,1009.2,3.6,1.0,1523253600,25.0,0.2191,7.88,0.58
8.61,rain,0.94,2.263,Possible Drizzle,8.61,1009.3,2.82,0.99,1523257200,39.0,0.153,7.69,0.6
8.5,rain,0.94,2.331,Possible Light Rain,8.05,1008.9,3.12,0.99,1523260800,35.0,0.3903,7.64,0.63
8.87,rain,0.93,2.756,Possible Light Rain,7.9,1008.7,4.41,0.99,1523264400,56.0,0.2571,7.87,0.64
8.89,rain,0.93,2.683,Possible Drizzle,7.76,1008.4,4.86,0.99,1523268000,68.0,0.1582,7.89,0.62
9.03,rain,0.94,1.662,Possible Drizzle,8.12,1008.0,4.33,1.0,1523271600,70.0,0.2298,8.04,0.53
9.05,rain,0.94,2.476,Possible Light Rain,9.05,1007.2,0.9,0.96,1523275200,80.0,0.2388,8.19,0.52
9.21,rain,0.95,2.023,Possible Drizzle,8.17,1006.6,4.75,0.99,1523278800,88.0,0.0838,8.47,0.47
9.5,rain,0.95,2.079,Possible Drizzle,8.31,1005.9,5.32,1.0,1523282400,91.0,0.0823,8.71,0.35
9.39,rain,0.94,1.351,Possible Drizzle,8.39,1005.2,4.72,1.0,1523286000,105.0,0.0501,8.52,0.26
8.98,fog,0.94,1.356,Foggy,7.77,1004.4,5.12,1.0,1523289600,95.0,0.0257,8.0,0.17
8.97,fog,0.95,1.073,Foggy,7.73,1003.9,5.22,1.0,1523293200,98.0,0.0201,8.2,0.12
8.76,fog,0.95,1.264,Foggy,7.63,1003.5,4.78,1.0,1523296800,101.0,0.0226,8.01,0.17
8.72,rain,0.96,1.399,Possible Drizzle,7.55,1003.1,4.89,0.99,1523300400,95.0,0.1224,8.18,0.37
8.71,rain,0.96,1.901,Possible Light Rain,7.53,1002.7,4.9,1.0,1523304000,100.0,0.2552,8.1,0.61
8.7,rain,0.96,1.994,Light Rain,7.86,1002.3,4.03,0.96,1523307600,94.0,0.3186,8.17,0.71
8.66,rain,0.96,1.735,Light Rain,7.85,1001.7,3.94,0.95,1523311200,92.0,0.4015,8.01,0.74
8.56,rain,0.97,2.269,Light Rain,7.53,1001.4,4.44,0.91,1523314800,94.0,0.3555,8.06,0.7
8.45,rain,0.97,2.322,Light Rain,7.64,1001.0,3.85,0.99,1523318400,87.0,0.4344,7.93,0.79
8.52,rain,0.97,1.99,Light Rain,8.06,1000.4,3.16,0.91,1523322000,81.0,0.3581,8.01,0.74
8.46,rain,0.96,2.117,Light Rain,8.46,999.9,2.83,0.94,1523325600,68.0,0.32,7.82,0.65
8.58,rain,0.97,2.093,Possible Light Rain,8.58,999.4,1.82,0.88,1523329200,64.0,0.285,8.07,0.62
8.82,rain,0.96,2.36,Possible Light Rain,8.82,999.0,1.17,0.99,1523332800,57.0,0.2457,8.16,0.59
8.53,rain,0.97,2.68,Light Rain,8.04,998.7,3.22,0.95,1523336400,67.0,0.3068,8.01,0.69
8.52,rain,0.95,3.371,Light Rain,7.65,999.0,4.05,1.0,1523340000,76.0,0.3076,7.75,0.7
8.5,rain,0.95,2.947,Possible Drizzle,7.91,999.3,3.42,0.99,1523343600,73.0,0.0516,7.73,0.32
8.6,cloudy,0.94,2.324,Overcast,8.07,999.7,3.32,1.0,1523347200,79.0,0.0072,7.62,0.05
9.01,cloudy,0.92,2.833,Overcast,8.49,1000.3,3.41,0.95,1523350800,67.0,0.0068,7.83,0.03
9.57,cloudy,0.9,3.108,Overcast,8.8,1000.9,4.18,0.99,1523354400,79.0,0.0154,7.97,0.12
10.29,cloudy,0.89,2.431,Overcast,10.29,1001.6,3.99,0.99,1523358000,78.0,0.0227,8.59,0.13
11.4,cloudy,0.88,3.263,Overcast,11.4,1001.9,3.15,0.95,1523361600,67.0,0.0,9.48,0.0
12.92,cloudy,0.83,4.236,Overcast,12.92,1001.9,4.23,0.92,1523365200,61.0,0.0,10.07,0.0
13.48,partly-cloudy-day,0.79,5.437,Mostly Cloudy,13.48,1002.2,4.96,0.77,1523368800,67.0,0.0,9.89,0.0
13.48,cloudy,0.79,4.689,Overcast,13.48,1002.4,5.48,0.9,1523372400,67.0,0.0,10.0,0.0
13.7,partly-cloudy-day,0.78,4.717,Mostly Cloudy,13.7,1002.9,5.09,0.79,1523376000,60.0,0.0,9.83,0.0
13.14,cloudy,0.82,3.996,Overcast,13.14,1003.3,4.56,0.88,1523379600,58.0,0.0,10.14,0.0
13.08,partly-cloudy-day,0.84,3.532,Mostly Cloudy,13.08,1003.8,4.03,0.73,1523383200,66.0,0.0,10.5,0.0
12.6,clear-night,0.87,2.956,Clear,12.6,1004.5,3.74,0.28,1523386800,59.0,0.0,10.48,0.0
12.26,clear-night,0.88,2.408,Clear,12.26,1005.1,1.93,0.24,1523390400,48.0,0.0,10.36,0.0
12.38,clear-night,0.88,2.913,Clear,12.38,1005.6,2.9,0.26,1523394000,56.0,0.0054,10.41,0.06
11.95,clear-night,0.9,2.439,Clear,11.95,1005.9,2.83,0.23,1523397600,61.0,0.0131,10.39,0.06
11.95,partly-cloudy-night,0.9,2.047,Partly Cloudy,11.95,1006.2,5.89,0.53,1523401200,69.0,0.0,10.34,0.0
11.46,rain,0.9,1.639,Possible Drizzle,11.46,1005.8,0.5,0.76,1523404800,43.0,0.1192,9.89,0.3
10.97,rain,0.9,1.424,Possible Light Rain,10.97,1005.8,2.99,0.58,1523408400,16.0,0.2519,9.42,0.33
10.41,rain,0.92,1.181,Possible Light Rain,10.41,1005.9,2.55,0.77,1523412000,30.0,0.3041,9.08,0.59
10.09,rain,0.93,1.034,Possible Light Rain,10.09,1006.3,2.41,0.99,1523415600,45.0,0.6642,9.04,0.6
9.96,rain,0.94,0.785,Possible Light Rain,9.96,1006.1,2.1,0.99,1523419200,7.0,0.7332,9.07,0.65
9.99,rain,0.94,0.864,Possible Light Rain,9.99,1006.0,2.17,0.96,1523422800,20.0,0.4003,9.1,0.59
9.09,rain,0.94,0.925,Possible Light Rain,8.45,1006.4,3.7,0.98,1523426400,6.0,0.5074,8.19,0.62
8.5,rain,0.93,1.308,Possible Light Rain,7.27,1006.7,4.93,0.99,1523430000,21.0,0.2313,7.39,0.61
7.72,rain,0.94,1.679,Possible Drizzle,6.34,1007.1,5.01,0.99,1523433600,28.0,0.0663,6.79,0.29
7.7,fog,0.95,1.648,Foggy,6.6,1007.7,4.28,0.99,1523437200,43.0,0.0085,6.93,0.11
7.73,cloudy,0.93,2.361,Overcast,6.93,1007.9,3.6,1.0,1523440800,45.0,0.0165,6.7,0.09
8.54,cloudy,0.92,2.119,Overcast,7.68,,4.0,1.0,1523444400,48.0,0.0,7.37,0.0
9.0,cloudy,0.92,2.497,Overcast,8.35,1008.1,3.69,1.0,1523448000,38.0,0.0,7.75,0.0
9.8,cloudy,0.87,2.872,Overcast,9.23,1007.7,3.78,0.99,1523451600,38.0,0.0085,7.69,0.05
10.17,cloudy,0.86,2.976,Overcast,10.17,1007.5,3.17,0.99,1523455200,31.0,0.0,7.86,0.0
10.27,cloudy,0.85,2.709,Overcast,10.27,1007.1,0.61,0.92,1523458800,28.0,0.0,7.84,0.0
10.22,cloudy,0.86,2.793,Overcast,10.22,1006.8,4.19,0.97,1523462400,21.0,0.0,7.94,0.0
9.79,cloudy,0.88,2.483,Overcast,8.86,1006.6,4.75,0.95,1523466000,23.0,0.0,7.82,0.0
9.81,cloudy,0.87,2.37,Overcast,9.36,1006.3,3.51,0.97,1523469600,21.0,0.0,7.77,0.0
9.67,fog,0.88,1.759,Foggy,9.41,1006.7,3.08,0.95,1523473200,35.0,0.0184,7.86,0.18
9.6,fog,0.91,1.36,Foggy,9.6,1007.0,2.86,0.95,1523476800,48.0,0.0334,8.24,0.19
9.42,fog,0.94,0.884,Foggy,8.93,1006.6,3.48,0.97,1523480400,31.0,0.0092,8.57,0.05
9.49,fog,0.95,0.765,Foggy,9.49,1006.4,2.52,0.95,1523484000,16.0,0.0,8.73,0.0
9.56,fog,0.96,0.973,Foggy,9.56,1006.3,2.69,0.99,1523487600,41.0,0.0,9.01,0.0
9.61,fog,0.94,1.098,Foggy,9.61,1005.8,0.51,1.0,1523491200,35.0,0.0063,8.76,0.06
9.52,fog,0.94,1.052,Foggy,9.19,1005.5,3.18,0.99,1523494800,28.0,0.0,8.67,0.0
9.3,fog,0.94,0.999,Foggy,8.55,1005.1,4.04,0.99,1523498400,29.0,0.0179,8.36,0.1
8.82,fog,0.95,0.834,Foggy,8.15,1004.8,3.68,0.99,1523502000,20.0,0.0097,7.99,0.09
8.01,fog,0.95,0.769,Foggy,6.93,1004.6,4.34,0.95,1523505600,8.0,0.0,7.26,0.0
7.67,fog,0.95,0.648,Foggy,6.49,1004.4,4.44,1.0,1523509200,357.0,0.0,6.92,0.0
7.53,fog,0.94,1.032,Foggy,6.7,1004.3,3.62,1.0,1523512800,0.0,0.0,6.63,0.0
7.43,fog,0.94,0.937,Foggy,6.21,1004.3,4.46,1.0,1523516400,5.0,0.0,6.54,0.0
7.59,fog,0.94,1.295,Foggy,6.49,1004.2,4.23,1.0,1523520000,7.0,0.0,6.62,0.0
7.86,fog,0.92,1.554,Foggy,6.73,1004.3,4.4,1.0,1523523600,356.0,0.015,6.61,0.07
8.0,fog,0.93,1.477,Foggy,6.93,1004.0,4.31,1.0,1523527200,6.0,0.011,6.9,0.04
8.95,fog,0.9,1.674,Foggy,7.95,1003.8,4.51,0.99,1523530800,11.0,0.0,7.45,0.0
10.15,fog,0.87,1.989,Foggy,10.15,1003.5,3.92,0.99,1523534400,19.0,0.0,8.07,0.0
10.12,fog,0.89,1.541,Foggy,10.12,1003.2,3.95,0.99,1523538000,26.0,0.0,8.4,0.0
10.48,fog,0.88,1.776,Foggy,10.48,1003.0,4.48,0.99,1523541600,17.0,0.0,8.55,0.0
10.77,fog,0.87,1.737,Foggy,10.77,1002.7,4.66,0.99,1523545200,22.0,0.0,8.61,0.0
9.94,fog,0.89,1.993,Foggy,8.91,1002.5,5.08,0.95,1523548800,7.0,0.0,8.17,0.0
9.37,fog,0.91,1.376,Foggy,8.09,1002.3,5.53,0.99,1523552400,2.0,0.0,7.91,0.0
8.6,cloudy,0.9,2.344,Overcast,7.16,1002.6,5.62,0.99,1523556000,2.0,0.0,6.98,0.0
7.92,cloudy,0.89,2.007,Overcast,6.43,1003.0,5.37,0.99,1523559600,2.0,0.0074,6.25,0.05
7.52,cloudy,0.9,2.362,Overcast,6.2,1003.1,4.72,0.99,1523563200,0.0,0.0058,5.95,0.06
7.16,cloudy,0.89,3.281,Overcast,6.0,1003.1,4.21,0.99,1523566800,355.0,0.0,5.46,0.0
7.03,fog,0.92,1.95,Foggy,6.01,1003.0,3.85,0.99,1523570400,1.0,0.0,5.8,0.0
7.08,cloudy,0.91,4.05,Overcast,7.08,1003.1,2.65,0.99,1523574000,346.0,0.0,5.71,0.0
6.89,cloudy,0.91,3.904,Overcast,6.89,1003.1,0.59,0.99,1523577600,356.0,0.0118,5.54,0.07
6.89,cloudy,0.92,2.621,Overcast,6.89,1003.0,2.81,0.99,1523581200,349.0,0.0449,5.62,0.1
6.89,cloudy,0.91,2.142,Overcast,6.89,1003.2,2.58,1.0,1523584800,320.0,0.0361,5.55,0.09
6.87,cloudy,0.92,2.172,Overcast,6.87,1003.2,1.82,1.0,1523588400,306.0,0.0223,5.62,0.11
6.66,cloudy,0.94,2.912,Overcast,6.66,1003.4,1.43,1.0,1523592000,309.0,0.0125,5.7,0.08
6.92,cloudy,0.92,2.962,Overcast,6.92,1003.7,1.1,1.0,1523595600,305.0,0.007,5.7,0.02
7.08,cloudy,0.9,2.647,Overcast,7.08,1004.4,1.4,1.0,1523599200,297.0,0.0,5.63,0.0
7.08,cloudy,0.92,2.859,Overcast,7.08,1005.1,1.64,1.0,1523602800,284.0,0.0,5.93,0.0
7.62,cloudy,0.89,3.905,Overcast,7.62,1005.5,2.51,0.99,1523606400,243.0,0.0,5.92,0.0
8.13,cloudy,0.87,4.417,Overcast,8.13,1006.3,2.84,0.99,1523610000,237.0,0.0,6.06,0.0
8.66,cloudy,0.83,4.345,Overcast,8.0,1006.9,3.59,0.95,1523613600,226.0,0.0,5.98,0.0
9.62,cloudy,0.8,5.496,Overcast,9.09,1007.3,3.63,0.95,1523617200,223.0,0.0,6.36,0.0
10.02,cloudy,0.8,5.745,Overcast,10.02,1007.9,3.58,0.92,1523620800,227.0,0.0,6.66,0.0
10.66,cloudy,0.8,6.016,Overcast,10.66,1008.3,3.91,0.95,1523624400,230.0,0.0,7.31,0.0
11.32,cloudy,0.75,5.94,Overcast,11.32,1009.1,3.64,0.95,1523628000,221.0,0.0,7.01,0.0
10.97,cloudy,0.76,5.762,Overcast,10.97,1009.9,3.73,0.95,1523631600,190.0,0.0,6.94,0.0
11.19,cloudy,0.78,5.956,Overcast,11.19,1010.3,4.63,0.95,1523635200,211.0,0.0,7.42,0.0
11.64,cloudy,0.75,6.135,Overcast,11.64,1010.2,4.42,0.92,1523638800,235.0,0.0,7.42,0.0
11.64,cloudy,0.76,6.083,Overcast,11.64,1010.6,4.15,0.88,1523642400,229.0,0.0,7.56,0.0
11.36,cloudy,0.78,5.929,Overcast,11.36,1011.3,2.69,0.89,1523646000,224.0,0.0,7.57,0.0
11.29,cloudy,0.79,5.64,Overcast,11.29,1012.5,2.32,0.88,1523649600,207.0,0.0,7.84,0.0
10.84,cloudy,0.82,5.374,Overcast,10.84,1013.3,2.28,0.92,1523653200,205.0,0.0,7.85,0.0
10.29,partly-cloudy-night,0.84,4.986,Mostly Cloudy,10.29,1013.9,1.87,0.85,1523656800,217.0,0.0,7.73,0.0
9.47,partly-cloudy-night,0.84,4.574,Mostly Cloudy,9.47,1014.3,1.33,0.87,1523660400,217.0,0.0,6.85,0.0
8.89,partly-cloudy-night,0.89,3.616,Partly Cloudy,8.89,1014.9,0.32,0.47,1523664000,215.0,0.0,7.11,0.0
9.25,cloudy,0.87,3.104,Overcast,9.25,1015.3,1.13,0.97,1523667600,215.0,0.0,7.25,0.0
9.29,cloudy,0.87,3.043,Overcast,9.29,1015.5,1.34,0.99,1523671200,205.0,0.0,7.21,0.0
9.22,cloudy,0.87,2.842,Overcast,9.22,1015.8,0.91,1.0,1523674800,231.0,0.0074,7.22,0.04
9.19,cloudy,0.86,2.883,Overcast,9.19,1015.7,0.94,1.0,1523678400,210.0,0.0,7.0,0.0
9.16,cloudy,0.88,2.862,Overcast,9.16,1016.0,1.0,0.99,1523682000,221.0,0.0,7.32,0.0
8.78,cloudy,0.89,2.738,Overcast,8.78,1016.5,0.76,0.91,1523685600,216.0,0.0,7.03,0.0
9.88,partly-cloudy-day,0.85,3.041,Mostly Cloudy,9.88,1017.0,1.48,0.64,1523689200,221.0,0.0,7.48,0.0
11.52,clear-day,0.8,3.636,Clear,11.52,1017.3,0.96,0.3,1523692800,157.0,0.0,8.13,0.0
13.09,clear-day,0.72,4.463,Clear,13.09,1017.4,1.45,0.13,1523696400,147.0,0.0,8.16,0.0
14.36,clear-day,0.64,5.957,Clear,14.36,1017.3,2.9,0.11,1523700000,111.0,0.0,7.63,0.0
15.77,clear-day,0.56,6.216,Clear,15.77,1017.3,3.03,0.23,1523703600,113.0,0.0,7.05,0.0
16.61,partly-cloudy-day,0.53,6.216,Partly Cloudy,16.61,1017.1,3.91,0.37,1523707200,119.0,0.0,7.08,0.0
17.67,partly-cloudy-day,0.5,6.216,Partly Cloudy,17.67,1016.8,4.37,0.54,1523710800,129.0,0.0,7.13,0.0
18.73,partly-cloudy-day,0.52,6.216,Partly Cloudy,18.73,1016.3,4.79,0.41,1523714400,140.0,0.0,8.53,0.0
17.54,partly-cloudy-day,0.51,6.216,Partly Cloudy,17.54,1015.4,5.57,0.36,1523718000,127.0,0.0,7.21,0.0
17.15,clear-day,0.58,6.216,Clear,17.15,1015.1,5.51,0.19,1523721600,125.0,0.0285,8.9,0.09
16.15,clear-day,0.61,6.216,Clear,16.15,1015.0,6.14,0.18,1523725200,117.0,0.1426,8.55,0.09
15.44,clear-day,0.66,5.918,Clear,15.44,1015.0,5.83,0.24,1523728800,124.0,0.0285,9.16,0.09
14.02,clear-night,0.72,5.032,Clear,14.02,1015.2,5.08,0.22,1523732400,112.0,0.0,9.1,0.0
12.59,clear-night,0.78,4.245,Clear,12.59,1015.5,4.15,0.17,1523736000,109.0,0.0,8.82,0.0
11.51,clear-night,0.83,3.573,Clear,11.51,1015.4,3.05,0.09,1523739600,111.0,0.0,8.79,0.0
11.15,clear-night,0.88,2.637,Clear,11.15,1015.0,3.31,0.01,1523743200,105.0,0.0,9.24,0.0
11.27,clear-night,0.87,2.516,Clear,11.27,1014.7,3.33,0.28,1523746800,96.0,0.0,9.24,0.0
11.16,partly-cloudy-night,0.84,2.195,Mostly Cloudy,11.16,1014.2,0.56,0.65,1523750400,105.0,0.0,8.61,0.0
10.89,partly-cloudy-night,0.84,2.163,Mostly Cloudy,10.89,1013.5,3.15,0.7,1523754000,103.0,0.0,8.28,0.0
10.7,fog,0.84,1.794,Foggy,10.7,1012.9,3.62,0.66,1523757600,109.0,0.0,8.16,0.0
9.89,fog,0.88,1.789,Foggy,9.89,1012.4,2.67,0.6,1523761200,103.0,0.0,8.02,0.0
9.94,fog,0.91,1.818,Foggy,9.94,1012.0,2.45,0.54,1523764800,114.0,0.0,8.6,0.0
9.93,fog,0.91,1.156,Foggy,9.6,1011.3,3.3,0.75,1523768400,102.0,0.0,8.55,0.0
10.3,fog,0.91,1.059,Foggy,10.3,1011.2,3.23,0.89,1523772000,125.0,0.0,8.86,0.0
10.53,fog,0.92,1.238,Foggy,10.53,1010.8,4.3,0.95,1523775600,123.0,0.0,9.24,0.0
11.33,fog,0.9,1.83,Foggy,11.33,1010.4,3.94,0.95,1523779200,129.0,0.0,9.68,0.0
12.9,cloudy,0.82,3.326,Overcast,12.9,1010.1,4.92,0.92,1523782800,140.0,0.0149,9.92,0.05
13.44,cloudy,0.77,4.149,Overcast,13.44,1009.8,4.69,0.92,1523786400,165.0,0.0,9.5,0.0
14.05,partly-cloudy-day,0.73,6.039,Mostly Cloudy,14.05,1009.4,5.78,0.77,1523790000,186.0,0.0,9.2,0.0
14.19,partly-cloudy-day,0.66,6.159,Partly Cloudy,14.19,1008.9,4.65,0.36,1523793600,171.0,0.0,7.82,0.0
14.69,clear-day,0.66,6.197,Clear,14.69,1008.4,5.38,0.27,1523797200,181.0,0.0108,8.33,0.08
15.43,partly-cloudy-day,0.65,6.216,Partly Cloudy,15.43,1007.7,6.64,0.41,1523800800,182.0,0.0592,8.79,0.08
14.36,partly-cloudy-day,0.63,6.216,Partly Cloudy,14.36,1007.5,7.55,0.55,1523804400,180.0,0.1614,7.38,0.17
12.45,rain,0.77,6.216,Possible Light Rain,12.45,1007.2,6.69,0.75,1523808000,177.0,0.5041,8.56,0.44
12.37,rain,0.81,6.216,Possible Light Rain,12.37,1007.1,5.78,0.75,1523811600,179.0,0.5157,9.23,0.53
12.39,rain,0.82,6.216,Possible Drizzle,12.39,1007.0,5.15,0.49,1523815200,194.0,0.2188,9.32,0.4
12.32,partly-cloudy-night,0.81,6.216,Mostly Cloudy,12.32,1007.4,5.17,0.74,1523818800,189.0,0.0312,9.07,0.13
11.56,partly-cloudy-night,0.82,6.216,Partly Cloudy,11.56,1007.9,4.63,0.31,1523822400,193.0,0.0093,8.68,0.05
10.93,clear-night,0.84,6.178,Clear,10.93,1008.1,5.02,0.22,1523826000,200.0,0.0,8.26,0.0
10.8,partly-cloudy-night,0.83,6.154,Mostly Cloudy,10.8,1008.3,5.36,0.8,1523829600,200.0,0.0394,8.09,0.1
10.56,partly-cloudy-night,0.84,6.154,Mostly Cloudy,10.56,1008.5,4.93,0.79,1523833200,201.0,0.0056,8.01,0.09
10.66,cloudy,0.83,6.154,Overcast,10.66,1009.0,5.34,0.98,1523836800,212.0,0.0112,7.97,0.09
10.13,partly-cloudy-night,0.85,6.122,Mostly Cloudy,10.13,1009.3,5.69,0.82,1523840400,213.0,0.0149,7.79,0.1
9.55,partly-cloudy-night,0.86,6.122,Partly Cloudy,8.5,1009.6,4.94,0.54,1523844000,205.0,0.0,7.37,0.0
9.78,partly-cloudy-night,0.85,6.184,Mostly Cloudy,8.8,1009.9,4.86,0.75,1523847600,211.0,0.0,7.33,0.0
9.36,partly-cloudy-night,0.86,6.216,Partly Cloudy,8.53,1010.3,4.27,0.48,1523851200,222.0,0.0,7.12,0.0
8.98,clear-night,0.85,6.129,Clear,8.14,1011.0,4.13,0.26,1523854800,219.0,0.0,6.64,0.0
8.96,clear-day,0.87,6.0,Clear,8.04,1011.6,4.31,0.16,1523858400,223.0,0.0,6.89,0.0
9.69,partly-cloudy-day,0.84,6.216,Partly Cloudy,8.59,1012.5,5.18,0.38,1523862000,222.0,0.0,7.11,0.0
11.2,partly-cloudy-day,0.78,6.216,Partly Cloudy,11.2,1013.2,6.0,0.5,1523865600,232.0,0.0,7.43,0.0
12.08,partly-cloudy-day,0.68,6.216,Mostly Cloudy,12.08,1013.8,6.47,0.65,1523869200,236.0,0.0,6.33,0.0
12.33,partly-cloudy-day,0.61,6.216,Mostly Cloudy,12.33,1014.0,6.5,0.65,1523872800,234.0,0.0,4.98,0.0
13.48,partly-cloudy-day,0.61,6.216,Mostly Cloudy,13.48,1014.4,6.77,0.68,1523876400,232.0,0.0,5.99,0.0
13.58,partly-cloudy-day,0.57,6.216,Partly Cloudy,13.58,1014.7,7.37,0.59,1523880000,223.0,0.0,5.3,0.0
14.1,partly-cloudy-day,0.57,6.216,Partly Cloudy,14.1,1014.9,7.85,0.52,1523883600,224.0,0.0,5.83,0.0
14.13,partly-cloudy-day,0.55,6.216,Partly Cloudy,14.13,1015.3,8.01,0.34,1523887200,229.0,0.0422,5.2,0.1
14.79,partly-cloudy-day,0.51,6.216,Partly Cloudy,14.79,1015.2,8.59,0.5,1523890800,223.0,0.0713,4.68,0.09
14.49,partly-cloudy-day,0.5,6.216,Mostly Cloudy,14.49,1015.6,8.34,0.61,1523894400,219.0,0.0767,4.11,0.09
14.0,partly-cloudy-day,0.5,6.216,Mostly Cloudy,14.0,1016.0,8.18,0.66,1523898000,229.0,0.0707,3.61,0.09
13.12,partly-cloudy-day,0.53,6.216,Partly Cloudy,13.12,1016.3,8.08,0.58,1523901600,217.0,0.0547,3.78,0.09
12.01,clear-night,0.57,6.216,Clear,12.01,1017.0,5.55,0.24,1523905200,219.0,0.0165,3.69,0.09
11.32,clear-night,0.61,6.216,Clear,11.32,1017.3,3.84,0.15,1523908800,187.0,0.0055,3.98,0.09
10.86,clear-night,0.63,6.216,Clear,10.86,1017.3,4.55,0.17,1523912400,162.0,0.0,4.0,0.0
10.61,clear-night,0.64,6.216,Clear,10.61,1017.5,4.4,0.22,1523916000,168.0,0.0,4.05,0.0
10.63,clear-night,0.66,6.216,Clear,10.63,1017.6,4.81,0.22,1523919600,162.0,0.0,4.45,0.0
10.9,clear-night,0.64,6.216,Clear,10.9,1017.6,4.94,0.22,1523923200,168.0,0.0168,4.37,0.09
11.13,clear-night,0.65,6.216,Clear,11.13,1017.6,6.17,0.22,1523926800,174.0,0.0447,4.72,0.09
11.18,clear-night,0.68,6.216,Clear,11.18,1017.6,5.11,0.23,1523930400,184.0,0.1112,5.47,0.09
10.87,clear-night,0.71,6.216,Clear,10.87,1017.6,5.11,0.22,1523934000,186.0,0.0447,5.77,0.09
10.81,clear-night,0.69,6.216,Clear,10.81,1017.5,4.84,0.22,1523937600,184.0,0.0112,5.3,0.09
10.53,clear-night,0.69,6.214,Clear,10.53,1017.7,5.29,0.22,1523941200,184.0,0.0325,5.01,0.08
10.58,clear-day,0.7,6.216,Clear,10.58,1018.1,5.98,0.19,1523944800,183.0,0.0163,5.41,0.08
11.58,clear-day,0.66,6.216,Clear,11.58,1018.9,6.48,0.19,1523948400,193.0,0.1346,5.51,0.08
12.55,clear-day,0.62,6.216,Clear,12.55,1019.2,7.57,0.19,1523952000,189.0,0.3013,5.38,0.08
14.43,clear-day,0.53,6.216,Clear,14.43,1019.5,8.15,0.23,1523955600,194.0,0.668,5.1,0.09
16.39,clear-day,0.46,6.216,Clear,16.39,1019.5,9.05,0.25,1523959200,191.0,0.4183,4.65,0.09
18.02,clear-day,0.46,6.216,Clear,18.02,1019.6,9.8,0.27,1523962800,202.0,0.0,6.09,0.0
19.3,clear-day,0.47,6.216,Clear,19.3,1019.7,11.31,0.24,1523966400,206.0,0.2546,7.84,0.09
18.71,partly-cloudy-day,0.51,6.216,Partly Cloudy,18.71,1020.2,11.19,0.47,1523970000,212.0,0.2318,8.36,0.09
18.54,partly-cloudy-day,0.51,6.216,Partly Cloudy,18.54,1020.6,11.26,0.51,1523973600,215.0,0.3113,8.32,0.09
18.21,partly-cloudy-day,0.54,6.216,Mostly Cloudy,18.21,1020.9,10.83,0.65,1523977200,215.0,0.3281,8.61,0.09
17.64,partly-cloudy-day,0.58,6.216,Partly Cloudy,17.64,1021.2,10.4,0.56,1523980800,211.0,0.8711,9.38,0.09
17.47,partly-cloudy-day,0.6,6.216,Mostly Cloudy,17.47,1021.5,10.4,0.75,1523984400,210.0,0.7366,9.64,0.13
17.15,cloudy,0.63,6.216,Overcast,17.15,1022.0,8.15,0.92,1523988000,206.0,0.3507,9.93,0.09
16.87,partly-cloudy-night,0.63,6.216,Mostly Cloudy,16.87,1022.8,7.52,0.77,1523991600,210.0,0.7012,9.79,0.09
16.36,partly-cloudy-night,0.66,6.216,Partly Cloudy,16.36,1023.7,6.74,0.36,1523995200,212.0,0.0,9.88,0.0
16.09,partly-cloudy-night,0.67,6.216,Mostly Cloudy,16.09,1023.8,5.6,0.86,1523998800,195.0,0.0,10.04,0.0
15.37,partly-cloudy-night,0.69,6.216,Mostly Cloudy,15.37,1024.1,5.09,0.65,1524002400,198.0,0.3515,9.65,0.09
14.43,clear-night,0.72,6.216,Clear,14.43,1024.6,3.88,0.31,1524006000,193.0,0.0179,9.39,0.09
13.79,clear-night,0.74,6.216,Clear,13.79,1025.3,0.67,0.05,1524009600,196.0,0.0,9.28,0.0
12.72,clear-night,0.79,6.216,Clear,12.72,1025.6,2.3,0.06,1524013200,192.0,0.0,9.11,0.0
12.53,clear-night,0.8,6.216,Clear,12.53,1025.8,2.96,0.08,1524016800,178.0,0.0128,9.2,0.05
11.94,clear-night,0.82,6.216,Clear,11.94,1026.1,2.82,0.04,1524020400,167.0,0.0,8.93,0.0
12.01,clear-night,0.84,6.216,Clear,12.01,1026.3,2.49,0.14,1524024000,175.0,0.0,9.45,0.0
11.68,clear-night,0.86,6.214,Clear,11.68,1026.9,1.98,0.04,1524027600,192.0,0.0,9.38,0.0
11.62,clear-day,0.87,6.216,Clear,11.62,1027.5,2.93,0.13,1524031200,207.0,0.0,9.5,0.0
13.67,clear-day,0.82,6.216,Clear,13.67,1028.0,4.17,0.04,1524034800,198.0,0.0,10.57,0.0
16.08,clear-day,0.74,6.216,Clear,16.08,1028.3,4.28,0.04,1524038400,202.0,0.0,11.43,0.0
18.22,clear-day,0.67,6.216,Clear,18.22,1028.5,3.88,0.07,1524042000,225.0,0.0,12.04,0.0
20.06,clear-day,0.59,6.216,Clear,20.06,1028.4,3.97,0.06,1524045600,212.0,0.0,11.89,0.0
21.74,clear-day,0.59,6.216,Clear,21.74,1028.0,5.37,0.06,1524049200,185.0,0.0,13.25,0.0
22.95,clear-day,0.51,6.216,Clear,22.95,1027.5,5.31,0.1,1524052800,168.0,0.0,12.23,0.0
24.12,clear-day,0.43,6.216,Clear,24.12,1027.0,6.49,0.09,1524056400,142.0,0.057,10.81,0.09
24.52,clear-day,0.33,6.216,Clear,24.52,1026.4,7.75,0.08,1524060000,150.0,0.0651,7.33,0.09
24.82,clear-day,0.33,6.216,Clear,24.82,1026.0,7.57,0.05,1524063600,154.0,0.036,7.3,0.14
24.11,clear-day,0.33,6.216,Clear,24.11,1025.6,6.78,0.05,1524067200,144.0,0.0886,6.79,0.1
23.39,clear-day,0.38,6.216,Clear,23.39,1025.3,7.93,0.05,1524070800,138.0,0.0452,8.28,0.09
22.24,clear-day,0.43,6.216,Clear,22.24,1025.2,6.13,0.05,1524074400,131.0,0.0166,9.13,0.09
19.42,clear-night,0.56,6.216,Clear,19.42,1025.2,5.0,0.05,1524078000,124.0,0.0055,10.46,0.09
17.52,clear-night,0.63,6.216,Clear,17.52,1025.1,5.49,0.05,1524081600,114.0,0.0,10.51,0.0
16.48,clear-night,0.67,6.216,Clear,16.48,1025.1,3.97,0.02,1524085200,99.0,0.0,10.42,0.0
15.77,clear-night,0.71,6.216,Clear,15.77,1024.9,4.57,0.02,1524088800,106.0,0.0,10.5,0.0
15.01,clear-night,0.71,5.326,Clear,15.01,1024.9,4.57,0.0,1524092400,96.0,0.0,9.83,0.0
14.63,clear-night,0.71,4.844,Clear,14.63,1024.7,0.43,0.0,1524096000,96.0,0.0,9.46,0.0
14.26,clear-night,0.73,5.063,Clear,14.26,1024.5,1.45,0.0,1524099600,107.0,0.0,9.51,0.0
12.79,clear-night,0.77,4.993,Clear,12.79,1024.1,1.72,0.0,1524103200,118.0,0.0,8.91,0.0
12.4,clear-night,0.79,5.015,Clear,12.4,1023.9,1.89,0.0,1524106800,108.0,0.0,8.79,0.0
11.93,clear-night,0.8,4.788,Clear,11.93,1023.7,1.68,0.06,1524110400,62.0,0.0,8.55,0.0
11.76,clear-night,0.82,4.472,Clear,11.76,1023.6,1.78,0.0,1524114000,97.0,0.0,8.7,0.0
12.26,clear-day,0.81,4.468,Clear,12.26,1023.7,1.74,0.07,1524117600,103.0,0.0,9.06,0.0
14.26,clear-day,0.76,4.505,Clear,14.26,1023.9,1.69,0.02,1524121200,103.0,0.0,10.06,0.0
18.12,clear-day,0.63,6.035,Clear,18.12,1023.9,1.53,0.06,1524124800,159.0,0.0,11.04,0.0
21.49,clear-day,0.53,6.216,Clear,21.49,1023.7,1.79,0.06,1524128400,147.0,0.0,11.64,0.0
24.02,clear-day,0.42,6.216,Clear,24.02,1023.6,1.89,0.06,1524132000,123.0,0.0,10.38,0.0
25.64,clear-day,0.36,6.216,Clear,25.64,1023.5,2.52,0.0,1524135600,113.0,0.0,9.49,0.0
26.94,clear-day,0.33,6.216,Clear,26.94,1023.2,3.44,0.0,1524139200,142.0,0.0,9.24,0.0
28.1,clear-day,0.29,6.216,Clear,28.1,1022.8,4.01,0.0,1524142800,161.0,0.0,8.25,0.0
28.14,clear-day,0.25,6.216,Clear,28.14,1022.6,3.87,0.0,1524146400,177.0,0.0,6.39,0.0
28.11,clear-day,0.26,6.216,Clear,28.11,1022.2,3.78,0.02,1524150000,174.0,0.0,6.85,0.0
28.04,clear-day,0.28,6.216,Clear,28.04,1022.0,4.96,0.02,1524153600,135.0,0.0,7.76,0.0
26.49,clear-day,0.36,6.216,Clear,26.49,1021.9,5.04,0.02,1524157200,140.0,0.0057,10.18,0.09
25.12,clear-day,0.41,6.216,Clear,25.12,1021.9,4.83,0.02,1524160800,172.0,0.0166,10.84,0.09
23.44,clear-night,0.45,6.216,Clear,23.44,1022.4,4.25,0.02,1524164400,189.0,0.0,10.71,0.0
21.1,clear-night,0.5,6.216,Clear,21.1,1023.1,2.17,0.0,1524168000,212.0,0.0,10.26,0.0
19.45,clear-night,0.48,6.216,Clear,19.45,1023.3,2.48,0.0,1524171600,213.0,0.0,8.28,0.0
17.98,clear-night,0.55,6.216,Clear,17.98,1023.0,1.73,0.0,1524175200,222.0,0.0,8.79,0.0
17.31,clear-night,0.6,6.216,Clear,17.31,1023.0,1.49,0.0,1524178800,222.0,0.0,9.5,0.0
16.51,clear-night,0.65,6.216,Clear,16.51,1023.1,0.29,0.0,1524182400,230.0,0.0,9.88,0.0
15.42,clear-night,0.69,6.216,Clear,15.42,1022.8,0.65,0.0,1524186000,240.0,0.0,9.82,0.0
14.56,clear-night,0.75,6.216,Clear,14.56,1022.6,1.5,0.0,1524189600,225.0,0.0,10.09,0.0
13.87,clear-night,0.79,6.216,Clear,13.87,1022.6,1.64,0.0,1524193200,235.0,0.0,10.19,0.0
13.46,clear-night,0.78,6.216,Clear,13.46,1022.4,1.36,0.0,1524196800,239.0,0.0,9.64,0.0
12.54,clear-night,0.84,6.214,Clear,12.54,1022.6,1.75,0.0,1524200400,243.0,0.0,9.88,0.0
13.75,clear-day,0.81,6.216,Clear,13.75,1023.1,2.21,0.0,1524204000,265.0,0.0,10.52,0.0
15.65,clear-day,0.77,6.216,Clear,15.65,1023.3,2.35,0.0,1524207600,271.0,0.0,11.57,0.0
17.66,clear-day,0.71,6.216,Clear,17.66,1023.4,3.52,0.0,1524211200,302.0,0.0,12.29,0.0
20.13,clear-day,0.61,6.216,Clear,20.13,1023.5,2.67,0.0,1524214800,315.0,0.0,12.3,0.0
22.3,clear-day,0.56,6.216,Clear,22.3,1023.6,2.97,0.0,1524218400,272.0,0.0,13.21,0.0
23.9,clear-day,0.49,6.216,Clear,23.9,1023.6,3.94,0.04,1524222000,289.0,0.0,12.68,0.0
24.57,clear-day,0.44,6.216,Clear,24.57,1023.3,4.01,0.06,1524225600,274.0,0.0,11.54,0.0
25.39,clear-day,0.42,6.216,Clear,25.39,1023.0,3.98,0.06,1524229200,288.0,0.0,11.46,0.0
25.89,clear-day,0.41,6.216,Clear,25.89,1022.9,4.06,0.03,1524232800,290.0,0.0,11.79,0.0
25.72,clear-day,0.4,6.216,Clear,25.72,1022.5,3.94,0.04,1524236400,301.0,0.0,11.1,0.0
26.05,clear-day,0.39,6.216,Clear,26.05,1022.2,3.97,0.04,1524240000,331.0,0.0,10.83,0.0
25.76,clear-day,0.41,6.216,Clear,25.76,1022.1,3.26,0.02,1524243600,325.0,0.0,11.37,0.0
24.33,clear-day,0.47,6.216,Clear,24.33,1022.1,3.69,0.01,1524247200,13.0,0.0,12.19,0.0
22.64,clear-night,0.49,6.216,Clear,22.64,1022.4,3.5,0.0,1524250800,13.0,0.0,11.41,0.0
18.37,clear-night,0.65,5.231,Clear,18.37,1023.0,4.03,0.0,1524254400,73.0,0.0,11.78,0.0
16.52,clear-night,0.7,4.971,Clear,16.52,1023.3,3.87,0.11,1524258000,74.0,0.0429,11.07,0.08
15.72,clear-night,0.71,5.065,Clear,15.72,1023.4,3.87,0.01,1524261600,69.0,0.0877,10.52,0.09
14.72,clear-night,0.73,5.1,Clear,14.72,1023.5,3.69,0.01,1524265200,71.0,0.0118,9.92,0.09
14.06,clear-night,0.75,4.83,Clear,14.06,1023.3,0.62,0.0,1524268800,86.0,0.0,9.75,0.0
13.63,clear-night,0.76,4.397,Clear,13.63,1022.9,2.97,0.05,1524272400,85.0,0.0,9.55,0.0
13.22,clear-night,0.78,4.335,Clear,13.22,1022.7,2.39,0.07,1524276000,69.0,0.0,9.53,0.0
12.64,clear-night,0.79,4.522,Clear,12.64,1022.6,2.38,0.03,1524279600,69.0,0.0,9.15,0.0
11.93,clear-night,0.82,4.508,Clear,11.93,1022.3,2.37,0.03,1524283200,75.0,0.0,9.04,0.0
11.79,clear-day,0.84,3.923,Clear,11.79,1022.3,2.1,0.0,1524286800,86.0,0.0,9.12,0.0
11.87,clear-day,0.84,3.683,Clear,11.87,1022.5,2.33,0.03,1524290400,86.0,0.0,9.31,0.0
13.3,clear-day,0.79,4.297,Clear,13.3,1022.3,3.44,0.02,1524294000,92.0,0.0,9.73,0.0
15.04,clear-day,0.73,5.617,Clear,15.04,1022.0,3.85,0.02,1524297600,101.0,0.0,10.21,0.0
17.16,clear-day,0.66,5.941,Clear,17.16,1021.9,4.8,0.02,1524301200,118.0,0.0,10.85,0.0
18.99,clear-day,0.63,6.043,Clear,18.99,1021.4,4.63,0.02,1524304800,108.0,0.0,11.81,0.0
20.63,clear-day,0.59,6.216,Clear,20.63,1020.8,4.88,0.02,1524308400,113.0,0.0,12.34,0.0
21.9,clear-day,0.58,6.216,Clear,21.9,1020.2,5.41,0.15,1524312000,124.0,0.0,13.4,0.0
22.94,clear-day,0.56,6.216,Clear,22.94,1019.7,6.14,0.17,1524315600,135.0,0.0,13.76,0.0
22.54,clear-day,0.56,6.216,Clear,22.54,1019.1,5.16,0.19,1524319200,135.0,0.0,13.3,0.0
21.43,clear-day,0.59,6.216,Clear,21.43,1018.4,3.86,0.18,1524322800,110.0,0.0227,13.09,0.09
20.64,clear-day,0.6,6.216,Clear,20.64,1017.8,3.33,0.2,1524326400,101.0,0.0219,12.73,0.09
20.03,clear-day,0.61,6.216,Clear,20.03,1016.7,5.49,0.17,1524330000,99.0,0.0,12.19,0.0
18.75,clear-day,0.63,6.216,Clear,18.75,1016.1,6.57,0.14,1524333600,109.0,0.0171,11.62,0.09
17.7,clear-day,0.67,5.5,Clear,17.7,1015.7,5.06,0.08,1524337200,108.0,0.0055,11.45,0.09
16.77,clear-night,0.72,4.888,Clear,16.77,1015.5,5.77,0.18,1524340800,120.0,0.0,11.77,0.0
16.93,partly-cloudy-night,0.74,4.754,Partly Cloudy,16.93,1015.9,4.57,0.51,1524344400,214.0,0.1659,12.2,0.14
16.99,clear-night,0.74,4.754,Clear,16.99,1015.0,2.77,0.25,1524348000,126.0,0.1283,12.42,0.19
17.24,partly-cloudy-night,0.74,4.298,Partly Cloudy,17.24,1015.1,3.74,0.59,1524351600,161.0,0.3304,12.51,0.2
15.67,rain,0.85,4.429,Rain,15.67,1015.6,0.73,0.73,1524355200,268.0,1.5674,13.23,0.42
15.11,rain,0.92,6.216,Light Rain,15.11,1013.9,2.52,0.46,1524358800,264.0,0.7028,13.77,0.65
14.79,rain,0.94,3.032,Possible Drizzle,14.79,1012.8,2.3,0.09,1524362400,112.0,0.1546,13.79,0.56
14.31,clear-night,0.92,3.735,Clear,14.31,1012.5,3.36,0.2,1524366000,85.0,0.0109,13.04,0.08
13.97,clear-night,0.94,2.753,Clear,13.97,1011.3,1.79,0.2,1524369600,107.0,0.0172,13.06,0.05
13.09,fog,0.95,1.985,Foggy,13.09,1010.6,1.29,0.01,1524373200,110.0,0.0,12.27,0.0
13.16,fog,0.96,1.909,Foggy,13.16,1010.4,2.7,0.03,1524376800,140.0,0.0,12.53,0.0
14.83,clear-day,0.93,3.515,Clear,14.83,1009.9,4.18,0.03,1524380400,164.0,0.0072,13.62,0.04
17.85,clear-day,0.75,6.14,Clear,17.85,1009.6,6.09,0.02,1524384000,206.0,0.009,13.44,0.12
19.68,clear-day,0.67,6.216,Clear,19.68,1009.6,6.79,0.02,1524387600,214.0,0.0163,13.39,0.08
20.95,clear-day,0.62,6.216,Clear,20.95,1009.4,6.93,0.02,1524391200,225.0,0.0,13.42,0.0
22.03,clear-day,0.54,6.216,Clear,22.03,1009.0,7.62,0.05,1524394800,223.0,0.0,12.36,0.0
22.95,clear-day,0.5,6.216,Clear,22.95,1008.8,7.75,0.07,1524398400,216.0,0.0,11.86,0.0
23.21,clear-day,0.45,6.216,Clear,23.21,1008.4,7.97,0.06,1524402000,229.0,0.0,10.78,0.0
23.63,clear-day,0.45,6.216,Clear,23.63,1008.2,7.4,0.18,1524405600,232.0,0.0279,11.17,0.09
22.64,clear-day,0.48,6.216,Clear,22.64,1008.3,7.78,0.2,1524409200,237.0,0.0167,11.13,0.09
21.58,clear-day,0.5,6.216,Clear,21.58,1008.4,7.55,0.23,1524412800,238.0,0.0,10.78,0.0
20.5,clear-day,0.55,6.216,Clear,20.5,1008.8,6.79,0.21,1524416400,243.0,0.0,11.02,0.0
18.88,partly-cloudy-day,0.55,6.216,Mostly Cloudy,18.88,1009.3,6.69,0.63,1524420000,256.0,0.0,9.55,0.0
17.1,partly-cloudy-day,0.57,6.216,Partly Cloudy,17.1,1010.2,6.15,0.5,1524423600,262.0,0.0,8.41,0.0
15.87,clear-night,0.64,6.216,Clear,15.87,1011.0,6.0,0.2,1524427200,268.0,0.0,8.97,0.0
14.48,partly-cloudy-night,0.7,6.216,Partly Cloudy,14.48,1011.7,6.46,0.44,1524430800,270.0,0.0,9.01,0.0
13.46,clear-night,0.73,6.216,Clear,13.46,1012.4,6.8,0.02,1524434400,278.0,0.0,8.69,0.0
12.37,clear-night,0.67,6.216,Clear,12.37,1013.2,5.79,0.0,1524438000,269.0,0.0084,6.46,0.15
11.09,clear-night,0.69,6.216,Clear,11.09,1013.8,6.04,0.0,1524441600,270.0,0.0634,5.57,0.15
9.91,clear-night,0.77,6.216,Clear,8.63,1014.1,5.89,0.0,1524445200,269.0,0.0,6.02,0.0
9.5,clear-night,0.8,6.216,Clear,8.55,1014.3,4.65,0.0,1524448800,261.0,0.0,6.16,0.0
8.96,clear-night,0.82,6.216,Clear,8.22,1014.4,3.88,0.0,1524452400,252.0,0.0,6.08,0.0
8.53,clear-night,0.84,6.216,Clear,7.99,1014.6,3.33,0.0,1524456000,238.0,0.0,6.06,0.0
8.08,clear-day,0.87,6.177,Clear,7.53,1015.0,3.23,0.11,1524459600,232.0,0.0,6.02,0.0
8.89,clear-day,0.85,6.216,Clear,8.17,1015.8,3.81,0.14,1524463200,240.0,0.0,6.54,0.0
10.13,clear-day,0.82,6.216,Clear,10.13,1016.3,4.92,0.15,1524466800,251.0,0.0,7.15,0.0
12.04,clear-day,0.74,6.216,Clear,12.04,1016.4,5.76,0.17,1524470400,257.0,0.0,7.56,0.0
12.71,partly-cloudy-day,0.68,6.216,Mostly Cloudy,12.71,1016.9,6.42,0.68,1524474000,266.0,0.0,6.97,0.0
13.34,partly-cloudy-day,0.64,6.216,Mostly Cloudy,13.34,1017.0,6.48,0.74,1524477600,256.0,0.0,6.68,0.0
14.5,partly-cloudy-day,0.6,6.216,Mostly Cloudy,14.5,1017.2,7.42,0.69,1524481200,257.0,0.0,6.89,0.0
14.8,partly-cloudy-day,0.58,6.216,Mostly Cloudy,14.8,1017.2,7.61,0.74,1524484800,254.0,0.0,6.67,0.0
15.15,partly-cloudy-day,0.56,6.216,Mostly Cloudy,15.15,1017.3,7.52,0.74,1524488400,257.0,0.0,6.46,0.0
16.0,partly-cloudy-day,0.55,6.216,Partly Cloudy,16.0,1016.8,7.9,0.52,1524492000,251.0,0.0,6.95,0.0
15.76,clear-day,0.54,6.216,Clear,15.76,1016.2,7.73,0.28,1524495600,253.0,0.0,6.43,0.0
15.97,clear-day,0.54,6.216,Clear,15.97,1016.0,7.94,0.2,1524499200,255.0,0.0,6.7,0.0
15.59,clear-day,0.53,6.216,Clear,15.59,1015.6,7.19,0.17,1524502800,246.0,0.0,6.12,0.0
14.71,clear-day,0.58,6.216,Clear,14.71,1015.6,7.27,0.15,1524506400,244.0,0.0,6.55,0.0
14.09,clear-day,0.62,6.216,Clear,14.09,1015.9,6.74,0.26,1524510000,241.0,0.0,6.99,0.0
13.49,clear-night,0.68,6.216,Clear,13.49,1016.0,6.6,0.19,1524513600,228.0,0.0,7.61,0.0
12.37,clear-night,0.74,6.216,Clear,12.37,1016.1,6.59,0.26,1524517200,229.0,0.0,7.88,0.0
11.98,clear-night,0.75,6.216,Clear,11.98,1015.9,6.22,0.24,1524520800,233.0,0.0,7.71,0.0
11.82,partly-cloudy-night,0.75,6.216,Partly Cloudy,11.82,1015.8,5.87,0.31,1524524400,240.0,0.0,7.61,0.0
11.76,partly-cloudy-night,0.75,6.216,Mostly Cloudy,11.76,1015.5,5.74,0.8,1524528000,231.0,0.0,7.48,0.0
11.61,partly-cloudy-night,0.78,6.216,Mostly Cloudy,11.61,1015.2,6.8,0.85,1524531600,240.0,0.0,7.84,0.0
11.6,partly-cloudy-night,0.8,6.216,Mostly Cloudy,11.6,1015.2,5.42,0.84,1524535200,250.0,0.0,8.25,0.0
11.85,partly-cloudy-night,0.81,6.216,Mostly Cloudy,11.85,1015.3,5.52,0.75,1524538800,243.0,0.0,8.74,0.0
11.84,partly-cloudy-night,0.81,6.216,Mostly Cloudy,11.84,1015.2,5.22,0.72,1524542400,252.0,0.0,8.67,0.0
11.68,partly-cloudy-day,0.82,6.214,Mostly Cloudy,11.68,1015.2,5.19,0.77,1524546000,251.0,0.0,8.74,0.0
11.93,partly-cloudy-day,0.81,6.216,Partly Cloudy,11.93,1015.2,5.06,0.47,1524549600,242.0,0.0,8.84,0.0
12.2,clear-day,0.8,6.216,Clear,12.2,1015.9,5.31,0.29,1524553200,248.0,0.0,8.87,0.0
13.03,partly-cloudy-day,0.76,6.216,Partly Cloudy,13.03,1016.1,5.76,0.32,1524556800,249.0,0.0,8.85,0.0
13.28,clear-day,0.74,6.216,Clear,13.28,1016.2,5.07,0.29,1524560400,266.0,0.0,8.69,0.0
14.23,clear-day,0.71,6.216,Clear,14.23,1016.1,5.83,0.3,1524564000,236.0,0.0,9.04,0.0
15.14,clear-day,0.63,6.216,Clear,15.14,1015.6,4.43,0.26,1524567600,231.0,0.0,8.16,0.0
16.41,clear-day,0.62,6.216,Clear,16.41,1014.7,5.6,0.19,1524571200,214.0,0.0068,9.12,0.05
17.09,partly-cloudy-day,0.61,6.216,Partly Cloudy,17.09,1013.7,6.96,0.35,1524574800,210.0,0.0086,9.49,0.13
16.98,partly-cloudy-day,0.52,6.216,Mostly Cloudy,16.98,1012.8,8.93,0.65,1524578400,210.0,0.0492,7.02,0.13
15.5,cloudy,0.68,6.055,Overcast,15.5,1012.0,9.76,0.95,1524582000,218.0,0.0433,9.56,0.09
14.19,cloudy,0.8,5.951,Overcast,14.19,1011.4,8.68,0.95,1524585600,221.0,0.0545,10.83,0.13
14.0,cloudy,0.81,6.113,Overcast,14.0,1010.7,9.58,0.95,1524589200,224.0,0.0233,10.85,0.13
13.89,cloudy,0.82,6.082,Overcast,13.89,1009.8,9.45,0.92,1524592800,227.0,0.0086,10.93,0.04
13.56,cloudy,0.83,6.162,Overcast,13.56,1009.3,8.95,0.89,1524596400,224.0,0.0986,10.64,0.19
13.12,partly-cloudy-night,0.83,6.162,Mostly Cloudy,13.12,1008.8,9.58,0.83,1524600000,228.0,0.0409,10.25,0.12
12.9,cloudy,0.85,6.162,Overcast,12.9,1008.6,9.47,0.92,1524603600,228.0,0.0543,10.44,0.22
12.41,rain,0.89,6.162,Possible Drizzle,12.41,1008.3,8.99,0.87,1524607200,231.0,0.195,10.58,0.6
12.4,rain,0.88,5.778,Possible Drizzle,12.4,1008.3,7.69,0.94,1524610800,244.0,0.134,10.52,0.49
12.08,rain,0.86,6.216,Possible Drizzle,12.08,1008.9,8.37,0.74,1524614400,264.0,0.0383,9.73,0.26
11.11,cloudy,0.8,6.216,Overcast,11.11,1009.5,7.5,0.89,1524618000,284.0,0.0338,7.72,0.18
10.88,partly-cloudy-night,0.78,6.216,Mostly Cloudy,10.88,1010.0,5.8,0.78,1524621600,284.0,0.0211,7.16,0.12
9.85,partly-cloudy-night,0.79,6.216,Partly Cloudy,8.56,1010.4,5.89,0.55,1524625200,272.0,0.0,6.32,0.0
9.11,partly-cloudy-night,0.83,6.216,Partly Cloudy,8.2,1010.9,4.35,0.57,1524628800,259.0,0.0,6.43,0.0
8.83,partly-cloudy-day,0.86,6.214,Partly Cloudy,7.66,1011.3,4.95,0.45,1524632400,244.0,0.0,6.54,0.0
8.58,partly-cloudy-day,0.88,6.216,Partly Cloudy,7.01,1011.7,6.02,0.44,1524636000,246.0,0.0,6.73,0.0
9.75,clear-day,0.85,6.216,Clear,8.54,1012.0,5.57,0.29,1524639600,252.0,0.0,7.29,0.0
11.25,partly-cloudy-day,0.76,6.216,Partly Cloudy,11.25,1012.5,6.95,0.54,1524643200,257.0,0.0,7.18,0.0
12.83,partly-cloudy-day,0.63,6.216,Mostly Cloudy,12.83,1012.8,7.69,0.65,1524646800,268.0,0.0,5.86,0.0
13.54,partly-cloudy-day,0.6,6.216,Mostly Cloudy,13.54,1013.0,8.48,0.61,1524650400,255.0,0.0,6.04,0.0
13.41,partly-cloudy-day,0.53,6.216,Mostly Cloudy,13.41,1013.0,8.9,0.64,1524654000,260.0,0.027,3.89,0.06
14.43,partly-cloudy-day,0.54,6.216,Partly Cloudy,14.43,1012.6,7.76,0.4,1524657600,255.0,0.1028,5.17,0.23
14.57,partly-cloudy-day,0.59,6.216,Partly Cloudy,14.57,1012.3,7.16,0.45,1524661200,255.0,0.0513,6.67,0.21
13.55,rain,0.65,6.216,Possible Drizzle,13.55,1012.2,8.22,0.6,1524664800,247.0,0.0367,6.99,0.35
13.92,rain,0.61,6.216,Possible Drizzle,13.92,1012.0,9.83,0.45,1524668400,242.0,0.1802,6.51,0.32
13.82,partly-cloudy-day,0.6,6.216,Mostly Cloudy,13.82,1012.0,16.86,0.62,1524672000,232.0,0.0,6.3,0.0
12.96,partly-cloudy-day,0.6,6.216,Partly Cloudy,12.96,1011.6,11.98,0.43,1524675600,232.0,0.0661,5.47,0.11
12.1,rain,0.66,6.216,Possible Drizzle,12.1,1011.7,7.35,0.6,1524679200,250.0,0.1033,6.0,0.29
11.94,rain,0.56,6.216,Possible Drizzle,11.94,1012.3,7.2,0.43,1524682800,254.0,0.1758,3.55,0.29
10.87,clear-night,0.59,6.193,Clear,10.87,1013.0,6.62,0.25,1524686400,261.0,0.0389,3.1,0.13
10.36,partly-cloudy-night,0.64,6.216,Partly Cloudy,10.36,1013.6,6.59,0.52,1524690000,255.0,0.0144,3.85,0.04
9.39,partly-cloudy-night,0.7,6.216,Partly Cloudy,7.7,1014.0,7.04,0.33,1524693600,251.0,0.0214,4.2,0.09
9.06,clear-night,0.73,6.216,Clear,7.64,1014.4,5.8,0.17,1524697200,251.0,0.0,4.42,0.0
8.63,clear-night,0.76,6.216,Clear,7.18,1014.6,5.67,0.05,1524700800,250.0,0.0,4.68,0.0
8.13,clear-night,0.78,6.216,Clear,6.65,1014.8,5.46,0.0,1524704400,240.0,0.0,4.59,0.0
7.67,clear-night,0.8,6.216,Clear,6.14,1014.9,5.36,0.0,1524708000,250.0,0.0,4.49,0.0
7.51,clear-night,0.83,6.216,Clear,5.88,1015.2,5.56,0.0,1524711600,242.0,0.0,4.72,0.0
7.12,clear-night,0.85,6.216,Clear,5.52,1015.4,5.27,0.0,1524715200,247.0,0.0,4.71,0.0
6.92,clear-day,0.85,6.214,Clear,5.34,1015.7,5.15,0.0,1524718800,240.0,0.0,4.59,0.0
7.2,clear-day,0.85,6.216,Clear,5.52,1016.1,5.57,0.0,1524722400,245.0,0.0,4.78,0.0
8.55,clear-day,0.79,6.216,Clear,6.95,1016.6,6.08,0.15,1524726000,245.0,0.0,5.12,0.0
9.82,partly-cloudy-day,0.71,6.216,Partly Cloudy,8.1,1016.8,7.49,0.41,1524729600,258.0,0.0,4.75,0.0
10.77,partly-cloudy-day,0.63,6.216,Mostly Cloudy,10.77,1016.7,8.3,0.67,1524733200,258.0,0.0,4.11,0.0
12.77,partly-cloudy-day,0.58,6.216,Mostly Cloudy,12.77,1016.7,8.26,0.65,1524736800,260.0,0.0,4.73,0.0
12.73,partly-cloudy-day,0.57,6.216,Partly Cloudy,12.73,1016.6,7.95,0.45,1524740400,253.0,0.021,4.47,0.12
13.35,partly-cloudy-day,0.56,6.216,Partly Cloudy,13.35,1016.5,7.01,0.46,1524744000,248.0,0.0907,4.64,0.23
13.62,partly-cloudy-day,0.52,6.216,Partly Cloudy,13.62,1016.2,7.43,0.4,1524747600,254.0,0.0299,3.96,0.19
14.99,partly-cloudy-day,0.51,6.216,Partly Cloudy,14.99,1016.0,8.34,0.33,1524751200,254.0,0.0796,4.79,0.24
14.57,clear-day,0.42,6.216,Clear,14.57,1015.6,7.14,0.23,1524754800,256.0,0.0258,1.81,0.15
15.33,clear-day,0.4,6.216,Clear,15.33,1015.3,7.93,0.15,1524758400,259.0,0.009,1.7,0.04
14.34,partly-cloudy-day,0.4,6.216,Partly Cloudy,14.34,1015.3,8.56,0.36,1524762000,257.0,0.0092,0.74,0.01
12.99,clear-day,0.6,6.216,Clear,12.99,1015.3,6.64,0.21,1524765600,233.0,0.0254,5.37,0.06
11.88,clear-day,0.64,6.216,Clear,11.88,1015.4,6.4,0.26,1524769200,230.0,0.0,5.37,0.0
10.63,clear-night,0.71,6.216,Clear,10.63,1015.6,5.28,0.17,1524772800,223.0,0.0,5.58,0.0
9.91,clear-night,0.75,6.216,Clear,8.96,1015.5,4.84,0.19,1524776400,222.0,0.0,5.63,0.0
9.61,clear-night,0.78,6.216,Clear,9.61,1015.3,2.78,0.19,1524780000,225.0,0.0,5.89,0.0
9.49,clear-night,0.79,6.216,Clear,9.49,1014.9,2.04,0.19,1524783600,215.0,0.0,5.98,0.0
9.15,clear-night,0.8,6.216,Clear,9.15,1014.4,0.43,0.19,1524787200,212.0,0.014,5.87,0.05
8.46,clear-night,0.83,6.216,Clear,8.46,1013.8,2.16,0.1,1524790800,198.0,0.0256,5.65,0.05
8.37,clear-night,0.85,6.216,Clear,8.37,1013.1,1.63,0.22,1524794400,208.0,0.0,6.03,0.0
8.43,clear-night,0.86,6.184,Clear,8.43,1012.5,1.6,0.27,1524798000,194.0,0.0,6.21,0.0
8.37,clear-night,0.86,6.184,Clear,8.37,1011.6,1.62,0.3,1524801600,183.0,0.0155,6.17,0.06
8.51,clear-day,0.85,5.825,Clear,8.51,1011.0,2.12,0.31,1524805200,175.0,0.0479,6.2,0.18
7.93,rain,0.85,5.953,Possible Light Rain,7.93,1010.8,1.97,0.8,1524808800,183.0,0.3027,5.48,0.53
7.56,rain,0.9,5.886,Light Rain,7.56,1010.0,2.64,0.92,1524812400,108.0,0.7214,6.04,0.66
8.09,rain,0.88,6.193,Possible Light Rain,7.06,1009.1,4.24,0.71,1524816000,94.0,0.3388,6.14,0.58
8.7,partly-cloudy-day,0.84,6.216,Partly Cloudy,7.21,1008.4,5.84,0.38,1524819600,100.0,0.0621,6.23,0.18
9.38,partly-cloudy-day,0.81,6.216,Mostly Cloudy,8.09,1007.6,5.58,0.87,1524823200,102.0,0.0801,6.28,0.13
10.02,rain,0.86,6.216,Possible Drizzle,10.02,1006.2,6.52,0.71,1524826800,108.0,0.1069,7.75,0.41
11.7,rain,0.79,6.216,Possible Drizzle,11.7,1005.4,5.08,0.72,1524830400,125.0,0.0881,8.15,0.41
11.93,partly-cloudy-day,0.78,6.049,Mostly Cloudy,11.93,1005.0,5.25,0.76,1524834000,133.0,0.007,8.2,0.05
10.96,rain,0.86,5.264,Light Rain,10.96,1005.2,3.38,0.91,1524837600,163.0,0.3242,8.65,0.65
10.71,rain,0.9,5.866,Rain,10.71,1004.6,3.09,0.75,1524841200,129.0,1.0587,9.16,0.67
11.12,rain,0.88,6.159,Possible Light Rain,11.12,1004.3,4.33,0.57,1524844800,119.0,0.3868,9.2,0.56
11.45,rain,0.85,6.116,Possible Drizzle,11.45,1004.2,3.55,0.91,1524848400,132.0,0.0798,9.07,0.47
10.96,partly-cloudy-day,0.88,6.022,Mostly Cloudy,10.96,1004.2,3.34,0.83,1524852000,121.0,0.0421,9.07,0.2
10.67,rain,0.92,5.878,Possible Drizzle,10.67,1004.3,3.11,0.84,1524855600,125.0,0.1423,9.41,0.29
10.66,rain,0.93,5.437,Possible Drizzle,10.66,1004.7,2.21,0.92,1524859200,126.0,0.178,9.62,0.31
10.79,rain,0.9,4.833,Possible Drizzle,10.79,1004.7,2.1,0.79,1524862800,119.0,0.1285,9.27,0.52
10.55,rain,0.92,4.765,Possible Drizzle,10.55,1004.7,1.62,0.77,1524866400,101.0,0.2008,9.32,0.62
10.46,rain,0.93,4.561,Possible Drizzle,10.46,1004.6,1.72,0.94,1524870000,96.0,0.1445,9.41,0.33
10.5,rain,0.95,2.603,Possible Drizzle,10.5,1004.6,0.4,0.8,1524873600,72.0,0.1852,9.66,0.56
10.48,rain,0.95,1.708,Possible Light Rain,10.48,1004.7,2.07,0.94,1524877200,46.0,0.2589,9.71,0.49
10.32,rain,0.95,2.951,Possible Light Rain,10.32,1005.0,2.35,0.94,1524880800,343.0,0.4517,9.63,0.48
10.22,rain,0.94,2.68,Possible Light Rain,10.22,1005.4,2.68,0.96,1524884400,357.0,0.3334,9.29,0.53
9.04,rain,0.92,3.343,Possible Light Rain,7.71,1005.7,5.52,0.94,1524888000,325.0,0.545,7.85,0.43
8.61,rain,0.94,4.254,Possible Light Rain,7.38,1006.3,5.01,1.0,1524891600,343.0,0.2834,7.76,0.31
8.56,rain,0.92,4.174,Possible Drizzle,7.55,1007.2,4.39,1.0,1524895200,341.0,0.1353,7.28,0.26
8.54,cloudy,0.9,5.748,Overcast,7.52,1008.2,4.4,0.95,1524898800,336.0,0.1062,7.05,0.24
8.57,cloudy,0.9,5.257,Overcast,7.44,1008.7,4.7,0.95,1524902400,338.0,0.0484,7.08,0.16
8.59,rain,0.9,5.335,Possible Drizzle,7.86,1009.3,3.74,0.95,1524906000,336.0,0.0897,7.05,0.26
8.65,rain,0.89,5.728,Possible Drizzle,7.48,1010.0,4.83,0.92,1524909600,333.0,0.0543,6.98,0.27
8.66,cloudy,0.89,6.216,Overcast,7.67,1010.4,4.37,0.95,1524913200,337.0,0.0179,7.0,0.11
8.77,cloudy,0.88,6.091,Overcast,8.05,1010.8,3.78,0.95,1524916800,339.0,0.0,6.91,0.0
8.92,cloudy,0.86,5.739,Overcast,7.97,1010.9,4.37,0.95,1524920400,340.0,0.0,6.77,0.0
9.09,cloudy,0.86,5.654,Overcast,8.39,1011.2,3.83,0.92,1524924000,320.0,0.0139,6.84,0.03
9.13,cloudy,0.85,6.038,Overcast,8.53,1011.3,3.63,0.89,1524927600,336.0,0.0126,6.66,0.04
9.09,cloudy,0.87,6.076,Overcast,8.35,1011.2,3.94,0.92,1524931200,341.0,0.0107,7.04,0.05
9.33,cloudy,0.83,6.216,Overcast,8.9,1011.5,3.32,0.92,1524934800,353.0,0.0118,6.53,0.05
9.05,cloudy,0.84,5.746,Overcast,8.16,1012.0,4.29,0.95,1524938400,0.0,0.0078,6.45,0.02
8.81,partly-cloudy-day,0.85,4.921,Mostly Cloudy,7.8,1012.2,4.51,0.87,1524942000,3.0,0.0061,6.51,0.02
8.5,cloudy,0.87,3.659,Overcast,7.45,1012.6,4.46,0.92,1524945600,5.0,0.0232,6.51,0.12
8.29,partly-cloudy-night,0.85,5.512,Mostly Cloudy,7.39,1012.7,4.02,0.84,1524949200,6.0,0.0073,5.9,0.11
8.03,cloudy,0.87,6.216,Overcast,7.22,1012.4,3.73,0.91,1524952800,14.0,0.0069,5.96,0.04
8.01,cloudy,0.88,6.216,Overcast,8.01,1012.9,2.98,0.94,1524956400,33.0,0.0173,6.09,0.1
7.99,cloudy,0.87,6.216,Overcast,7.99,1012.7,2.92,0.91,1524960000,36.0,0.0056,5.92,0.09
7.81,cloudy,0.86,6.216,Overcast,7.09,1012.4,3.48,0.89,1524963600,22.0,0.0,5.62,0.0
7.76,cloudy,0.84,6.216,Overcast,7.02,1012.0,3.5,0.94,1524967200,18.0,0.0,5.24,0.0
7.15,partly-cloudy-night,0.89,6.216,Mostly Cloudy,6.3,1011.8,3.56,0.85,1524970800,11.0,0.0055,5.45,0.02
7.11,cloudy,0.89,6.216,Overcast,6.15,1011.8,3.76,0.94,1524974400,16.0,0.0,5.45,0.0
7.1,cloudy,0.88,6.216,Overcast,6.18,1011.8,3.67,0.94,1524978000,14.0,0.0,5.29,0.0
7.33,cloudy,0.86,6.163,Overcast,6.43,1011.9,3.71,0.94,1524981600,23.0,0.0,5.07,0.0
7.36,cloudy,0.86,6.216,Overcast,6.26,1011.9,4.13,0.94,1524985200,33.0,0.0,5.14,0.0
7.58,cloudy,0.84,6.148,Overcast,6.49,1012.1,4.21,0.95,1524988800,24.0,0.0,5.07,0.0
7.86,cloudy,0.83,6.084,Overcast,6.36,1011.6,5.38,0.95,1524992400,20.0,0.0,5.1,0.0
8.28,cloudy,0.82,6.004,Overcast,6.55,1011.3,6.35,0.95,1524996000,25.0,0.0,5.41,0.0
7.96,cloudy,0.84,6.216,Overcast,5.98,1011.2,6.98,0.95,1524999600,21.0,0.0,5.4,0.0
7.63,cloudy,0.83,6.216,Overcast,5.46,1010.7,7.45,0.95,1525003200,16.0,0.0093,4.93,0.05
7.64,cloudy,0.83,6.216,Overcast,5.33,1010.4,7.99,0.95,1525006800,24.0,0.0056,4.96,0.1
7.9,cloudy,0.81,6.216,Overcast,5.81,1010.3,7.35,0.95,1525010400,25.0,0.0082,4.85,0.09
7.92,cloudy,0.82,6.216,Overcast,5.7,1010.1,7.88,0.95,1525014000,26.0,0.0068,5.08,0.05
7.92,cloudy,0.82,6.197,Overcast,5.68,1009.6,7.93,0.95,1525017600,25.0,0.0062,5.07,0.04
7.59,cloudy,0.82,6.216,Overcast,5.31,1009.7,7.81,0.92,1525021200,17.0,0.0057,4.78,0.05
7.39,cloudy,0.82,6.112,Overcast,5.07,1009.5,7.8,0.95,1525024800,14.0,0.0,4.52,0.0
7.11,cloudy,0.84,6.178,Overcast,4.52,1009.5,8.63,0.95,1525028400,19.0,0.03,4.64,0.04
7.0,cloudy,0.81,6.197,Overcast,4.4,1009.3,8.62,0.95,1525032000,23.0,0.0098,4.05,0.04
6.84,cloudy,0.81,6.216,Overcast,4.24,1009.1,8.48,0.95,1525035600,19.0,0.0,3.79,0.0
6.92,cloudy,0.78,6.216,Overcast,4.14,1008.1,9.31,0.94,1525039200,11.0,0.0,3.3,0.0
6.93,cloudy,0.76,6.216,Overcast,4.25,1007.5,8.88,0.94,1525042800,9.0,0.0081,3.0,0.01
7.01,cloudy,0.77,6.216,Overcast,4.42,1007.4,8.54,0.94,1525046400,14.0,0.0,3.27,0.0
6.4,rain,0.81,6.216,Possible Drizzle,3.84,1007.2,7.92,0.94,1525050000,12.0,0.1107,3.4,0.43
6.08,rain,0.85,6.216,Possible Light Rain,3.43,1006.8,7.97,0.94,1525053600,3.0,0.3218,3.76,0.44
5.83,rain,0.83,6.216,Possible Light Rain,2.8,1006.0,9.26,0.91,1525057200,4.0,0.5441,3.14,0.57
5.56,rain,0.85,6.216,Possible Light Rain,2.38,1005.1,9.64,0.91,1525060800,3.0,0.5084,3.26,0.6
5.56,rain,0.85,6.129,Possible Light Rain,2.23,1004.3,10.3,0.89,1525064400,3.0,0.3894,3.25,0.6
5.48,rain,0.86,6.129,Possible Light Rain,2.1,1004.1,10.43,0.92,1525068000,2.0,0.3839,3.38,0.57
5.59,rain,0.86,5.99,Possible Light Rain,2.05,1004.2,11.31,0.92,1525071600,2.0,0.4301,3.5,0.54
5.84,rain,0.86,5.952,Possible Light Rain,2.49,1004.4,10.67,0.92,1525075200,357.0,0.4826,3.61,0.54
5.93,rain,0.86,4.652,Possible Light Rain,2.81,1004.3,9.74,0.92,1525078800,353.0,0.6533,3.77,0.54
6.07,rain,0.86,5.801,Possible Light Rain,3.02,1004.4,9.59,0.91,1525082400,351.0,0.7126,3.89,0.58
6.55,rain,0.82,5.734,Possible Light Rain,3.34,1004.6,10.85,0.91,1525086000,356.0,0.5981,3.62,0.58
6.76,rain,0.78,5.99,Possible Light Rain,3.66,1005.0,10.55,0.95,1525089600,352.0,0.4156,3.23,0.56
7.22,rain,0.75,5.733,Possible Light Rain,4.57,1005.6,9.01,0.84,1525093200,344.0,0.4072,3.09,0.58
7.75,rain,0.71,5.999,Possible Light Rain,5.3,1005.7,8.66,0.56,1525096800,348.0,0.399,2.75,0.57
8.69,rain,0.65,6.216,Possible Drizzle,6.47,1005.8,8.56,0.87,1525100400,347.0,0.2046,2.41,0.44
9.29,partly-cloudy-day,0.62,6.216,Mostly Cloudy,7.29,1006.1,8.17,0.74,1525104000,333.0,0.367,2.38,0.21
9.31,clear-day,0.6,6.216,Clear,7.43,1006.5,7.71,0.26,1525107600,338.0,0.0446,1.93,0.13
9.21,clear-day,0.59,6.216,Clear,7.93,1007.0,5.46,0.23,1525111200,320.0,0.0089,1.59,0.03
8.78,clear-day,0.58,6.216,Clear,7.05,1007.6,6.69,0.22,1525114800,317.0,0.0,0.89,0.0
8.43,clear-night,0.58,6.216,Clear,7.66,1008.0,3.76,0.19,1525118400,312.0,0.0,0.71,0.0
7.48,clear-night,0.64,6.216,Clear,6.94,1008.4,3.04,0.17,1525122000,295.0,0.0,1.02,0.0
5.78,clear-night,0.72,6.216,Clear,5.78,1008.5,2.94,0.19,1525125600,287.0,0.0,1.05,0.0
6.03,clear-night,0.73,6.216,Clear,6.03,1008.8,2.46,0.19,1525129200,279.0,0.0,1.51,0.0
6.27,partly-cloudy-night,0.7,6.216,Mostly Cloudy,6.27,1009.0,0.43,0.7,1525132800,278.0,0.0,1.25,0.0
5.35,partly-cloudy-night,0.76,6.216,Mostly Cloudy,5.35,1009.1,2.44,0.7,1525136400,278.0,0.0,1.52,0.0
5.11,clear-night,0.76,6.216,Clear,4.09,1009.3,3.31,0.22,1525140000,269.0,0.0,1.3,0.0
4.38,clear-night,0.81,6.216,Clear,4.38,1009.6,2.96,0.04,1525143600,269.0,0.0,1.42,0.0
3.43,clear-night,0.84,6.216,Clear,3.43,1009.6,2.54,0.0,1525147200,245.0,0.0,0.99,0.0
2.95,clear-day,0.86,6.214,Clear,2.95,1009.8,2.67,0.0,1525150800,243.0,0.0,0.87,0.0
3.22,clear-day,0.85,6.216,Clear,3.22,1010.3,2.41,0.0,1525154400,243.0,0.0,1.01,0.0
5.76,clear-day,0.77,6.216,Clear,4.54,1010.6,3.87,0.02,1525158000,257.0,0.0,1.97,0.0
8.22,clear-day,0.65,6.216,Clear,7.15,1010.8,4.39,0.02,1525161600,239.0,0.0,2.05,0.0
10.56,clear-day,0.52,6.216,Clear,10.56,1010.7,4.82,0.05,1525165200,247.0,0.0,1.17,0.0
12.11,clear-day,0.45,6.216,Clear,12.11,1010.7,5.59,0.06,1525168800,231.0,0.0,0.62,0.0
13.17,clear-day,0.43,6.216,Clear,13.17,1010.5,6.11,0.1,1525172400,231.0,0.0057,0.92,0.02
14.11,clear-day,0.45,6.216,Clear,14.11,1010.2,6.61,0.16,1525176000,235.0,0.0117,2.32,0.03
13.66,clear-day,0.43,6.216,Clear,13.66,1010.0,6.56,0.2,1525179600,229.0,0.0,1.16,0.0
14.38,partly-cloudy-day,0.47,6.216,Partly Cloudy,14.38,1009.8,7.62,0.4,1525183200,221.0,0.0,3.14,0.0
12.61,clear-day,0.53,6.216,Clear,12.61,1009.5,8.15,0.22,1525186800,219.0,0.0127,3.27,0.07
12.55,partly-cloudy-day,0.58,6.216,Mostly Cloudy,12.55,1009.3,7.17,0.67,1525190400,217.0,0.0187,4.63,0.11
12.5,partly-cloudy-day,0.58,6.216,Partly Cloudy,12.5,1009.0,8.84,0.51,1525194000,222.0,0.0225,4.4,0.1
11.43,partly-cloudy-day,0.6,6.216,Mostly Cloudy,11.43,1009.0,7.59,0.63,1525197600,216.0,0.0,3.96,0.0
10.61,partly-cloudy-day,0.64,6.216,Partly Cloudy,10.61,1009.2,6.46,0.39,1525201200,215.0,0.0,4.14,0.0
9.58,clear-night,0.67,6.216,Clear,8.34,1009.3,5.54,0.2,1525204800,196.0,0.007,3.82,0.05
8.99,clear-night,0.7,6.216,Clear,7.73,1009.0,5.28,0.24,1525208400,184.0,0.0,3.8,0.0
8.82,clear-night,0.71,6.216,Clear,7.55,1008.4,5.21,0.17,1525212000,184.0,0.0,3.94,0.0
8.86,clear-night,0.7,6.216,Clear,7.37,1008.0,5.94,0.21,1525215600,190.0,0.0189,3.71,0.06
9.09,clear-night,0.7,6.216,Clear,7.72,1007.4,5.69,0.22,1525219200,181.0,0.0429,3.92,0.06
9.58,clear-night,0.72,6.216,Clear,8.04,1006.7,6.58,0.18,1525222800,189.0,0.0079,4.74,0.06
9.88,clear-night,0.74,6.216,Clear,8.1,1006.2,7.79,0.17,1525226400,201.0,0.0,5.39,0.0
9.88,clear-night,0.76,6.216,Clear,8.27,1005.6,7.09,0.3,1525230000,202.0,0.0,5.77,0.0
9.57,partly-cloudy-night,0.76,6.216,Partly Cloudy,7.62,1004.7,8.26,0.32,1525233600,197.0,0.0,5.55,0.0
9.56,partly-cloudy-day,0.75,6.214,Partly Cloudy,7.49,1004.3,8.82,0.5,1525237200,203.0,0.0356,5.37,0.11
9.58,partly-cloudy-day,0.77,6.216,Mostly Cloudy,7.41,1004.2,9.33,0.6,1525240800,194.0,0.0343,5.76,0.11
9.64,partly-cloudy-day,0.82,5.844,Mostly Cloudy,7.54,1004.0,9.07,0.8,1525244400,197.0,0.0156,6.71,0.11
9.44,rain,0.87,5.738,Possible Drizzle,7.36,1003.7,8.7,0.92,1525248000,188.0,0.0962,7.34,0.35
9.62,rain,0.87,5.772,Possible Drizzle,7.43,1003.4,9.46,0.92,1525251600,191.0,0.147,7.61,0.56
9.99,rain,0.87,3.898,Possible Drizzle,8.0,1003.2,8.93,0.92,1525255200,188.0,0.1795,7.98,0.59
10.13,rain,0.9,4.854,Possible Light Rain,10.13,1003.0,9.31,0.92,1525258800,200.0,0.4878,8.57,0.59
10.31,rain,0.92,4.088,Light Rain,10.31,1003.1,7.72,0.92,1525262400,200.0,0.7837,9.1,0.67
12.09,rain,0.95,4.229,Light Rain,12.09,1003.5,6.65,0.63,1525266000,221.0,0.6345,11.28,0.67
14.49,rain,0.69,5.38,Possible Light Rain,14.49,1004.6,6.82,0.66,1525269600,270.0,0.2415,8.86,0.58
11.55,rain,0.9,6.14,Possible Light Rain,11.55,1005.7,6.51,0.69,1525273200,296.0,0.2386,9.94,0.56
12.44,rain,0.65,6.216,Possible Drizzle,12.44,1006.9,5.6,0.5,1525276800,300.0,0.1619,6.14,0.4
12.83,partly-cloudy-day,0.66,6.216,Partly Cloudy,12.83,1008.2,6.05,0.47,1525280400,306.0,0.1339,6.6,0.22
12.12,partly-cloudy-day,0.6,6.216,Partly Cloudy,12.12,1009.4,5.68,0.42,1525284000,314.0,0.0129,4.69,0.09
11.05,clear-day,0.63,6.216,Clear,11.05,1010.6,4.68,0.29,1525287600,301.0,0.0,4.29,0.0
9.2,clear-night,0.71,6.216,Clear,9.2,1011.8,2.28,0.06,1525291200,293.0,0.0,4.23,0.0
7.47,clear-night,0.8,6.216,Clear,7.47,1012.7,1.48,0.06,1525294800,263.0,0.0,4.24,0.0
6.93,clear-night,0.83,6.216,Clear,6.93,1013.5,1.99,0.0,1525298400,260.0,0.0,4.21,0.0
6.43,clear-night,0.82,6.216,Clear,6.43,1014.0,1.7,0.0,1525302000,271.0,0.0,3.61,0.0
6.32,clear-night,0.82,6.216,Clear,6.32,1014.8,0.23,0.0,1525305600,264.0,0.0,3.47,0.0
5.97,clear-night,0.83,6.216,Clear,5.97,1015.4,1.68,0.0,1525309200,266.0,0.0,3.37,0.0
5.37,clear-night,0.88,6.216,Clear,5.37,1015.9,0.33,0.0,1525312800,242.0,0.0,3.56,0.0
4.95,clear-night,0.91,6.216,Clear,4.95,1016.5,1.55,0.0,1525316400,239.0,0.0,3.58,0.0
4.3,clear-night,0.94,6.216,Clear,4.3,1016.8,1.61,0.1,1525320000,240.0,0.0,3.4,0.0
4.35,clear-day,0.95,6.138,Clear,4.35,1017.4,2.0,0.0,1525323600,242.0,0.0,3.61,0.0
5.18,clear-day,0.97,6.216,Clear,5.18,1018.2,2.5,0.0,1525327200,245.0,0.0,4.73,0.0
7.74,clear-day,0.89,6.216,Clear,7.74,1019.0,1.53,0.14,1525330800,263.0,0.0069,6.11,0.08
9.26,clear-day,0.79,6.216,Clear,9.26,1019.4,2.48,0.16,1525334400,264.0,0.013,5.73,0.08
11.06,clear-day,0.7,6.216,Clear,11.06,1019.6,2.09,0.15,1525338000,271.0,0.0,5.8,0.0
13.0,clear-day,0.66,6.216,Clear,13.0,1019.9,2.08,0.15,1525341600,208.0,0.0,6.85,0.0
14.19,clear-day,0.55,6.216,Clear,14.19,1019.8,3.04,0.2,1525345200,249.0,0.0,5.21,0.0
15.01,partly-cloudy-day,0.52,6.216,Partly Cloudy,15.01,1020.0,3.65,0.31,1525348800,253.0,0.0,5.16,0.0
15.49,clear-day,0.48,6.216,Clear,15.49,1019.9,3.81,0.31,1525352400,257.0,0.0,4.54,0.0
16.16,clear-day,0.44,6.216,Clear,16.16,1019.4,4.62,0.25,1525356000,252.0,0.0,3.89,0.0
16.7,clear-day,0.4,6.216,Clear,16.7,1019.0,3.99,0.24,1525359600,255.0,0.0,3.09,0.0
17.51,clear-day,0.45,6.216,Clear,17.51,1018.9,3.64,0.16,1525363200,240.0,0.0,5.45,0.0
16.72,clear-day,0.44,6.216,Clear,16.72,1019.1,4.17,0.22,1525366800,238.0,0.0,4.52,0.0
16.1,clear-day,0.48,6.162,Clear,16.1,1019.5,4.3,0.17,1525370400,243.0,0.0,5.13,0.0
15.26,clear-day,0.53,6.216,Clear,15.26,1020.2,3.5,0.2,1525374000,241.0,0.0,5.87,0.0
13.57,clear-night,0.61,6.216,Clear,13.57,1021.0,4.61,0.19,1525377600,212.0,0.0,6.27,0.0
12.8,clear-night,0.63,6.216,Clear,12.8,1021.4,4.22,0.23,1525381200,215.0,0.0,5.98,0.0
12.32,clear-night,0.63,6.216,Clear,12.32,1021.4,3.92,0.21,1525384800,222.0,0.0,5.58,0.0
11.83,clear-night,0.65,6.216,Clear,11.83,1021.7,3.18,0.24,1525388400,230.0,0.0,5.55,0.0
10.93,clear-night,0.68,6.216,Clear,10.93,1021.8,0.4,0.24,1525392000,220.0,0.0,5.24,0.0
10.81,clear-night,0.71,6.216,Clear,10.81,1021.9,2.15,0.22,1525395600,226.0,0.0,5.72,0.0
10.78,clear-night,0.75,6.216,Clear,10.78,1022.0,1.76,0.22,1525399200,228.0,0.0,6.51,0.0
10.72,clear-night,0.76,6.216,Clear,10.72,1022.1,1.37,0.22,1525402800,243.0,0.0,6.66,0.0
10.33,clear-night,0.78,6.216,Clear,10.33,1022.0,1.06,0.22,1525406400,230.0,0.0,6.75,0.0
9.44,clear-day,0.85,6.214,Clear,9.44,1022.6,0.81,0.2,1525410000,229.0,0.0,6.96,0.0
10.71,clear-day,0.84,6.216,Clear,10.71,1022.9,1.22,0.19,1525413600,208.0,0.0,8.05,0.0
12.04,clear-day,0.73,6.216,Clear,12.04,1023.1,1.39,0.19,1525417200,216.0,0.0,7.45,0.0
13.79,clear-day,0.65,6.216,Clear,13.79,1023.3,1.91,0.17,1525420800,199.0,0.0,7.38,0.0
15.26,clear-day,0.57,6.216,Clear,15.26,1023.4,3.14,0.08,1525424400,229.0,0.0,6.78,0.0
16.61,clear-day,0.58,6.216,Clear,16.61,1023.5,2.66,0.1,1525428000,240.0,0.0,8.34,0.0
17.53,clear-day,0.52,6.216,Clear,17.53,1023.5,3.51,0.1,1525431600,248.0,0.0,7.7,0.0
18.54,clear-day,0.49,6.216,Clear,18.54,1023.5,3.41,0.13,1525435200,264.0,0.0,7.71,0.0
19.16,clear-day,0.45,6.216,Clear,19.16,1023.5,3.06,0.22,1525438800,275.0,0.0,6.95,0.0
19.29,clear-day,0.49,6.216,Clear,19.29,1023.5,3.13,0.3,1525442400,305.0,0.0,8.4,0.0
19.5,partly-cloudy-day,0.45,6.216,Partly Cloudy,19.5,1023.3,3.13,0.33,1525446000,316.0,0.0,7.19,0.0
20.11,partly-cloudy-day,0.49,6.216,Partly Cloudy,20.11,1023.1,3.29,0.34,1525449600,11.0,0.0,8.98,0.0
19.84,clear-day,0.47,6.216,Clear,19.84,1023.1,3.24,0.21,1525453200,33.0,0.0,8.35,0.0
19.04,clear-day,0.51,6.216,Clear,19.04,1023.4,3.58,0.22,1525456800,79.0,0.0,8.63,0.0
17.5,partly-cloudy-day,0.58,6.216,Partly Cloudy,17.5,1023.9,3.73,0.31,1525460400,97.0,0.0,9.17,0.0
16.23,partly-cloudy-night,0.61,6.216,Mostly Cloudy,16.23,1024.3,3.5,0.76,1525464000,128.0,0.0,8.77,0.0
14.85,clear-night,0.65,6.216,Clear,14.85,1024.9,3.14,0.28,1525467600,148.0,0.0,8.34,0.0
13.24,clear-night,0.64,6.216,Clear,13.24,1025.3,1.6,0.12,1525471200,160.0,0.0,6.54,0.0
11.81,clear-night,0.65,6.189,Clear,11.81,1025.7,0.86,0.04,1525474800,195.0,0.0,5.44,0.0
10.64,clear-night,0.77,6.216,Clear,10.64,1026.2,0.15,0.05,1525478400,127.0,0.0,6.73,0.0
9.6,clear-night,0.76,6.216,Clear,9.6,1026.0,0.91,0.05,1525482000,89.0,0.0,5.64,0.0
9.68,clear-night,0.82,6.216,Clear,9.68,1025.8,0.94,0.04,1525485600,84.0,0.0,6.84,0.0
9.93,clear-night,0.8,6.216,Clear,9.93,1025.8,0.79,0.0,1525489200,93.0,0.0,6.73,0.0
8.66,clear-night,0.85,6.216,Clear,8.66,1025.7,0.92,0.0,1525492800,101.0,0.0,6.2,0.0
8.25,clear-day,0.85,6.216,Clear,8.25,1025.8,0.68,0.0,1525496400,90.0,0.0,5.81,0.0
9.37,clear-day,0.86,6.216,Clear,9.37,1026.1,0.97,0.02,1525500000,10.0,0.0,7.13,0.0
12.38,clear-day,0.66,6.216,Clear,12.38,1026.4,1.43,0.02,1525503600,73.0,0.0,6.1,0.0
15.22,clear-day,0.52,6.216,Clear,15.22,1026.4,3.14,0.02,1525507200,92.0,0.0,5.34,0.0
17.62,clear-day,0.45,6.216,Clear,17.62,1026.3,3.48,0.02,1525510800,97.0,0.0,5.5,0.0
19.06,clear-day,0.38,6.216,Clear,19.06,1026.0,3.85,0.02,1525514400,92.0,0.0,4.52,0.0
19.68,clear-day,0.4,6.216,Clear,19.68,1025.6,4.21,0.02,1525518000,89.0,0.0,5.65,0.0
20.92,clear-day,0.35,6.216,Clear,20.92,1025.2,4.26,0.02,1525521600,87.0,0.0,4.79,0.0
21.63,clear-day,0.38,6.216,Clear,21.63,1024.9,4.3,0.02,1525525200,98.0,0.0,6.67,0.0
22.3,clear-day,0.36,6.216,Clear,22.3,1024.4,5.0,0.0,1525528800,94.0,0.0,6.44,0.0
22.03,clear-day,0.38,6.216,Clear,22.03,1024.1,5.35,0.0,1525532400,94.0,0.0,6.9,0.0
21.57,clear-day,0.4,6.216,Clear,21.57,1023.8,4.99,0.0,1525536000,107.0,0.0,7.24,0.0
20.43,clear-day,0.39,6.216,Clear,20.43,1023.8,5.07,0.0,1525539600,102.0,0.0,6.07,0.0
18.8,clear-day,0.43,6.216,Clear,18.8,1023.9,4.55,0.0,1525543200,98.0,0.0,5.98,0.0
17.54,clear-day,0.48,6.216,Clear,17.54,1024.1,5.04,0.0,1525546800,108.0,0.0,6.32,0.0
15.77,clear-night,0.52,6.216,Clear,15.77,1024.5,3.68,0.0,1525550400,108.0,0.0,5.94,0.0
14.32,clear-night,0.54,6.216,Clear,14.32,1024.9,2.81,0.0,1525554000,101.0,0.0,5.14,0.0
13.66,clear-night,0.56,6.216,Clear,13.66,1024.9,1.47,0.0,1525557600,85.0,0.0,5.03,0.0
12.58,clear-night,0.59,6.216,Clear,12.58,1025.1,0.99,0.0,1525561200,72.0,0.0,4.69,0.0
11.53,clear-night,0.61,6.216,Clear,11.53,1025.0,0.14,0.0,1525564800,64.0,0.0,4.26,0.0
11.68,clear-night,0.63,6.216,Clear,11.68,1024.9,0.5,0.0,1525568400,65.0,0.0,4.8,0.0
10.84,clear-night,0.66,6.106,Clear,10.84,1024.7,0.83,0.0,1525572000,346.0,0.0,4.84,0.0
10.28,clear-night,0.72,6.163,Clear,10.28,1024.5,0.74,0.0,1525575600,345.0,0.0,5.37,0.0
10.21,clear-night,0.72,6.194,Clear,10.21,1024.0,0.86,0.0,1525579200,1.0,0.0,5.43,0.0
9.76,clear-day,0.73,6.106,Clear,9.76,1023.9,0.67,0.0,1525582800,346.0,0.0,5.23,0.0
11.02,clear-day,0.73,6.138,Clear,11.02,1023.9,0.85,0.0,1525586400,75.0,0.0,6.33,0.0
12.65,clear-day,0.72,6.216,Clear,12.65,1024.0,1.61,0.0,1525590000,83.0,0.0,7.8,0.0
16.21,clear-day,0.6,5.918,Clear,16.21,1023.9,2.04,0.0,1525593600,77.0,0.0,8.46,0.0
18.91,clear-day,0.55,6.216,Clear,18.91,1023.6,3.2,0.0,1525597200,78.0,0.0,9.7,0.0
20.56,clear-day,0.45,6.216,Clear,20.56,1023.2,3.48,0.0,1525600800,74.0,0.0,8.35,0.0
22.47,clear-day,0.4,6.216,Clear,22.47,1022.7,4.65,0.0,1525604400,104.0,0.0,8.38,0.0
22.56,clear-day,0.42,6.216,Clear,22.56,1022.1,4.9,0.0,1525608000,99.0,0.0,9.14,0.0
23.98,clear-day,0.38,6.216,Clear,23.98,1021.6,4.93,0.0,1525611600,109.0,0.0,8.82,0.0
23.65,clear-day,0.39,6.216,Clear,23.65,1020.9,4.57,0.0,1525615200,98.0,0.0,8.98,0.0
23.93,clear-day,0.4,6.216,Clear,23.93,1020.3,3.98,0.0,1525618800,97.0,0.0,9.47,0.0
24.32,clear-day,0.4,6.216,Clear,24.32,1019.8,4.16,0.0,1525622400,104.0,0.0,9.84,0.0
23.57,clear-day,0.37,6.216,Clear,23.57,1019.3,4.24,0.0,1525626000,88.0,0.0,7.94,0.0
22.38,clear-day,0.42,6.216,Clear,22.38,1019.3,5.34,0.0,1525629600,104.0,0.0,8.86,0.0
20.37,clear-day,0.45,6.216,Clear,20.37,1019.6,4.04,0.0,1525633200,95.0,0.0,8.14,0.0
18.08,clear-night,0.49,6.216,Clear,18.08,1020.1,2.6,0.0,1525636800,94.0,0.0,7.33,0.0
16.58,clear-night,0.52,5.918,Clear,16.58,1020.4,3.16,0.0,1525640400,94.0,0.0,6.67,0.0
15.32,clear-night,0.57,5.529,Clear,15.32,1020.5,1.84,0.0,1525644000,89.0,0.0,6.81,0.0
14.03,clear-night,0.64,5.441,Clear,14.03,1020.4,1.37,0.0,1525647600,80.0,0.0,7.25,0.0
13.12,clear-night,0.68,4.986,Clear,13.12,1020.3,0.18,0.0,1525651200,77.0,0.0,7.37,0.0
12.5,clear-night,0.73,4.647,Clear,12.5,1020.0,0.56,0.0,1525654800,18.0,0.0,7.71,0.0
12.25,clear-night,0.79,4.405,Clear,12.25,1019.8,0.2,0.0,1525658400,229.0,0.0,8.66,0.0
11.41,clear-night,0.82,4.572,Clear,11.41,1019.5,0.86,0.0,1525662000,89.0,0.0,8.39,0.0
11.3,clear-night,0.81,4.139,Clear,11.3,1019.4,0.56,0.0,1525665600,64.0,0.0,8.19,0.0
11.07,clear-day,0.81,4.114,Clear,11.07,1019.5,0.47,0.0,1525669200,306.0,0.0,7.94,0.0
11.97,clear-day,0.81,4.944,Clear,11.97,1019.4,0.82,0.0,1525672800,45.0,0.0,8.76,0.0
15.23,clear-day,0.67,5.225,Clear,15.23,1019.3,0.61,0.0,1525676400,51.0,0.0,9.2,0.0
18.63,clear-day,0.51,5.462,Clear,18.63,1019.2,1.24,0.0,1525680000,56.0,0.0,8.4,0.0
21.44,clear-day,0.41,6.216,Clear,21.44,1018.9,2.74,0.0,1525683600,83.0,0.0,7.47,0.0
23.04,clear-day,0.42,6.216,Clear,23.04,1018.5,2.85,0.0,1525687200,73.0,0.0,9.29,0.0
24.92,clear-day,0.38,6.216,Clear,24.92,1017.9,3.72,0.0,1525690800,83.0,0.0,9.67,0.0
25.84,clear-day,0.36,6.216,Clear,25.84,1017.4,3.69,0.0,1525694400,87.0,0.0,9.5,0.0
27.46,clear-day,0.33,6.216,Clear,27.46,1016.7,4.12,0.0,1525698000,92.0,0.0,9.92,0.0
27.47,clear-day,0.31,6.216,Clear,27.47,1016.0,4.33,0.0,1525701600,100.0,0.0,8.71,0.0
27.47,clear-day,0.31,6.216,Clear,27.47,1015.5,4.77,0.0,1525705200,103.0,0.0,8.62,0.0
26.37,clear-day,0.36,6.216,Clear,26.37,1015.1,5.3,0.0,1525708800,102.0,0.0,9.98,0.0
25.42,clear-day,0.35,6.216,Clear,25.42,1014.8,5.81,0.0,1525712400,96.0,0.0,8.9,0.0
23.59,clear-day,0.39,6.216,Clear,23.59,1014.4,4.84,0.0,1525716000,104.0,0.0,8.72,0.0
21.68,clear-day,0.45,6.216,Clear,21.68,1014.4,2.98,0.02,1525719600,102.0,0.0,9.35,0.0
20.1,clear-night,0.51,6.216,Clear,20.1,1014.5,2.35,0.02,1525723200,100.0,0.0,9.67,0.0
18.73,clear-night,0.56,6.216,Clear,18.73,1014.6,2.17,0.02,1525726800,99.0,0.0,9.84,0.0
17.09,clear-night,0.65,6.216,Clear,17.09,1014.5,1.45,0.0,1525730400,94.0,0.0,10.42,0.0
15.82,clear-night,0.7,5.507,Clear,15.82,1014.4,1.16,0.0,1525734000,96.0,0.0,10.33,0.0
14.42,clear-night,0.75,5.304,Clear,14.42,1013.9,0.22,0.0,1525737600,95.0,0.0,10.04,0.0
13.42,clear-night,0.78,4.567,Clear,13.42,1013.5,1.18,0.0,1525741200,110.0,0.0,9.64,0.0
12.8,clear-night,0.81,4.514,Clear,12.8,1012.6,0.63,0.0,1525744800,105.0,0.0,9.57,0.0
12.31,clear-night,0.85,3.57,Clear,12.31,1012.0,0.99,0.0,1525748400,98.0,0.0,9.89,0.0
11.63,clear-night,0.9,5.42,Clear,11.63,1011.6,0.5,0.0,1525752000,148.0,0.0,9.98,0.0
11.26,clear-day,0.91,4.612,Clear,11.26,1011.3,0.89,0.0,1525755600,352.0,0.0,9.89,0.0
12.57,clear-day,0.92,4.185,Clear,12.57,1011.1,0.9,0.0,1525759200,112.0,0.0,11.38,0.0
15.92,clear-day,0.76,4.956,Clear,15.92,1010.9,1.1,0.0,1525762800,107.0,0.0,11.73,0.0
19.88,clear-day,0.56,5.918,Clear,19.88,1010.5,1.72,0.0,1525766400,146.0,0.0,10.93,0.0
22.08,clear-day,0.48,6.216,Clear,22.08,1010.1,1.96,0.0,1525770000,224.0,0.0,10.61,0.0
23.61,clear-day,0.45,6.216,Clear,23.61,1009.4,3.82,0.0,1525773600,241.0,0.0,11.13,0.0
24.5,clear-day,0.41,6.216,Clear,24.5,1008.8,4.24,0.02,1525777200,243.0,0.0,10.33,0.0
25.32,clear-day,0.45,6.216,Clear,25.32,1008.3,4.73,0.11,1525780800,238.0,0.0,12.68,0.0
25.9,clear-day,0.45,6.216,Clear,25.9,1007.9,4.96,0.11,1525784400,247.0,0.0,13.18,0.0
24.8,clear-day,0.44,6.216,Clear,24.8,1007.7,5.73,0.08,1525788000,248.0,0.0,11.76,0.0
25.77,clear-day,0.45,6.216,Clear,25.77,1007.6,5.34,0.16,1525791600,232.0,0.0,12.8,0.0
24.11,clear-day,0.45,6.216,Clear,24.11,1007.6,6.22,0.08,1525795200,249.0,0.016,11.36,0.05
23.99,clear-day,0.41,6.216,Clear,23.99,1007.8,5.85,0.05,1525798800,267.0,0.0,10.11,0.0
21.11,clear-day,0.5,6.216,Clear,21.11,1008.4,6.99,0.04,1525802400,275.0,0.0,10.33,0.0
18.59,clear-day,0.63,6.216,Clear,18.59,1009.2,6.47,0.05,1525806000,282.0,0.0,11.34,0.0
16.55,clear-night,0.69,6.216,Clear,16.55,1009.7,5.13,0.16,1525809600,290.0,0.0,10.79,0.0
15.93,clear-night,0.73,6.216,Clear,15.93,1010.1,5.95,0.08,1525813200,284.0,0.0,11.05,0.0
14.93,partly-cloudy-night,0.74,6.216,Partly Cloudy,14.93,1010.6,4.97,0.5,1525816800,292.0,0.0,10.3,0.0
13.86,partly-cloudy-night,0.73,6.216,Partly Cloudy,13.86,1010.8,3.31,0.5,1525820400,293.0,0.0,9.1,0.0
12.55,clear-night,0.76,6.216,Clear,12.55,1010.8,0.5,0.29,1525824000,287.0,0.0,8.44,0.0
11.81,clear-night,0.79,6.128,Clear,11.81,1010.5,2.01,0.0,1525827600,288.0,0.0,8.36,0.0
10.8,clear-night,0.84,5.677,Clear,10.8,1010.4,1.35,0.0,1525831200,279.0,0.0,8.18,0.0
10.02,clear-night,0.86,5.58,Clear,10.02,1010.4,0.69,0.0,1525834800,287.0,0.0,7.87,0.0
9.84,clear-night,0.88,5.865,Clear,9.84,1010.6,1.45,0.0,1525838400,263.0,0.0,7.98,0.0
9.51,clear-day,0.91,5.85,Clear,9.51,1010.8,1.5,0.03,1525842000,255.0,0.0,8.06,0.0
10.5,clear-day,0.89,6.016,Clear,10.5,1010.7,1.63,0.05,1525845600,252.0,0.0,8.75,0.0
12.52,clear-day,0.79,6.216,Clear,12.52,1010.6,1.92,0.1,1525849200,253.0,0.0,9.06,0.0
14.94,clear-day,0.71,6.216,Clear,14.94,1010.2,2.06,0.14,1525852800,286.0,0.0,9.67,0.0
16.64,clear-day,0.57,6.216,Clear,16.64,1009.8,3.25,0.15,1525856400,256.0,0.0,8.01,0.0
17.92,clear-day,0.51,6.216,Clear,17.92,1009.7,4.34,0.3,1525860000,258.0,0.0,7.66,0.0
18.88,partly-cloudy-day,0.48,6.216,Partly Cloudy,18.88,1009.2,3.91,0.32,1525863600,240.0,0.0,7.77,0.0
19.46,clear-day,0.47,6.216,Clear,19.46,1008.7,4.75,0.28,1525867200,244.0,0.0,7.93,0.0
20.23,partly-cloudy-day,0.44,6.216,Partly Cloudy,20.23,1008.1,4.59,0.4,1525870800,243.0,0.0,7.58,0.0
20.67,clear-day,0.42,6.216,Clear,20.67,1007.5,4.11,0.16,1525874400,233.0,0.0,7.24,0.0
20.24,clear-day,0.4,6.216,Clear,20.24,1007.0,5.03,0.21,1525878000,234.0,0.0339,6.27,0.02
20.38,clear-day,0.4,6.216,Clear,20.38,1006.7,4.71,0.19,1525881600,236.0,0.0,6.27,0.0
19.72,clear-day,0.46,6.216,Clear,19.72,1007.0,5.61,0.3,1525885200,231.0,0.0,7.67,0.0
17.48,clear-day,0.53,6.216,Clear,17.48,1007.1,5.92,0.19,1525888800,242.0,0.0,7.92,0.0
16.08,clear-day,0.58,6.216,Clear,16.08,1007.5,5.51,0.17,1525892400,241.0,0.0,7.87,0.0
15.27,clear-night,0.59,6.216,Clear,15.27,1007.9,4.7,0.19,1525896000,247.0,0.0083,7.19,0.05
14.71,clear-night,0.64,6.216,Clear,14.71,1008.3,3.98,0.19,1525899600,248.0,0.017,7.9,0.05
13.82,partly-cloudy-night,0.7,6.216,Partly Cloudy,13.82,1008.6,4.06,0.5,1525903200,256.0,0.0,8.41,0.0
13.36,partly-cloudy-night,0.72,6.216,Partly Cloudy,13.36,1008.6,3.1,0.34,1525906800,262.0,0.0,8.43,0.0
12.32,partly-cloudy-night,0.74,6.216,Mostly Cloudy,12.32,1008.5,0.81,0.75,1525910400,243.0,0.0,7.88,0.0
11.96,partly-cloudy-night,0.75,6.216,Mostly Cloudy,11.96,1008.5,3.79,0.65,1525914000,239.0,0.0,7.68,0.0
11.62,partly-cloudy-night,0.81,6.216,Mostly Cloudy,11.62,1008.9,3.65,0.71,1525917600,240.0,0.0244,8.4,0.11
11.13,rain,0.89,6.216,Possible Drizzle,11.13,1009.2,3.32,0.76,1525921200,240.0,0.1352,9.31,0.35
10.98,rain,0.91,5.654,Possible Drizzle,10.98,1009.7,2.69,0.74,1525924800,249.0,0.1803,9.56,0.54
10.59,rain,0.92,5.707,Possible Light Rain,10.59,1010.6,5.64,0.76,1525928400,290.0,0.2872,9.35,0.57
10.07,rain,0.87,6.159,Possible Light Rain,10.07,1011.5,5.99,0.85,1525932000,299.0,0.2471,7.96,0.51
10.39,rain,0.83,6.216,Possible Drizzle,10.39,1012.6,6.23,0.56,1525935600,301.0,0.0817,7.61,0.37
11.9,partly-cloudy-day,0.69,6.216,Partly Cloudy,11.9,1013.4,7.09,0.52,1525939200,303.0,0.0184,6.31,0.1
13.51,partly-cloudy-day,0.62,6.216,Partly Cloudy,13.51,1014.2,6.41,0.58,1525942800,300.0,0.0,6.31,0.0
14.54,partly-cloudy-day,0.53,6.216,Partly Cloudy,14.54,1014.9,7.55,0.56,1525946400,301.0,0.0,4.93,0.0
15.17,partly-cloudy-day,0.47,6.216,Partly Cloudy,15.17,1015.5,6.75,0.4,1525950000,297.0,0.0,3.98,0.0
15.44,clear-day,0.46,6.216,Clear,15.44,1016.0,7.53,0.22,1525953600,288.0,0.0472,3.79,0.02
16.2,clear-day,0.42,6.216,Clear,16.2,1016.6,7.08,0.19,1525957200,300.0,0.0,3.36,0.0
16.79,clear-day,0.41,6.216,Clear,16.79,1017.1,5.95,0.14,1525960800,300.0,0.0,3.44,0.0
17.49,clear-day,0.39,6.216,Clear,17.49,1017.3,4.56,0.11,1525964400,300.0,0.0,3.39,0.0
17.36,clear-day,0.37,6.216,Clear,17.36,1017.7,5.14,0.11,1525968000,295.0,0.0,2.44,0.0
17.22,clear-day,0.36,6.216,Clear,17.22,1017.9,3.6,0.11,1525971600,311.0,0.0,1.84,0.0
15.7,clear-day,0.43,6.216,Clear,15.7,1018.1,1.83,0.09,1525975200,307.0,0.0,3.18,0.0
14.69,clear-day,0.45,6.216,Clear,14.69,1018.7,1.46,0.07,1525978800,291.0,0.0,2.77,0.0
13.9,clear-night,0.45,6.216,Clear,13.9,1019.3,1.57,0.17,1525982400,230.0,0.0431,2.19,0.01
13.21,partly-cloudy-night,0.51,6.216,Partly Cloudy,13.21,1019.8,1.29,0.35,1525986000,221.0,0.0,3.23,0.0
12.07,clear-night,0.57,6.216,Clear,12.07,1019.8,1.51,0.06,1525989600,207.0,0.0,3.72,0.0
11.24,clear-night,0.64,6.216,Clear,11.24,1020.0,0.98,0.06,1525993200,214.0,0.0,4.61,0.0
9.77,clear-night,0.72,6.216,Clear,9.77,1019.7,0.27,0.0,1525996800,211.0,0.0,4.88,0.0
8.99,clear-night,0.8,6.216,Clear,8.99,1019.4,1.17,0.0,1526000400,195.0,0.0,5.77,0.0
8.86,clear-night,0.81,6.216,Clear,8.86,1018.8,0.79,0.0,1526004000,154.0,0.0,5.73,0.0
8.21,clear-night,0.83,6.216,Clear,8.21,1018.3,1.54,0.0,1526007600,159.0,0.0,5.53,0.0
7.84,clear-night,0.87,5.744,Clear,7.84,1018.0,0.86,0.08,1526011200,146.0,0.0,5.74,0.0
8.98,clear-day,0.77,5.82,Clear,8.98,1018.0,2.47,0.08,1526014800,164.0,0.0,5.24,0.0
9.4,clear-day,0.79,5.419,Clear,8.66,1018.0,4.05,0.15,1526018400,161.0,0.0,5.9,0.0
10.63,clear-day,0.74,6.216,Clear,10.63,1017.8,5.66,0.19,1526022000,168.0,0.0,6.14,0.0
12.52,clear-day,0.65,6.216,Clear,12.52,1017.2,6.48,0.15,1526025600,154.0,0.0,6.06,0.0
14.64,clear-day,0.55,6.216,Clear,14.64,1016.7,6.94,0.17,1526029200,162.0,0.0,5.74,0.0
16.12,clear-day,0.5,6.216,Clear,16.12,1016.3,7.3,0.27,1526032800,167.0,0.0,5.66,0.0
16.34,partly-cloudy-day,0.48,6.216,Mostly Cloudy,16.34,1015.9,7.49,0.67,1526036400,173.0,0.0,5.42,0.0
17.05,partly-cloudy-day,0.46,6.216,Mostly Cloudy,17.05,1015.2,7.78,0.71,1526040000,168.0,0.0,5.28,0.0
16.84,clear-day,0.45,6.216,Clear,16.84,1014.8,8.06,0.29,1526043600,169.0,0.0,4.98,0.0
17.2,partly-cloudy-day,0.44,6.216,Partly Cloudy,17.2,1014.5,6.94,0.32,1526047200,167.0,0.0,4.95,0.0
16.67,clear-day,0.44,6.216,Clear,16.67,1014.2,6.62,0.27,1526050800,165.0,0.0,4.25,0.0
16.6,clear-day,0.48,6.216,Clear,16.6,1013.8,5.98,0.23,1526054400,163.0,0.0,5.57,0.0
16.15,clear-day,0.48,6.216,Clear,16.15,1013.4,5.04,0.22,1526058000,157.0,0.0,5.04,0.0
15.93,clear-day,0.53,6.216,Clear,15.93,1013.0,5.17,0.22,1526061600,137.0,0.0326,6.28,0.05
15.59,clear-day,0.54,6.216,Clear,15.59,1012.6,4.76,0.22,1526065200,129.0,0.0,6.32,0.0
15.43,clear-night,0.54,6.216,Clear,15.43,1012.4,5.3,0.22,1526068800,124.0,0.0,6.29,0.0
15.25,clear-night,0.57,6.216,Clear,15.25,1012.3,5.16,0.17,1526072400,118.0,0.0,6.72,0.0
14.89,clear-night,0.58,6.216,Clear,14.89,1012.7,5.0,0.26,1526076000,141.0,0.0,6.8,0.0
14.26,partly-cloudy-night,0.65,6.216,Partly Cloudy,14.26,1012.5,1.87,0.34,1526079600,181.0,0.0091,7.72,0.08
13.47,partly-cloudy-night,0.74,6.216,Mostly Cloudy,13.47,1012.6,0.43,0.72,1526083200,198.0,0.0136,8.83,0.09
13.03,partly-cloudy-night,0.75,6.216,Partly Cloudy,13.03,1012.5,1.16,0.44,1526086800,175.0,0.0,8.65,0.0
12.46,partly-cloudy-night,0.78,6.216,Partly Cloudy,12.46,1012.3,0.85,0.43,1526090400,213.0,0.0,8.67,0.0
11.81,clear-night,0.81,6.216,Clear,11.81,1012.4,1.37,0.27,1526094000,228.0,0.0,8.71,0.0
11.85,partly-cloudy-night,0.84,6.194,Mostly Cloudy,11.85,1012.5,1.28,0.6,1526097600,222.0,0.0,9.17,0.0
11.31,partly-cloudy-day,0.87,6.104,Partly Cloudy,11.31,1012.9,1.26,0.35,1526101200,213.0,0.0,9.19,0.0
12.15,partly-cloudy-day,0.85,6.128,Partly Cloudy,12.15,1012.8,1.89,0.36,1526104800,216.0,0.0,9.68,0.0
13.2,partly-cloudy-day,0.81,6.14,Partly Cloudy,13.2,1012.7,1.96,0.47,1526108400,223.0,0.0068,10.05,0.05
14.03,partly-cloudy-day,0.74,6.216,Mostly Cloudy,14.03,1013.1,2.75,0.68,1526112000,219.0,0.0,9.5,0.0
14.15,clear-day,0.74,6.216,Clear,14.15,1013.3,3.05,0.31,1526115600,220.0,0.0,9.64,0.0
14.53,partly-cloudy-day,0.72,6.216,Partly Cloudy,14.53,1013.1,2.75,0.46,1526119200,212.0,0.0,9.46,0.0
14.82,clear-day,0.66,6.216,Clear,14.82,1013.3,2.47,0.21,1526122800,192.0,0.008,8.63,0.05
14.93,partly-cloudy-day,0.65,6.216,Partly Cloudy,14.93,1013.1,0.52,0.48,1526126400,187.0,0.0126,8.49,0.1
13.65,rain,0.78,6.216,Drizzle,13.65,1012.7,1.33,0.74,1526130000,177.0,0.1955,9.97,0.7
13.51,rain,0.84,5.981,Light Rain,13.51,1012.5,0.97,0.68,1526133600,162.0,0.4732,10.79,0.71
13.15,rain,0.88,5.181,Light Rain,13.15,1012.7,0.97,0.64,1526137200,201.0,0.5923,11.3,0.74
12.96,rain,0.89,5.879,Light Rain,12.96,1012.1,0.93,0.7,1526140800,234.0,0.5943,11.13,0.69
12.15,rain,0.88,5.09,Light Rain,12.15,1012.3,1.72,0.67,1526144400,247.0,0.7723,10.27,0.73
11.05,rain,0.9,5.42,Rain,11.05,1012.2,1.43,0.76,1526148000,257.0,1.238,9.41,0.74
10.62,rain,0.93,5.685,Rain,10.62,1012.4,1.45,0.75,1526151600,280.0,1.2347,9.6,0.75
10.65,rain,0.95,5.085,Rain,10.65,1013.0,1.03,0.75,1526155200,276.0,1.0306,9.89,0.72
10.58,rain,0.95,5.256,Light Rain,10.58,1012.6,1.65,0.72,1526158800,326.0,0.6653,9.77,0.65
10.53,rain,0.94,5.727,Possible Light Rain,10.53,1012.0,1.46,0.69,1526162400,336.0,0.2793,9.58,0.51
10.47,partly-cloudy-night,0.94,5.195,Mostly Cloudy,10.47,1012.5,2.51,0.73,1526166000,267.0,0.0527,9.52,0.11
10.3,partly-cloudy-night,0.93,5.019,Mostly Cloudy,10.3,1012.5,0.37,0.76,1526169600,266.0,0.018,9.2,0.04
10.36,partly-cloudy-night,0.92,5.041,Mostly Cloudy,10.36,1012.5,1.29,0.76,1526173200,275.0,0.0193,9.17,0.09
9.94,partly-cloudy-night,0.93,3.934,Mostly Cloudy,9.94,1012.4,0.81,0.84,1526176800,272.0,0.0056,8.84,0.06
8.69,partly-cloudy-night,0.93,3.173,Partly Cloudy,8.69,1012.8,1.07,0.39,1526180400,248.0,0.0,7.58,0.0
9.0,partly-cloudy-night,0.96,3.491,Mostly Cloudy,9.0,1012.9,1.14,0.6,1526184000,261.0,0.0,8.35,0.0
9.02,partly-cloudy-day,0.96,3.692,Partly Cloudy,9.02,1013.2,0.74,0.4,1526187600,254.0,0.0052,8.4,0.03
9.76,partly-cloudy-day,0.93,4.346,Partly Cloudy,9.76,1013.4,0.95,0.55,1526191200,257.0,0.0052,8.75,0.04
10.36,partly-cloudy-day,0.89,6.072,Mostly Cloudy,10.36,1014.0,0.99,0.61,1526194800,254.0,0.0,8.59,0.0
11.38,partly-cloudy-day,0.82,6.216,Mostly Cloudy,11.38,1014.3,1.71,0.71,1526198400,287.0,0.0,8.49,0.0
12.44,partly-cloudy-day,0.68,6.216,Mostly Cloudy,12.44,1014.5,2.12,0.61,1526202000,287.0,0.0,6.78,0.0
13.47,partly-cloudy-day,0.58,6.211,Partly Cloudy,13.47,1014.9,3.59,0.37,1526205600,286.0,0.0,5.33,0.0
14.66,clear-day,0.52,6.216,Clear,14.66,1015.2,2.64,0.19,1526209200,281.0,0.0,4.85,0.0
14.92,partly-cloudy-day,0.5,6.216,Partly Cloudy,14.92,1015.5,0.76,0.45,1526212800,278.0,0.0,4.54,0.0
16.02,partly-cloudy-day,0.52,6.216,Partly Cloudy,16.02,1015.7,3.72,0.53,1526216400,266.0,0.0051,6.16,0.06
17.01,partly-cloudy-day,0.48,6.216,Partly Cloudy,17.01,1015.8,3.2,0.55,1526220000,299.0,0.009,5.81,0.05
17.55,partly-cloudy-day,0.49,6.216,Mostly Cloudy,17.55,1015.7,3.11,0.6,1526223600,328.0,0.086,6.67,0.04
16.74,partly-cloudy-day,0.46,6.216,Partly Cloudy,16.74,1015.9,4.41,0.34,1526227200,331.0,0.0287,5.17,0.04
17.37,partly-cloudy-day,0.46,6.216,Partly Cloudy,17.37,1016.1,3.45,0.37,1526230800,338.0,0.0,5.57,0.0
16.59,clear-day,0.51,6.216,Clear,16.59,1016.0,4.21,0.11,1526234400,329.0,0.0,6.33,0.0
15.95,clear-day,0.52,6.216,Clear,15.95,1016.3,2.71,0.05,1526238000,5.0,0.0,6.09,0.0
14.1,clear-night,0.6,6.197,Clear,14.1,1016.9,1.05,0.05,1526241600,356.0,0.0,6.37,0.0
13.16,clear-night,0.66,6.216,Clear,13.16,1017.7,0.44,0.0,1526245200,328.0,0.0,7.01,0.0
11.46,clear-night,0.73,6.216,Clear,11.46,1018.0,0.46,0.0,1526248800,317.0,0.0,6.72,0.0
11.18,clear-night,0.78,6.216,Clear,11.18,1018.3,0.97,0.0,1526252400,313.0,0.0,7.48,0.0
10.89,clear-night,0.76,6.216,Clear,10.89,1018.6,0.15,0.0,1526256000,300.0,0.0,6.77,0.0
11.98,clear-night,0.65,6.216,Clear,11.98,1018.7,2.06,0.0,1526259600,311.0,0.0,5.57,0.0
11.59,clear-night,0.66,6.216,Clear,11.59,1018.8,2.78,0.0,1526263200,328.0,0.0,5.5,0.0
11.35,clear-night,0.67,6.216,Clear,11.35,1019.2,3.34,0.0,1526266800,340.0,0.0,5.53,0.0
10.66,clear-night,0.62,6.216,Clear,10.66,1019.3,3.4,0.0,1526270400,336.0,0.0,3.69,0.0
10.14,clear-day,0.58,6.214,Clear,10.14,1019.5,4.09,0.0,1526274000,337.0,0.0,2.33,0.0
10.48,clear-day,0.58,6.216,Clear,10.48,1019.8,4.66,0.02,1526277600,343.0,0.0,2.61,0.0
12.03,clear-day,0.58,6.216,Clear,12.03,1020.2,5.77,0.02,1526281200,343.0,0.0,3.95,0.0
14.47,clear-day,0.58,6.216,Clear,14.47,1020.2,6.82,0.05,1526284800,355.0,0.0,6.34,0.0
16.1,clear-day,0.35,6.216,Clear,16.1,1020.3,8.2,0.12,1526288400,347.0,0.0,0.72,0.0
17.46,clear-day,0.32,6.216,Clear,17.46,1020.2,8.87,0.12,1526292000,352.0,0.0,0.59,0.0
18.15,clear-day,0.38,6.216,Clear,18.15,1020.0,9.82,0.14,1526295600,357.0,0.0,3.47,0.0
18.83,clear-day,0.39,6.216,Clear,18.83,1019.9,9.1,0.14,1526299200,351.0,0.0,4.63,0.0
19.17,clear-day,0.42,6.216,Clear,19.17,1019.8,9.58,0.14,1526302800,8.0,0.0,5.92,0.0
19.0,clear-day,0.47,6.216,Clear,19.0,1019.9,9.36,0.16,1526306400,7.0,0.0,7.32,0.0
18.76,clear-day,0.46,6.216,Clear,18.76,1019.9,8.5,0.17,1526310000,9.0,0.0,6.8,0.0
19.01,clear-day,0.46,6.216,Clear,19.01,1019.8,8.14,0.19,1526313600,5.0,0.0,7.23,0.0
18.53,clear-day,0.46,6.216,Clear,18.53,1019.8,8.34,0.17,1526317200,7.0,0.0,6.58,0.0
18.1,clear-day,0.47,6.216,Clear,18.1,1019.8,7.7,0.06,1526320800,5.0,0.0,6.6,0.0
17.1,clear-day,0.49,6.216,Clear,17.1,1020.1,6.0,0.08,1526324400,13.0,0.0,6.16,0.0
15.86,clear-night,0.49,6.216,Clear,15.86,1020.6,5.16,0.09,1526328000,16.0,0.0,5.28,0.0
14.98,clear-night,0.46,6.216,Clear,14.98,1021.0,3.91,0.09,1526331600,20.0,0.0,3.53,0.0
13.81,clear-night,0.5,6.216,Clear,13.81,1021.3,3.83,0.07,1526335200,358.0,0.0,3.65,0.0
13.28,clear-night,0.52,6.216,Clear,13.28,1021.2,3.77,0.09,1526338800,352.0,0.0,3.67,0.0
12.94,clear-night,0.54,6.216,Clear,12.94,1021.0,0.53,0.07,1526342400,342.0,0.0,3.73,0.0
12.22,clear-night,0.6,6.216,Clear,12.22,1021.1,2.53,0.17,1526346000,328.0,0.0,4.69,0.0
11.66,clear-night,0.62,6.216,Clear,11.66,1020.9,2.64,0.04,1526349600,326.0,0.0,4.67,0.0
10.97,clear-night,0.65,6.216,Clear,10.97,1020.6,2.56,0.02,1526353200,333.0,0.0,4.71,0.0
10.9,clear-night,0.67,6.216,Clear,10.9,1020.3,2.86,0.02,1526356800,330.0,0.0,5.04,0.0
10.67,clear-day,0.69,6.214,Clear,10.67,1020.4,2.65,0.02,1526360400,322.0,0.0,5.13,0.0
11.51,clear-day,0.68,6.216,Clear,11.51,1020.5,3.62,0.09,1526364000,334.0,0.0,5.82,0.0
13.54,clear-day,0.65,6.216,Clear,13.54,1020.5,5.05,0.14,1526367600,347.0,0.0,7.0,0.0
15.74,clear-day,0.53,6.216,Clear,15.74,1020.4,5.86,0.05,1526371200,346.0,0.0,6.19,0.0
16.99,clear-day,0.53,6.216,Clear,16.99,1020.4,5.76,0.06,1526374800,357.0,0.0,7.46,0.0
19.06,clear-day,0.54,6.216,Clear,19.06,1020.3,6.16,0.04,1526378400,349.0,0.0,9.57,0.0
19.71,clear-day,0.5,6.216,Clear,19.71,1020.1,7.0,0.02,1526382000,351.0,0.0,8.87,0.0
21.28,clear-day,0.47,6.216,Clear,21.28,1019.7,7.04,0.02,1526385600,353.0,0.0,9.43,0.0
22.13,clear-day,0.48,6.216,Clear,22.13,1019.4,7.27,0.02,1526389200,4.0,0.0,10.47,0.0
22.07,clear-day,0.51,6.216,Clear,22.07,1019.2,7.32,0.02,1526392800,8.0,0.0,11.4,0.0
22.53,clear-day,0.51,6.216,Clear,22.53,1019.0,6.98,0.02,1526396400,5.0,0.0,11.79,0.0
22.6,clear-day,0.51,6.216,Clear,22.6,1018.7,7.25,0.03,1526400000,12.0,0.0,11.83,0.0
21.94,clear-day,0.49,6.216,Clear,21.94,1018.7,5.89,0.03,1526403600,19.0,0.0,10.76,0.0
20.65,clear-day,0.5,6.216,Clear,20.65,1018.8,5.91,0.08,1526407200,25.0,0.0,9.88,0.0
19.23,clear-day,0.51,6.216,Clear,19.23,1019.3,5.43,0.07,1526410800,9.0,0.0,8.98,0.0
17.85,clear-night,0.54,6.216,Clear,17.85,1019.9,4.55,0.09,1526414400,3.0,0.0,8.42,0.0
16.56,clear-night,0.52,6.216,Clear,16.56,1020.4,4.13,0.12,1526418000,6.0,0.0,6.79,0.0
15.7,clear-night,0.59,6.216,Clear,15.7,1020.7,2.58,0.14,1526421600,0.0,0.0,7.61,0.0
14.81,clear-night,0.62,6.216,Clear,14.81,1021.1,3.18,0.19,1526425200,357.0,0.0,7.59,0.0
14.24,clear-night,0.64,6.216,Clear,14.24,1021.2,0.57,0.19,1526428800,346.0,0.0,7.62,0.0
13.84,clear-night,0.69,6.172,Clear,13.84,1021.4,3.66,0.22,1526432400,359.0,0.0,8.25,0.0
12.94,clear-night,0.61,6.216,Clear,12.94,1021.4,3.45,0.17,1526436000,357.0,0.0,5.63,0.0
12.68,clear-night,0.59,6.216,Clear,12.68,1021.5,4.1,0.16,1526439600,355.0,0.0,4.79,0.0
12.21,clear-night,0.55,6.216,Clear,12.21,1021.7,5.16,0.19,1526443200,359.0,0.0,3.5,0.0
12.3,clear-day,0.57,6.214,Clear,12.3,1022.4,4.59,0.19,1526446800,6.0,0.0,4.1,0.0
12.56,clear-day,0.6,6.216,Clear,12.56,1022.9,6.49,0.2,1526450400,19.0,0.0,4.96,0.0
13.28,partly-cloudy-day,0.7,6.216,Partly Cloudy,13.28,1023.5,6.4,0.38,1526454000,17.0,0.0,7.89,0.0
13.51,partly-cloudy-day,0.77,6.178,Mostly Cloudy,13.51,1024.0,7.19,0.6,1526457600,18.0,0.0,9.48,0.0
13.55,partly-cloudy-day,0.77,6.14,Mostly Cloudy,13.55,1024.3,7.36,0.82,1526461200,6.0,0.0,9.65,0.0
13.3,cloudy,0.78,6.043,Overcast,13.3,1024.7,7.81,0.89,1526464800,11.0,0.0,9.57,0.0
14.44,cloudy,0.7,6.216,Overcast,14.44,1025.2,8.75,0.89,1526468400,22.0,0.0122,9.11,0.14
14.64,cloudy,0.69,6.216,Overcast,14.64,1025.5,9.22,0.92,1526472000,12.0,0.0327,9.06,0.14
13.56,cloudy,0.72,6.216,Overcast,13.56,1025.8,9.12,0.92,1526475600,15.0,0.0268,8.52,0.09
13.45,cloudy,0.73,6.129,Overcast,13.45,1026.2,9.28,0.94,1526479200,10.0,0.0418,8.71,0.09
13.01,cloudy,0.73,6.216,Overcast,13.01,1026.2,8.4,0.92,1526482800,20.0,0.0,8.38,0.0
13.14,cloudy,0.69,6.216,Overcast,13.14,1026.3,8.92,0.88,1526486400,25.0,0.0284,7.67,0.09
13.54,partly-cloudy-day,0.64,6.216,Mostly Cloudy,13.54,1026.4,8.4,0.82,1526490000,22.0,0.017,6.89,0.09
12.86,partly-cloudy-day,0.62,6.216,Partly Cloudy,12.86,1026.6,7.83,0.38,1526493600,21.0,0.0,5.86,0.0
11.84,clear-day,0.66,6.216,Clear,11.84,1026.8,8.36,0.25,1526497200,14.0,0.0,5.67,0.0
10.8,clear-night,0.7,6.216,Clear,10.8,1027.2,6.89,0.22,1526500800,16.0,0.0,5.58,0.0
10.03,partly-cloudy-night,0.72,6.216,Partly Cloudy,10.03,1027.9,6.6,0.43,1526504400,22.0,0.0,5.24,0.0
9.46,partly-cloudy-night,0.73,6.216,Partly Cloudy,8.16,1028.4,5.66,0.34,1526508000,28.0,0.0,4.89,0.0
9.02,clear-night,0.74,6.216,Clear,8.01,1028.5,4.58,0.23,1526511600,22.0,0.0,4.55,0.0
8.68,clear-night,0.75,6.216,Clear,7.79,1028.3,4.13,0.2,1526515200,27.0,0.0,4.51,0.0
8.26,clear-night,0.77,6.216,Clear,7.34,1028.2,4.05,0.16,1526518800,21.0,0.0,4.54,0.0
7.92,partly-cloudy-night,0.79,6.216,Mostly Cloudy,7.17,1027.9,3.57,0.76,1526522400,18.0,0.0,4.48,0.0
7.79,partly-cloudy-night,0.79,6.216,Partly Cloudy,6.76,1027.5,4.14,0.36,1526526000,15.0,0.0,4.32,0.0
7.32,clear-night,0.82,6.216,Clear,6.3,1027.5,3.94,0.1,1526529600,7.0,0.0,4.52,0.0
6.98,clear-day,0.84,6.214,Clear,5.84,1027.6,4.11,0.1,1526533200,22.0,0.0,4.45,0.0
7.62,clear-day,0.81,6.216,Clear,6.23,1027.7,4.94,0.11,1526536800,26.0,0.0,4.58,0.0
9.01,partly-cloudy-day,0.76,6.216,Partly Cloudy,7.44,1028.0,6.3,0.42,1526540400,37.0,0.0,4.94,0.0
10.45,partly-cloudy-day,0.67,6.216,Partly Cloudy,10.45,1028.0,6.68,0.58,1526544000,35.0,0.0,4.48,0.0
11.9,partly-cloudy-day,0.6,6.216,Partly Cloudy,11.9,1028.0,6.32,0.5,1526547600,36.0,0.0,4.42,0.0
12.57,clear-day,0.57,6.216,Clear,12.57,1027.8,6.27,0.3,1526551200,32.0,0.0,4.22,0.0
13.73,clear-day,0.56,6.216,Clear,13.73,1027.7,6.07,0.06,1526554800,27.0,0.0,5.0,0.0
15.1,clear-day,0.51,6.216,Clear,15.1,1027.4,6.23,0.06,1526558400,36.0,0.0,5.06,0.0
16.03,clear-day,0.46,6.216,Clear,16.03,1026.8,5.88,0.15,1526562000,39.0,0.0,4.53,0.0
16.93,clear-day,0.44,6.216,Clear,16.93,1026.4,5.29,0.09,1526565600,38.0,0.0,4.72,0.0
17.59,clear-day,0.44,6.216,Clear,17.59,1026.1,5.31,0.1,1526569200,20.0,0.0,5.16,0.0
17.12,clear-day,0.44,6.216,Clear,17.12,1026.0,5.55,0.1,1526572800,37.0,0.0,4.88,0.0
16.54,partly-cloudy-day,0.47,6.216,Partly Cloudy,16.54,1025.9,6.23,0.32,1526576400,36.0,0.0,5.09,0.0
15.13,partly-cloudy-day,0.51,6.216,Partly Cloudy,15.13,1026.0,6.45,0.49,1526580000,65.0,0.0,5.15,0.0
14.17,partly-cloudy-day,0.55,6.216,Partly Cloudy,14.17,1026.4,5.76,0.35,1526583600,65.0,0.0,5.26,0.0
12.69,clear-night,0.68,6.216,Clear,12.69,1026.7,5.05,0.1,1526587200,76.0,0.0,6.99,0.0
11.22,clear-night,0.74,6.216,Clear,11.22,1027.1,4.8,0.16,1526590800,69.0,0.0,6.74,0.0
10.81,partly-cloudy-night,0.64,6.216,Partly Cloudy,10.81,1027.1,3.92,0.35,1526594400,53.0,0.0,4.22,0.0
9.76,clear-night,0.69,6.216,Clear,9.76,1027.1,2.2,0.1,1526598000,53.0,0.0,4.25,0.0
8.87,clear-night,0.73,6.216,Clear,8.87,1027.0,2.33,0.17,1526601600,54.0,0.0,4.3,0.0
8.13,clear-night,0.76,6.216,Clear,8.13,1026.9,1.59,0.0,1526605200,42.0,0.0,4.2,0.0
7.15,clear-night,0.79,6.216,Clear,7.15,1026.8,1.18,0.0,1526608800,3.0,0.0,3.73,0.0
7.01,clear-night,0.81,6.194,Clear,7.01,1026.7,1.33,0.0,1526612400,7.0,0.0,3.93,0.0
6.55,clear-night,0.83,6.128,Clear,6.55,1026.6,1.38,0.0,1526616000,2.0,0.0,3.86,0.0
6.53,clear-day,0.84,6.177,Clear,6.53,1026.6,1.4,0.05,1526619600,17.0,0.0,3.95,0.0
7.45,clear-day,0.81,6.216,Clear,7.45,1026.7,1.86,0.19,1526623200,33.0,0.0,4.46,0.0
8.89,clear-day,0.76,6.216,Clear,8.53,1026.9,3.05,0.2,1526626800,48.0,0.0,4.9,0.0
10.06,clear-day,0.68,6.216,Clear,10.06,1026.9,3.92,0.25,1526630400,31.0,0.0,4.5,0.0
11.24,clear-day,0.64,6.216,Clear,11.24,1026.7,4.08,0.18,1526634000,37.0,0.0,4.71,0.0
12.66,clear-day,0.57,6.216,Clear,12.66,1026.3,3.34,0.16,1526637600,38.0,0.0,4.24,0.0
14.47,clear-day,0.49,6.216,Clear,14.47,1025.9,3.4,0.17,1526641200,18.0,0.0,3.92,0.0
15.71,clear-day,0.45,6.216,Clear,15.71,1025.4,3.16,0.19,1526644800,54.0,0.0,3.66,0.0
16.83,clear-day,0.4,6.216,Clear,16.83,1024.9,2.87,0.17,1526648400,29.0,0.0,3.27,0.0
17.53,clear-day,0.4,6.216,Clear,17.53,1024.6,3.22,0.17,1526652000,28.0,0.0,3.94,0.0
17.49,clear-day,0.38,6.216,Clear,17.49,1024.2,3.39,0.19,1526655600,29.0,0.0,3.12,0.0
18.0,clear-day,0.39,6.216,Clear,18.0,1024.0,3.39,0.17,1526659200,27.0,0.0,3.72,0.0
17.62,clear-day,0.39,6.216,Clear,17.62,1023.9,3.82,0.2,1526662800,8.0,0.0,3.5,0.0
16.84,clear-day,0.45,6.216,Clear,16.84,1024.0,3.97,0.19,1526666400,53.0,0.0,4.81,0.0
15.72,clear-day,0.49,6.216,Clear,15.72,1024.1,4.19,0.16,1526670000,74.0,0.0,4.92,0.0
14.31,clear-night,0.54,6.216,Clear,14.31,1024.3,3.17,0.17,1526673600,96.0,0.0,5.07,0.0
12.68,clear-night,0.71,6.216,Clear,12.68,1024.7,3.21,0.17,1526677200,105.0,0.0,7.51,0.0
11.29,clear-night,0.76,6.216,Clear,11.29,1024.7,2.29,0.22,1526680800,100.0,0.0,7.12,0.0
10.61,clear-night,0.79,6.163,Clear,10.61,1024.7,1.3,0.04,1526684400,101.0,0.0,7.19,0.0
9.53,clear-night,0.83,6.163,Clear,9.53,1024.6,0.25,0.0,1526688000,111.0,0.0,6.72,0.0
8.8,clear-night,0.88,6.009,Clear,8.8,1024.6,1.01,0.16,1526691600,114.0,0.0,6.99,0.0
8.33,clear-night,0.9,6.122,Clear,8.33,1024.5,0.74,0.16,1526695200,329.0,0.0,6.73,0.0
7.9,clear-night,0.91,6.194,Clear,7.9,1024.3,0.72,0.17,1526698800,258.0,0.0,6.56,0.0
7.22,clear-night,0.93,5.937,Clear,7.22,1024.2,0.32,0.08,1526702400,279.0,0.0,6.15,0.0
7.25,clear-day,0.96,5.428,Clear,7.25,1024.5,0.35,0.0,1526706000,296.0,0.0,6.63,0.0
8.83,clear-day,0.96,6.057,Clear,8.83,1024.4,1.32,0.02,1526709600,69.0,0.0,8.22,0.0
11.55,clear-day,0.81,6.126,Clear,11.55,1024.6,1.64,0.0,1526713200,64.0,0.0,8.44,0.0
13.98,clear-day,0.64,6.193,Clear,13.98,1024.8,2.36,0.02,1526716800,51.0,0.0,7.3,0.0
15.3,clear-day,0.56,6.216,Clear,15.3,1024.7,2.99,0.05,1526720400,55.0,0.0,6.62,0.0
16.59,clear-day,0.52,6.216,Clear,16.59,1024.7,3.92,0.06,1526724000,34.0,0.0,6.69,0.0
18.37,clear-day,0.49,6.216,Clear,18.37,1024.5,3.76,0.06,1526727600,32.0,0.0,7.41,0.0
19.21,clear-day,0.44,6.216,Clear,19.21,1024.0,3.47,0.06,1526731200,54.0,0.0,6.78,0.0
19.6,clear-day,0.36,6.216,Clear,19.6,1023.6,4.02,0.06,1526734800,68.0,0.0,4.23,0.0
20.42,clear-day,0.38,6.216,Clear,20.42,1023.1,4.03,0.04,1526738400,84.0,0.0,5.6,0.0
20.97,clear-day,0.36,6.216,Clear,20.97,1022.8,4.07,0.02,1526742000,73.0,0.0,5.28,0.0
20.16,,0.42,6.216,,20.16,,11.5,,1526745600,82.0,,6.96,
19.61,,0.44,6.216,,19.61,,11.13,,1526749200,93.0,,7.17,
18.31,,0.49,6.216,,18.31,,11.3,0.19,1526752800,86.0,,7.36,
16.23,,0.59,6.216,,16.23,,11.61,,1526756400,108.0,,8.16,
14.41,,0.67,6.216,,14.41,,9.34,0.19,1526760000,99.0,,8.43,
13.23,,0.73,6.216,,13.23,,6.58,,1526763600,103.0,,8.54,
12.34,,0.8,6.216,,12.34,,7.3,,1526767200,111.0,,8.93,
11.94,,0.85,6.036,,11.94,,6.31,,1526770800,113.0,,9.41,
11.49,,0.83,6.099,,11.49,,5.37,,1526774400,128.0,,8.62,
10.92,,0.86,5.948,,10.92,,4.29,,1526778000,162.0,,8.62,
10.16,,0.89,5.737,,10.16,,4.62,,1526781600,131.0,,8.39,
9.06,,0.9,4.851,,8.27,,4.04,1.0,1526785200,120.0,,7.51,
8.24,,0.93,4.997,,7.25,,4.21,1.0,1526788800,93.0,,7.24,
8.47,,0.93,4.038,,7.55,,4.13,0.53,1526792400,104.0,,7.47,
8.63,,0.96,1.686,,7.29,,5.32,0.77,1526796000,88.0,,8.09,
10.24,,0.92,2.74,,10.24,,5.17,0.98,1526799600,96.0,,9.08,
11.81,,0.85,4.05,,11.81,,6.7,0.81,1526803200,90.0,,9.41,
14.19,,0.71,6.138,,14.19,,6.37,0.39,1526806800,92.0,,8.94,
15.53,,0.66,6.138,,15.53,,8.9,0.19,1526810400,96.0,,9.27,
16.53,,0.66,6.138,,16.53,,7.19,0.19,1526814000,93.0,,10.17,
18.44,,0.57,6.216,,18.44,,8.11,0.19,1526817600,106.0,,9.77,
19.16,,0.52,6.216,,19.16,,8.46,0.24,1526821200,96.0,,9.13,
19.49,,0.49,6.216,,19.49,,9.33,0.19,1526824800,93.0,,8.64,
20.2,,0.47,6.216,,20.2,,9.89,0.19,1526828400,103.0,,8.43,
20.16,,0.47,6.216,,20.16,,9.44,0.22,1526832000,98.0,,8.48,
19.52,,0.5,6.216,,19.52,,11.07,0.19,1526835600,93.0,,8.79,
18.47,,0.55,6.216,,18.47,,10.74,0.19,1526839200,93.0,,9.21,
16.7,,0.63,6.216,,16.7,,11.49,,1526842800,97.0,,9.59,
14.46,,0.73,5.755,,14.46,,10.95,,1526846400,93.0,,9.67,
12.71,,0.82,4.365,,12.71,,9.78,,1526850000,92.0,,9.64,
11.62,,0.85,3.56,,11.62,,7.34,0.75,1526853600,104.0,,9.19,
10.96,,0.89,3.105,,10.96,,7.57,1.0,1526857200,96.0,,9.14,
10.01,,0.93,2.226,,10.01,,7.71,1.0,1526860800,90.0,,8.94,
9.6,,0.93,1.932,,8.39,,5.49,1.0,1526864400,66.0,,8.46,
9.74,,0.92,2.16,,8.8,,4.72,1.0,1526868000,70.0,,8.44,
9.06,,0.91,2.32,,8.16,,4.33,0.19,1526871600,10.0,,7.66,
8.91,,0.91,2.556,,7.9,,4.54,,1526875200,42.0,,7.52,
8.94,,0.91,3.165,,8.48,,3.27,0.19,1526878800,8.0,,7.55,
10.03,,0.87,3.42,,10.03,,1.76,0.56,1526882400,40.0,,8.0,
12.05,,0.82,4.461,,12.05,,5.47,1.0,1526886000,79.0,,9.0,
14.86,,0.73,4.791,,14.86,,4.81,1.0,1526889600,93.0,,10.07,
17.19,,0.65,5.496,,17.19,,4.49,,1526893200,21.0,,10.55,
19.21,,0.59,6.061,,19.21,,5.36,,1526896800,5.0,,11.11,
20.29,,0.55,6.216,,20.29,,5.7,0.19,1526900400,50.0,,10.93,
20.65,,0.53,6.216,,20.65,,5.39,0.63,1526904000,43.0,,10.8,
20.85,,0.53,6.216,,20.85,,7.38,0.63,1526907600,37.0,,10.85,
20.51,,0.56,6.216,,20.51,,8.12,0.45,1526911200,54.0,,11.52,
20.59,,0.58,6.216,,20.59,,7.3,0.45,1526914800,49.0,,12.13,
21.7,,0.48,6.216,,21.7,,8.14,0.55,1526918400,41.0,,10.29,
20.79,,0.56,6.216,,20.79,,8.97,0.35,1526922000,81.0,,11.8,
20.06,,0.49,6.216,,20.06,,6.5,0.31,1526925600,61.0,,9.09,
19.22,,0.53,6.216,,19.22,,7.49,0.32,1526929200,63.0,,9.54,
18.07,,0.58,6.216,,18.07,,3.75,0.75,1526932800,40.0,,9.8,
17.5,,0.59,6.216,,17.5,,4.51,0.75,1526936400,33.0,,9.3,
16.88,,0.66,6.216,,16.88,,3.54,1.0,1526940000,23.0,,10.38,
16.39,,0.66,6.216,,16.39,,5.38,0.75,1526943600,41.0,,9.99,
15.17,,0.71,6.216,,15.17,,5.53,0.19,1526947200,337.0,,9.95,
14.24,,0.78,6.151,,14.24,,6.94,,1526950800,319.0,,10.51,
13.97,,0.8,6.078,,13.97,,6.82,0.44,1526954400,349.0,,10.51,
13.41,,0.79,6.004,,13.41,,7.02,0.66,1526958000,316.0,,9.75,
12.03,,0.85,6.062,,12.03,,6.3,0.49,1526961600,331.0,,9.56,
11.97,,0.81,6.062,,11.97,,7.34,0.75,1526965200,320.0,,8.84,
12.96,,0.76,6.119,,12.96,,7.22,0.75,1526968800,337.0,,8.86,
13.99,,0.71,6.216,,13.99,,8.39,,1526972400,357.0,,8.73,
15.24,,0.66,6.216,,15.24,,10.08,,1526976000,4.0,,8.88,
17.15,,0.59,6.216,,17.15,,10.56,,1526979600,359.0,,8.95,
18.33,,0.58,6.216,,18.33,,10.74,,1526983200,356.0,,9.82,
18.87,,0.6,6.216,,18.87,,11.29,0.19,1526986800,357.0,,10.82,
20.37,,0.56,6.216,,20.37,,9.96,0.64,1526990400,13.0,,11.22,
21.92,,0.52,6.216,,21.92,,10.74,0.19,1526994000,18.0,,11.71,
21.84,,0.52,6.216,,21.84,,12.8,0.23,1526997600,6.0,,11.41,
22.05,,0.5,6.216,,22.05,,13.22,0.22,1527001200,7.0,,11.22,
21.25,,0.5,6.216,,21.25,,13.86,0.19,1527004800,4.0,,10.44,
20.4,,0.52,6.216,,20.4,,12.07,0.19,1527008400,13.0,,10.22,
19.09,,0.56,6.216,,19.09,,12.77,0.19,1527012000,7.0,,10.15,
17.7,,0.62,6.216,,17.7,,11.18,0.19,1527015600,14.0,,10.22,
15.55,,0.67,6.216,,15.55,,10.98,0.19,1527019200,8.0,,9.38,
13.12,,0.79,6.216,,13.12,,9.9,0.21,1527022800,3.0,,9.53,
12.48,,0.79,6.197,,12.48,,9.02,0.63,1527026400,12.0,,9.01,
11.61,,0.83,6.194,,11.61,,7.45,0.72,1527030000,24.0,,8.79,
11.52,,0.83,6.172,,11.52,,8.75,0.81,1527033600,355.0,,8.65,
11.52,,0.83,6.151,,11.52,,10.59,1.0,1527037200,9.0,,8.65,
11.47,,0.82,6.112,,11.47,,9.91,0.83,1527040800,21.0,,8.42,
11.52,,0.81,6.12,,11.52,,10.18,0.99,1527044400,12.0,,8.4,
11.43,,0.83,6.12,,11.43,,8.85,0.99,1527048000,2.0,,8.56,
10.87,,0.86,6.12,,10.87,,7.98,0.97,1527051600,7.0,,8.56,
10.94,,0.85,6.081,,10.94,,10.54,0.96,1527055200,357.0,,8.49,
11.01,,0.84,6.081,,11.01,,12.0,0.92,1527058800,356.0,,8.38,
11.71,,0.81,6.081,,11.71,,10.6,0.88,1527062400,0.0,,8.57,
12.77,,0.77,6.1,,12.77,,11.86,0.74,1527066000,350.0,,8.82,
14.12,,0.71,6.216,,14.12,,12.01,0.7,1527069600,354.0,,8.9,
15.24,,0.66,6.216,,15.24,,12.72,0.51,1527073200,4.0,,9.02,
16.12,,0.66,6.216,,16.12,,12.61,0.24,1527076800,10.0,,9.81,
17.15,,0.63,6.216,,17.15,,11.99,0.36,1527080400,18.0,,10.04,
18.13,,0.59,6.216,,18.13,,12.33,0.37,1527084000,31.0,,10.11,
18.58,,0.6,6.216,,18.58,,11.72,0.66,1527087600,23.0,,10.76,
18.47,,0.64,6.216,,18.47,,11.08,0.64,1527091200,14.0,,11.5,
18.03,,0.63,6.189,,18.03,,11.56,0.74,1527094800,33.0,,10.89,
17.05,,0.64,6.216,,17.05,,11.09,0.39,1527098400,35.0,,10.3,
15.94,,0.68,6.216,,15.94,,10.85,0.23,1527102000,39.0,,9.98,
14.82,,0.71,6.216,,14.82,,9.77,0.75,1527105600,22.0,,9.7,
13.95,,0.75,6.216,,13.95,,9.45,1.0,1527109200,18.0,,9.49,
13.29,,0.78,6.216,,13.29,,8.92,1.0,1527112800,23.0,,9.47,
12.4,,0.79,6.216,,12.4,,7.34,0.8,1527116400,19.0,,8.84,
11.86,,0.85,4.825,,11.86,,7.55,0.55,1527120000,27.0,,9.39,
11.56,,0.89,5.373,,11.56,,7.39,0.9,1527123600,17.0,,9.8,
11.52,,0.9,5.59,,11.52,,8.16,0.52,1527127200,29.0,,9.97,
11.56,,0.93,4.552,,11.56,,6.37,0.74,1527130800,40.0,,10.53,
11.56,,0.93,3.596,,11.56,,9.15,0.43,1527134400,4.0,,10.53,
11.39,,0.93,4.557,,11.39,,8.44,0.47,1527138000,10.0,,10.36,
11.5,,0.9,3.934,,11.5,,7.38,0.73,1527141600,18.0,,10.0,
11.57,,0.93,3.2,,11.57,,6.98,0.8,1527145200,10.0,,10.49,
11.72,,0.94,3.305,,11.72,,7.69,0.8,1527148800,17.0,,10.72,
13.12,,0.91,3.929,,13.12,,7.91,0.8,1527152400,15.0,,11.62,
15.12,,0.82,4.852,,15.12,,8.49,0.77,1527156000,25.0,,12.03,
16.58,,0.78,5.553,,16.58,,9.02,0.59,1527159600,37.0,,12.81,
17.6,,0.74,6.03,,17.6,,8.64,0.39,1527163200,350.0,,12.88,
19.21,,0.7,6.057,,19.21,,6.94,0.68,1527166800,270.0,,13.54,
19.91,,0.67,5.758,,19.91,,8.39,0.49,1527170400,239.0,,13.69,
19.73,,0.69,5.818,,19.73,,8.71,0.68,1527174000,205.0,,13.94,
19.19,,0.67,5.508,,19.19,,10.03,0.49,1527177600,131.0,,12.84,
18.33,,0.7,5.355,,18.33,,7.18,0.3,1527181200,142.0,,12.69,
18.4,,0.7,5.355,,18.4,,8.2,0.47,1527184800,212.0,,12.92,
17.86,,0.77,5.135,,17.86,,5.84,0.19,1527188400,281.0,,13.75,
17.59,,0.73,4.764,,17.59,,6.41,0.75,1527192000,51.0,,12.79,
17.08,,0.76,4.954,,17.08,,6.21,0.71,1527195600,54.0,,12.85,
16.41,,0.79,5.326,,16.41,,8.06,0.83,1527199200,6.0,,12.83,
15.22,,0.83,5.836,,15.22,,7.51,0.98,1527202800,342.0,,12.44,
14.44,,0.87,5.658,,14.44,,8.01,0.87,1527206400,345.0,,12.3,
14.44,,0.85,5.701,,14.44,,6.0,0.99,1527210000,347.0,,11.88,
13.74,,0.88,5.696,,13.74,,6.42,1.0,1527213600,349.0,,11.83,
13.52,,0.9,4.577,,13.52,,6.29,1.0,1527217200,333.0,,11.83,
13.52,,0.9,3.885,,13.52,,6.16,1.0,1527220800,308.0,,11.97,
13.52,,0.9,4.818,,13.52,,4.63,0.95,1527224400,324.0,,11.92,
13.96,,0.88,4.67,,13.96,,6.31,0.96,1527228000,320.0,,12.09,
14.0,,0.89,5.242,,14.0,,5.37,0.96,1527231600,349.0,,12.13,
14.35,,0.86,5.398,,14.35,,5.16,0.92,1527235200,317.0,,11.98,
15.15,,0.83,5.39,,15.15,,5.26,0.92,1527238800,138.0,,12.2,
15.46,,0.81,5.373,,15.46,,4.93,0.92,1527242400,186.0,,12.2,
16.82,,0.76,5.369,,16.82,,3.73,0.92,1527246000,252.0,,12.55,
17.61,,0.72,5.411,,17.61,,5.6,0.96,1527249600,226.0,,12.55,
17.82,,0.74,5.568,,17.82,,4.5,0.92,1527253200,176.0,,13.08,
18.16,,0.73,5.745,,18.16,,5.5,0.92,1527256800,207.0,,13.24,
18.26,,0.72,5.772,,18.26,,4.68,0.9,1527260400,208.0,,13.2,
18.99,,0.71,5.868,,18.99,,5.36,0.79,1527264000,106.0,,13.51,
18.99,,0.7,5.904,,18.99,,4.44,0.75,1527267600,292.0,,13.36,
19.15,,0.7,6.042,,19.15,,4.66,0.59,1527271200,314.0,,13.56,
18.38,,0.75,5.811,,18.38,,6.31,0.51,1527274800,58.0,,13.83,
17.34,,0.83,4.519,,17.34,,7.83,0.49,1527278400,66.0,,14.33,
16.53,,0.87,3.789,,16.53,,6.15,0.44,1527282000,62.0,,14.29,
16.52,,0.85,3.33,,16.52,,4.74,0.54,1527285600,55.0,,13.96,
15.68,,0.89,2.741,,15.68,,4.93,0.83,1527289200,40.0,,13.87,
15.59,,0.9,2.275,,15.59,,5.84,0.6,1527292800,41.0,,14.0,
15.59,,0.9,2.414,,15.59,,6.2,0.63,1527296400,52.0,,14.0,
14.99,,0.93,1.971,,14.99,,5.27,0.92,1527300000,47.0,,13.94,
14.96,,0.94,1.329,,14.96,,5.91,1.0,1527303600,52.0,,13.96,
14.96,,0.94,1.558,,14.96,,6.34,0.95,1527307200,39.0,,13.96,
15.47,,0.91,1.512,,15.47,,7.65,0.99,1527310800,46.0,,13.96,
15.55,,0.9,1.744,,15.55,,6.66,0.99,1527314400,47.0,,13.92,
15.54,,0.92,1.557,,15.56,,6.8,0.98,1527318000,18.0,,14.29,
15.58,,0.93,1.756,,15.63,,8.26,0.81,1527321600,45.0,,14.5,
17.46,,0.84,2.992,,17.47,,10.69,0.78,1527325200,50.0,,14.82,
20.29,,0.76,4.167,,20.35,,11.16,0.53,1527328800,52.0,,15.82,
22.96,,0.66,5.152,,23.03,,15.27,0.35,1527332400,80.0,,16.2,
23.77,,0.63,5.79,,23.85,,16.93,0.21,1527336000,73.0,,16.3,
24.09,,0.61,6.061,,24.16,,17.5,0.37,1527339600,68.0,,16.21,
24.47,,0.61,6.138,,24.55,,18.95,0.25,1527343200,70.0,,16.34,
24.96,,0.55,6.138,,24.96,,19.85,0.26,1527346800,82.0,,15.38,
24.12,,0.58,6.138,,24.12,,17.97,0.5,1527350400,77.0,,15.31,
23.99,,0.6,6.061,,24.01,,18.41,0.19,1527354000,78.0,,15.72,
22.99,,0.63,5.956,,23.0,,16.18,0.19,1527357600,75.0,,15.62,
21.93,,0.67,5.983,,21.94,,15.21,,1527361200,73.0,,15.6,
20.89,,0.69,5.983,,20.89,,13.95,0.19,1527364800,73.0,,15.04,
19.9,,0.73,5.956,,19.9,,12.05,,1527368400,71.0,,14.85,
19.68,,0.73,6.155,,19.68,,11.44,0.68,1527372000,64.0,,14.68,
18.35,,0.77,4.853,,18.35,,12.37,0.83,1527375600,126.0,,14.35,
16.84,,0.9,3.451,,16.92,,9.52,0.38,1527379200,96.0,,15.13,
16.79,,0.92,3.489,,16.94,,11.11,0.48,1527382800,36.0,,15.54,
16.26,,0.9,5.164,,16.3,,8.79,0.46,1527386400,36.0,,14.67,
16.05,,0.87,5.134,,16.05,,6.36,0.64,1527390000,54.0,,13.9,
15.49,,0.94,4.683,,15.54,,5.77,0.64,1527393600,54.0,,14.45,
15.49,,0.93,4.745,,15.51,,8.03,0.44,1527397200,45.0,,14.28,
16.4,,0.84,5.756,,16.4,,6.91,0.69,1527400800,53.0,,13.76,
18.02,,0.78,5.609,,18.02,,9.66,,1527404400,74.0,,14.16,
18.67,,0.78,5.684,,18.67,,8.09,0.19,1527408000,71.0,,14.76,
20.03,,0.75,5.802,,20.04,,7.58,0.19,1527411600,75.0,,15.4,
21.68,,0.71,5.802,,21.76,,7.03,0.19,1527415200,92.0,,16.18,
23.07,,0.69,5.829,,23.23,,7.22,0.52,1527418800,106.0,,17.02,
23.3,,0.69,5.827,,23.48,,5.8,0.5,1527422400,107.0,,17.24,
23.95,,0.66,5.906,,24.13,,6.83,0.34,1527426000,93.0,,17.32,
24.8,,0.64,6.216,,25.01,,5.16,0.34,1527429600,91.0,,17.55,
25.54,,0.61,6.216,,25.74,,6.93,0.67,1527433200,110.0,,17.47,
25.6,,0.6,6.216,,25.77,,8.53,0.47,1527436800,130.0,,17.14,
24.75,,0.61,6.216,,24.87,,11.52,0.38,1527440400,135.0,,16.63,
24.85,,0.58,6.216,,24.9,,9.74,0.32,1527444000,143.0,,16.01,
23.09,,0.66,6.178,,23.18,,8.75,0.37,1527447600,132.0,,16.39,
21.38,,0.71,6.197,,21.42,,7.67,0.44,1527451200,135.0,,15.81,
20.62,,0.71,6.14,,20.62,,5.98,0.37,1527454800,146.0,,15.18,
19.31,,0.82,4.662,,19.44,,5.59,0.46,1527458400,277.0,,16.15,
18.72,,0.82,3.834,,18.78,,6.64,0.44,1527462000,89.0,,15.5,
17.79,,0.87,3.629,,17.89,,4.95,0.44,1527465600,72.0,,15.55,
16.55,,0.9,3.344,,16.61,,6.84,0.3,1527469200,81.0,,14.87,
16.01,,0.93,2.902,,16.09,,4.46,0.8,1527472800,79.0,,14.83,
16.09,clear-night,0.9,2.275,Clear,16.12,1017.2,1.86,0.09,1527476400,317.0,0.0,14.49,0.0
15.89,fog,0.95,1.669,Foggy,16.01,1017.0,3.69,0.04,1527480000,9.0,0.0,15.04,0.0
15.89,fog,0.92,1.755,Foggy,15.93,1017.7,2.06,0.28,1527483600,27.0,0.0,14.58,0.0
16.89,partly-cloudy-day,0.88,2.146,Partly Cloudy,16.93,1018.0,1.86,0.32,1527487200,9.0,0.0,14.89,0.0
17.62,partly-cloudy-day,0.84,3.062,Partly Cloudy,17.63,1018.4,4.06,0.33,1527490800,13.0,0.0,14.91,0.0
17.65,partly-cloudy-day,0.83,3.041,Partly Cloudy,17.65,1018.6,6.25,0.42,1527494400,351.0,0.0,14.74,0.0
17.52,partly-cloudy-day,0.84,3.261,Partly Cloudy,17.52,1018.8,5.34,0.57,1527498000,354.0,0.0,14.76,0.0
17.94,partly-cloudy-day,0.81,4.679,Partly Cloudy,17.94,1019.2,4.22,0.58,1527501600,35.0,0.0,14.63,0.0
19.52,partly-cloudy-day,0.75,5.178,Partly Cloudy,19.52,1019.3,4.75,0.34,1527505200,356.0,0.0,15.02,0.0
22.23,clear-day,0.7,5.343,Clear,22.34,1019.1,4.88,0.17,1527508800,2.0,0.0,16.53,0.0
23.09,clear-day,0.67,5.862,Clear,23.21,1018.7,5.1,0.05,1527512400,18.0,0.0,16.68,0.0
24.47,clear-day,0.61,6.129,Clear,24.58,1018.3,4.89,0.29,1527516000,45.0,0.0,16.53,0.0
23.86,partly-cloudy-day,0.65,6.129,Mostly Cloudy,23.98,1018.0,5.42,0.67,1527519600,45.0,0.0,16.78,0.0
25.3,partly-cloudy-day,0.63,6.216,Partly Cloudy,25.54,1017.7,5.02,0.49,1527523200,25.0,0.0,17.85,0.0
25.12,clear-day,0.61,6.216,Clear,25.28,1017.6,5.14,0.29,1527526800,24.0,0.0,17.07,0.0
24.5,partly-cloudy-day,0.62,6.216,Partly Cloudy,24.64,1017.8,4.82,0.53,1527530400,28.0,0.0,16.84,0.0
22.84,,0.76,6.216,,23.16,,7.7,0.63,1527534000,6.0,,18.35,
21.42,,0.75,5.53,,21.58,,9.43,0.83,1527537600,58.0,,16.79,
20.04,,0.78,5.839,,20.14,,9.16,0.81,1527541200,42.0,,16.12,
19.09,,0.79,5.86,,19.11,,8.0,0.76,1527544800,26.0,,15.32,
17.24,,0.84,4.956,,17.24,,9.66,0.47,1527548400,33.0,,14.52,
15.77,,0.93,2.855,,15.84,,7.14,0.69,1527552000,40.0,,14.69,
15.66,,0.91,2.928,,15.67,,6.32,0.59,1527555600,24.0,,14.22,
15.41,,0.89,2.82,,15.41,,7.45,0.57,1527559200,11.0,,13.62,
14.73,,0.93,3.033,,14.73,,6.61,0.72,1527562800,26.0,,13.53,
14.53,,0.89,3.527,,14.53,,8.75,0.77,1527566400,10.0,,12.8,
13.99,,0.92,4.023,,13.99,,8.4,0.9,1527570000,16.0,,12.66,
13.99,,0.92,4.032,,13.99,,10.09,0.91,1527573600,48.0,,12.66,
14.02,,0.92,3.814,,14.02,,9.89,0.96,1527577200,13.0,,12.69,
14.85,,0.92,3.242,,14.85,,8.57,0.96,1527580800,15.0,,13.53,
15.77,,0.87,3.92,,15.77,,7.81,0.89,1527584400,12.0,,13.56,
16.54,,0.87,3.913,,16.54,,9.62,0.77,1527588000,22.0,,14.3,
16.86,,0.87,3.954,,16.87,,9.46,0.77,1527591600,10.0,,14.65,
16.77,,0.91,2.961,,16.88,,9.07,0.95,1527595200,0.0,,15.34,
16.53,,0.93,1.755,,16.68,,8.91,0.77,1527598800,33.0,,15.47,
16.09,,0.97,2.661,,16.29,,9.26,0.76,1527602400,2.0,,15.63,
16.07,,0.93,3.819,,16.17,,10.47,0.6,1527606000,9.0,,15.02,
16.52,,0.91,4.649,,16.59,,10.61,0.77,1527609600,2.0,,14.97,
16.52,,0.9,4.33,,16.57,,9.9,0.88,1527613200,4.0,,14.83,
15.86,,0.9,4.24,,15.86,,9.44,0.9,1527616800,10.0,,14.14,
15.75,,0.89,3.321,,15.75,,9.71,0.9,1527620400,16.0,,14.01,
15.43,,0.9,3.187,,15.43,,10.36,0.97,1527624000,12.0,,13.81,
14.91,,0.93,3.04,,14.91,,10.92,0.99,1527627600,14.0,,13.78,
14.73,,0.93,3.114,,14.73,,10.32,0.99,1527631200,12.0,,13.59,
13.92,,0.94,3.779,,13.92,,8.36,0.96,1527634800,20.0,,12.97,
13.75,,0.95,2.488,,13.75,,7.21,0.99,1527638400,11.0,,12.97,
13.56,,0.96,3.461,,13.56,,7.28,0.97,1527642000,359.0,,12.93,
13.61,,0.95,4.71,,13.61,,5.25,0.99,1527645600,25.0,,12.75,
13.56,,0.95,3.762,,13.56,,4.91,0.99,1527649200,6.0,,12.75,
13.56,,0.95,5.756,,13.56,,5.52,0.95,1527652800,6.0,,12.75,
13.56,,0.95,5.624,,13.56,,4.78,0.95,1527656400,16.0,,12.75,
13.5,,0.94,4.988,,13.5,,5.17,0.99,1527660000,18.0,,12.53,
13.57,,0.94,3.205,,13.57,,6.07,0.96,1527663600,47.0,,12.56,
13.82,,0.94,4.34,,13.82,,5.39,0.96,1527667200,57.0,,12.84,
14.54,,0.91,3.641,,14.54,,5.11,0.92,1527670800,70.0,,13.05,
15.23,,0.91,3.932,,15.23,,5.29,0.96,1527674400,65.0,,13.69,
16.24,,0.86,4.018,,16.24,,4.82,0.96,1527678000,76.0,,13.88,
17.24,,0.82,4.309,,17.24,,4.65,0.96,1527681600,83.0,,14.17,
17.75,,0.83,4.674,,17.75,,4.23,0.96,1527685200,98.0,,14.82,
18.55,,0.81,5.357,,18.57,,4.52,0.97,1527688800,74.0,,15.17,
19.29,,0.8,5.372,,19.37,,5.27,0.92,1527692400,89.0,,15.82,
19.57,,0.78,5.627,,19.63,,5.13,0.8,1527696000,63.0,,15.72,
20.77,,0.74,5.776,,20.84,,6.81,0.78,1527699600,198.0,,16.0,
20.65,,0.75,5.474,,20.72,,6.48,0.78,1527703200,169.0,,16.0,
20.16,,0.77,5.359,,20.24,,5.95,0.51,1527706800,151.0,,16.0,
19.03,,0.82,5.206,,19.13,,4.08,0.6,1527710400,117.0,,15.91,
17.91,,0.9,3.454,,18.1,,5.81,0.28,1527714000,76.0,,16.18,
16.69,,0.92,2.622,,16.82,,5.88,0.32,1527717600,77.0,,15.41,
16.06,,0.95,1.179,,16.2,,6.0,0.99,1527721200,84.0,,15.19,
15.46,,0.99,0.798,,15.65,,7.65,0.83,1527724800,96.0,,15.34,
15.51,,0.99,0.385,,15.7,,7.19,0.78,1527728400,86.0,,15.39,
15.16,,0.98,0.123,,15.31,,4.88,0.95,1527732000,101.0,,14.92,
15.31,,0.98,0.182,,15.46,,6.13,1.0,1527735600,80.0,,15.05,
15.31,,0.97,0.256,,15.43,,5.1,1.0,1527739200,74.0,,14.87,
15.19,,0.99,0.552,,15.35,,4.6,1.0,1527742800,65.0,,15.07,
15.26,,0.98,0.771,,15.4,,4.63,1.0,1527746400,58.0,,14.93,
15.45,,0.98,0.959,,15.6,,4.25,1.0,1527750000,64.0,,15.1,
16.3,,0.97,2.055,,16.51,,4.62,0.99,1527753600,89.0,,15.78,
16.81,,0.92,2.87,,16.95,,5.69,0.92,1527757200,64.0,,15.48,
18.32,,0.87,4.406,,18.48,,7.13,0.84,1527760800,52.0,,16.11,
19.25,,0.85,3.778,,19.44,,8.28,0.87,1527764400,73.0,,16.6,
19.64,,0.83,3.889,,19.83,,8.33,0.87,1527768000,82.0,,16.68,
19.97,,0.82,3.941,,20.17,,7.66,0.88,1527771600,88.0,,16.83,
21.02,,0.77,4.176,,21.19,,8.34,0.83,1527775200,71.0,,16.92,
21.75,,0.75,4.638,,21.93,,9.98,0.69,1527778800,75.0,,17.03,
21.11,,0.77,4.291,,21.27,,10.14,0.53,1527782400,88.0,,16.84,
21.23,,0.78,3.727,,21.43,,9.66,0.72,1527786000,99.0,,17.14,
20.38,,0.81,3.422,,20.6,,9.55,0.4,1527789600,110.0,,17.07,
19.57,,0.83,3.551,,19.74,,9.97,0.72,1527793200,109.0,,16.54,
18.57,,0.86,3.061,,18.74,,8.48,0.75,1527796800,106.0,,16.24,
17.83,,0.9,2.66,,18.03,,8.14,0.71,1527800400,104.0,,16.2,
17.23,,0.94,2.627,,17.47,,6.53,0.83,1527804000,112.0,,16.28,
16.9,,0.91,2.38,,17.02,,6.54,0.93,1527807600,101.0,,15.4,
16.55,,0.94,2.035,,16.7,,5.65,0.88,1527811200,119.0,,15.51,
16.36,,0.94,1.779,,16.5,,4.17,0.91,1527814800,104.0,,15.36,
16.36,,0.94,1.715,,16.5,,5.76,0.96,1527818400,121.0,,15.36,
16.16,,0.95,1.979,,16.31,,5.14,0.96,1527822000,145.0,,15.31,
16.72,,0.92,2.034,,16.84,,3.48,0.96,1527825600,124.0,,15.36,
16.72,,0.94,1.948,,16.91,,3.34,1.0,1527829200,219.0,,15.77,
17.17,,0.91,1.95,,17.32,,4.8,0.85,1527832800,211.0,,15.68,
17.28,,0.9,2.804,,17.4,,6.93,0.88,1527836400,231.0,,15.56,
17.97,,0.86,4.088,,18.07,,7.09,0.85,1527840000,244.0,,15.56,
17.67,,0.85,5.173,,17.71,,6.17,0.96,1527843600,242.0,,15.07,
19.08,,0.8,6.062,,19.14,,6.47,0.89,1527847200,243.0,,15.63,
20.2,,0.75,6.159,,20.23,,5.63,0.83,1527850800,274.0,,15.63,
21.68,,0.67,6.216,,21.68,,4.78,0.57,1527854400,251.0,,15.38,
22.28,,0.65,6.216,,22.28,,6.17,0.57,1527858000,238.0,,15.36,
23.05,,0.62,6.216,,23.05,,7.02,0.65,1527861600,235.0,,15.35,
22.13,,0.68,6.216,,22.17,,9.38,0.65,1527865200,194.0,,15.96,
22.32,,0.65,6.216,,22.32,,10.44,0.47,1527868800,216.0,,15.43,
21.94,,0.66,6.216,,21.94,,9.86,0.46,1527872400,215.0,,15.18,
21.15,,0.69,6.216,,21.15,,10.22,0.56,1527876000,223.0,,15.22,
20.44,,0.74,6.216,,20.48,,9.69,0.59,1527879600,217.0,,15.71,
19.34,,0.76,6.11,,19.34,,8.44,0.49,1527883200,228.0,,14.97,
18.26,,0.81,5.696,,18.26,,7.88,0.52,1527886800,226.0,,14.94,
17.53,,0.86,5.433,,17.57,,7.17,0.3,1527890400,229.0,,15.07,
17.57,,0.88,4.607,,17.69,,6.33,0.46,1527894000,238.0,,15.63,
16.62,,0.94,4.45,,16.78,,7.51,0.5,1527897600,230.0,,15.59,
16.52,,0.9,4.42,,16.58,,7.56,0.77,1527901200,248.0,,14.89,
16.3,,0.9,5.094,,16.34,,8.21,0.25,1527904800,244.0,,14.68,
16.23,,0.91,5.855,,16.27,,8.14,0.54,1527908400,244.0,,14.68,
15.67,,0.94,5.629,,15.74,,9.69,0.79,1527912000,254.0,,14.68,
15.64,,0.9,5.734,,15.64,,11.44,0.96,1527915600,253.0,,14.08,
15.67,,0.9,5.737,,15.67,,11.04,0.95,1527919200,250.0,,14.03,
15.95,,0.89,5.659,,15.95,,8.66,0.95,1527922800,254.0,,14.07,
16.92,,0.83,6.004,,16.92,,10.7,0.95,1527926400,258.0,,14.07,
17.88,,0.79,6.216,,17.88,,7.72,0.92,1527930000,260.0,,14.11,
18.7,,0.75,6.216,,18.7,,10.26,0.91,1527933600,255.0,,14.23,
19.22,,0.73,6.216,,19.22,,9.84,0.89,1527937200,265.0,,14.19,
20.76,,0.68,6.216,,20.76,,8.02,0.79,1527940800,272.0,,14.54,
21.15,,0.64,6.216,,21.15,,9.01,0.54,1527944400,255.0,,14.02,
22.79,,0.57,6.216,,22.79,,8.8,0.58,1527948000,267.0,,13.69,
23.65,,0.51,6.216,,23.65,,10.02,0.3,1527951600,269.0,,12.85,
23.67,,0.47,6.216,,23.67,,9.49,0.44,1527955200,254.0,,11.65,
23.44,,0.47,6.216,,23.44,,9.64,0.36,1527958800,253.0,,11.54,
23.45,,0.49,6.216,,23.45,,9.63,0.22,1527962400,280.0,,12.13,
22.64,,0.5,6.216,,22.64,,8.49,0.19,1527966000,269.0,,11.62,
21.13,,0.58,6.216,,21.13,,7.22,0.19,1527969600,272.0,,12.6,
19.74,,0.63,6.216,,19.74,,6.62,,1527973200,249.0,,12.47,
18.91,,0.71,6.216,,18.91,,7.53,,1527976800,255.0,,13.47,
17.84,,0.76,6.216,,17.84,,7.12,,1527980400,238.0,,13.48,
16.81,,0.81,6.216,,16.81,,6.52,,1527984000,237.0,,13.48,
15.71,,0.82,6.216,,15.71,,5.3,,1527987600,237.0,,12.72,
15.54,,0.82,6.216,,15.54,,5.17,0.19,1527991200,238.0,,12.51,
14.65,,0.86,6.216,,14.65,,2.84,,1527994800,238.0,,12.34,
14.53,,0.86,6.216,,14.53,,4.52,,1527998400,233.0,,12.29,
14.62,,0.88,6.216,,14.62,,3.51,,1528002000,236.0,,12.59,
15.91,,0.83,6.216,,15.91,,3.74,,1528005600,242.0,,12.95,
17.38,,0.77,6.216,,17.38,,2.91,,1528009200,247.0,,13.39,
19.45,,0.72,6.216,,19.45,,3.36,,1528012800,189.0,,14.22,
21.08,,0.64,6.216,,21.08,,2.24,0.63,1528016400,66.0,,13.95,
22.71,,0.54,6.216,,22.71,,3.9,0.45,1528020000,290.0,,12.91,
23.01,,0.51,6.216,,23.01,,4.49,0.41,1528023600,40.0,,12.47,
23.77,,0.48,6.216,,23.77,,5.55,0.47,1528027200,88.0,,12.07,
24.89,,0.46,6.216,,24.89,,5.24,0.44,1528030800,80.0,,12.38,
25.43,,0.44,6.216,,25.43,,5.82,0.43,1528034400,145.0,,12.13,
25.39,,0.42,6.216,,25.39,,5.76,0.44,1528038000,71.0,,11.39,
24.3,,0.5,6.216,,24.3,,10.51,0.34,1528041600,77.0,,13.1,
24.2,,0.52,6.216,,24.2,,10.84,0.42,1528045200,91.0,,13.65,
23.52,,0.54,6.216,,23.52,,11.22,0.64,1528048800,109.0,,13.69,
22.17,,0.6,6.216,,22.17,,8.74,0.6,1528052400,87.0,,13.99,
20.98,,0.62,6.216,,20.98,,9.02,0.43,1528056000,91.0,,13.51,
19.35,,0.72,6.216,,19.35,,7.84,0.41,1528059600,94.0,,14.23,
18.34,,0.79,6.129,,18.34,,8.48,0.75,1528063200,90.0,,14.69,
17.01,,0.88,4.567,,17.06,,8.28,0.19,1528066800,85.0,,14.97,
16.79,,0.88,3.618,,16.81,,7.19,0.44,1528070400,88.0,,14.73,
16.02,,0.91,3.604,,16.05,,5.28,0.75,1528074000,64.0,,14.52,
15.79,,0.92,2.872,,15.83,,6.43,0.73,1528077600,75.0,,14.48,
15.18,,0.95,2.144,,15.25,,7.29,0.82,1528081200,77.0,,14.43,
15.06,,0.97,2.458,,15.15,,6.39,0.91,1528084800,71.0,,14.52,
15.75,,0.89,2.987,,15.75,,6.91,0.83,1528088400,56.0,,14.0,
15.63,,0.93,3.42,,15.67,,9.38,0.93,1528092000,67.0,,14.49,
15.83,,0.89,3.259,,15.83,,8.91,0.99,1528095600,79.0,,14.01,
15.99,,0.91,2.887,,16.01,,7.66,0.99,1528099200,61.0,,14.46,
15.83,,0.92,4.092,,15.87,,8.54,0.95,1528102800,35.0,,14.55,
16.11,,0.86,5.712,,16.11,,8.1,0.92,1528106400,28.0,,13.78,
16.18,,0.83,5.79,,16.18,,8.82,0.92,1528110000,7.0,,13.21,
16.43,,0.8,6.138,,16.43,,8.15,0.92,1528113600,20.0,,12.89,
17.0,,0.77,6.216,,17.0,,7.69,0.92,1528117200,20.0,,12.89,
17.99,,0.69,6.216,,17.99,,8.38,0.89,1528120800,24.0,,12.27,
17.76,,0.73,6.216,,17.76,,10.03,0.92,1528124400,40.0,,12.85,
17.47,,0.75,6.193,,17.47,,9.81,0.92,1528128000,28.0,,13.0,
16.67,,0.79,6.216,,16.67,,8.55,0.92,1528131600,38.0,,12.97,
16.59,,0.79,6.114,,16.59,,7.29,0.92,1528135200,33.0,,12.97,
16.16,,0.81,6.058,,16.16,,7.79,0.92,1528138800,32.0,,12.94,
15.51,,0.84,6.138,,15.51,,10.21,0.92,1528142400,44.0,,12.79,
15.29,,0.83,6.216,,15.29,,9.04,0.92,1528146000,37.0,,12.5,
14.63,,0.84,6.216,,14.63,,10.97,0.96,1528149600,46.0,,11.97,
14.53,,0.83,6.216,,14.53,,11.04,0.99,1528153200,53.0,,11.75,
13.75,,0.87,6.19,,13.75,,11.16,0.99,1528156800,53.0,,11.6,
13.56,,0.85,6.129,,13.56,,11.5,0.99,1528160400,54.0,,11.04,
13.52,,0.88,6.001,,13.52,,10.02,1.0,1528164000,52.0,,11.56,
12.96,,0.91,4.704,,12.96,,8.95,1.0,1528167600,60.0,,11.56,
12.96,,0.91,4.662,,12.96,,8.08,0.99,1528171200,56.0,,11.56,
12.93,,0.91,4.867,,12.93,,7.66,0.99,1528174800,59.0,,11.56,
12.63,,0.93,3.841,,12.63,,8.75,0.96,1528178400,41.0,,11.59,
12.67,,0.89,4.139,,12.67,,8.64,0.96,1528182000,42.0,,10.97,
12.01,,0.88,6.136,,12.01,,10.64,0.96,1528185600,49.0,,10.13,
12.08,,0.86,5.906,,12.08,,10.08,0.96,1528189200,51.0,,9.82,
12.92,,0.82,6.061,,12.92,,9.64,0.96,1528192800,48.0,,9.86,
13.71,,0.78,6.138,,13.71,,10.54,0.97,1528196400,47.0,,9.89,
14.83,,0.72,6.216,,14.83,,10.09,0.92,1528200000,46.0,,9.85,
15.64,,0.69,6.216,,15.64,,10.78,0.89,1528203600,49.0,,9.97,
16.15,,0.67,6.216,,16.15,,9.96,0.88,1528207200,49.0,,10.04,
17.1,,0.63,6.216,,17.1,,10.64,0.76,1528210800,49.0,,10.04,
17.17,,0.66,6.216,,17.17,,10.63,0.67,1528214400,27.0,,10.72,
17.6,,0.62,6.216,,17.6,,9.51,0.62,1528218000,44.0,,10.16,
16.82,,0.64,6.216,,16.82,,10.4,0.44,1528221600,45.0,,10.01,
16.34,,0.67,6.216,,16.34,,10.33,0.26,1528225200,51.0,,10.14,
14.61,,0.78,6.216,,14.61,,8.7,0.64,1528228800,66.0,,10.77,
13.5,,0.82,6.216,,13.5,,7.03,0.44,1528232400,48.0,,10.45,
13.12,,0.76,6.216,,13.12,,5.66,0.19,1528236000,46.0,,8.92,
11.77,,0.81,6.216,,11.77,,7.96,0.44,1528239600,51.0,,8.58,
11.51,,0.83,6.179,,11.51,,7.5,0.44,1528243200,54.0,,8.7,
10.49,,0.84,6.194,,10.49,,5.93,0.44,1528246800,51.0,,7.98,
9.67,,0.88,6.147,,8.23,,6.32,0.44,1528250400,53.0,,7.72,
9.56,,0.88,6.194,,8.13,,6.17,0.9,1528254000,39.0,,7.61,
9.05,,0.91,6.194,,7.48,,6.31,0.77,1528257600,42.0,,7.65,
10.0,,0.86,6.216,,7.96,,9.13,0.95,1528261200,52.0,,7.8,
9.88,,0.86,6.061,,7.87,,8.87,0.89,1528264800,50.0,,7.57,
10.27,,0.81,5.906,,10.27,,8.71,0.92,1528268400,54.0,,7.07,
11.43,,0.79,6.061,,11.43,,9.15,0.71,1528272000,8.0,,7.85,
13.2,,0.7,6.216,,13.2,,8.01,0.6,1528275600,25.0,,7.92,
15.07,,0.63,6.216,,15.07,,8.33,0.62,1528279200,54.0,,8.1,
16.96,,0.6,6.216,,16.96,,7.8,0.64,1528282800,33.0,,9.07,
18.81,,0.53,6.216,,18.81,,8.11,,1528286400,39.0,,8.94,
20.01,,0.5,6.216,,20.01,,8.17,,1528290000,39.0,,9.34,
20.98,,0.47,6.216,,20.98,,10.96,,1528293600,51.0,,9.38,
21.86,,0.48,6.216,,21.86,,8.47,,1528297200,42.0,,10.26,
22.37,,0.49,6.216,,22.37,,10.12,,1528300800,73.0,,11.28,
21.68,,0.55,6.216,,21.68,,11.06,,1528304400,87.0,,12.33,
20.6,,0.59,6.216,,20.6,,10.77,0.44,1528308000,81.0,,12.29,
19.18,,0.64,6.216,,19.18,,9.91,,1528311600,64.0,,12.3,
18.0,,0.67,6.216,,18.0,,7.63,,1528315200,41.0,,11.73,
16.81,,0.74,6.216,,16.81,,9.95,,1528318800,63.0,,12.15,
15.47,,0.81,6.216,,15.47,,9.1,0.75,1528322400,67.0,,12.17,
15.59,,0.79,6.216,,15.59,,8.4,0.42,1528326000,50.0,,11.92,
14.63,,0.77,6.216,,14.63,,9.9,0.65,1528329600,56.0,,10.72,
13.85,,0.77,6.216,,13.85,,8.81,0.65,1528333200,56.0,,9.85,
13.46,,0.78,6.216,,13.46,,6.38,0.45,1528336800,49.0,,9.65,
12.89,,0.81,6.216,,12.89,,7.25,0.54,1528340400,62.0,,9.65,
12.85,,0.81,5.45,,12.85,,7.57,0.63,1528344000,41.0,,9.61,
12.93,,0.81,6.216,,12.93,,6.97,0.54,1528347600,29.0,,9.79,
13.02,,0.8,6.216,,13.02,,6.61,0.77,1528351200,27.0,,9.72,
13.85,,0.78,6.216,,13.85,,8.04,0.91,1528354800,32.0,,9.99,
14.53,,0.75,6.216,,14.53,,8.2,0.92,1528358400,48.0,,10.07,
15.57,,0.73,6.216,,15.57,,7.67,0.91,1528362000,22.0,,10.72,
16.89,,0.69,6.216,,16.89,,7.41,0.83,1528365600,39.0,,11.19,
18.26,,0.67,,,18.26,,8.41,,1528369200,59.0,,12.06,
19.19,,0.66,6.216,,19.19,,7.83,0.75,1528372800,69.0,,12.7,
20.21,,0.63,6.136,,20.21,,9.1,0.75,1528376400,80.0,,12.94,
20.34,,0.66,6.111,,20.34,,7.2,0.92,1528380000,77.0,,13.82,
20.37,,0.66,6.111,,20.37,,7.22,0.92,1528383600,87.0,,13.9,
20.61,,0.68,6.138,,20.61,,6.81,0.88,1528387200,87.0,,14.42,
20.74,,0.68,6.138,,20.74,,7.47,0.88,1528390800,82.0,,14.54,
19.78,,0.72,6.138,,19.78,,8.3,0.92,1528394400,83.0,,14.6,
19.04,,0.71,6.138,,19.04,,9.69,0.88,1528398000,74.0,,13.76,
17.91,,0.75,6.216,,17.91,,9.15,0.96,1528401600,71.0,,13.41,
17.03,,0.74,6.216,,17.03,,9.23,0.92,1528405200,71.0,,12.45,
16.21,,0.76,6.216,,16.21,,7.79,0.92,1528408800,83.0,,11.91,
16.15,,0.78,6.216,,16.15,,8.11,0.95,1528412400,77.0,,12.27,
15.85,,0.78,6.216,,15.85,,7.46,0.74,1528416000,78.0,,12.11,
14.93,,0.81,6.185,,14.93,,6.15,0.81,1528419600,63.0,,11.67,
14.7,,0.81,6.216,,14.7,,5.94,0.97,1528423200,54.0,,11.44,
14.75,,0.78,6.216,,14.75,,6.03,0.99,1528426800,48.0,,10.93,
13.97,,0.75,6.155,,13.97,,7.64,0.95,1528430400,52.0,,9.68,
13.88,,0.74,6.133,,13.88,,7.18,0.94,1528434000,48.0,,9.37,
13.78,,0.75,6.216,,13.78,,7.8,0.91,1528437600,57.0,,9.35,
14.01,,0.73,6.216,,14.01,,6.67,0.95,1528441200,45.0,,9.18,
14.85,,0.72,6.216,,14.85,,6.08,0.92,1528444800,53.0,,9.83,
17.07,,0.64,6.216,,17.07,,6.82,0.8,1528448400,33.0,,10.1,
17.63,,0.62,6.216,,17.63,,6.8,0.84,1528452000,27.0,,10.36,
18.79,,0.61,6.216,,18.79,,6.41,0.49,1528455600,32.0,,11.16,
19.96,,0.59,6.216,,19.96,,7.04,0.61,1528459200,50.0,,11.82,
20.46,,0.57,6.216,,20.46,,7.69,0.52,1528462800,50.0,,11.7,
21.02,,0.56,6.216,,21.02,,6.35,0.6,1528466400,16.0,,11.89,
21.76,,0.54,6.216,,21.76,,7.41,0.64,1528470000,18.0,,12.06,
21.9,,0.54,6.216,,21.9,,6.57,0.46,1528473600,39.0,,12.06,
21.13,,0.57,6.216,,21.13,,7.83,0.62,1528477200,46.0,,12.18,
20.87,,0.6,6.216,,20.87,,8.83,0.66,1528480800,51.0,,12.87,
19.22,,0.68,6.216,,19.22,,11.27,0.82,1528484400,79.0,,13.19,
17.09,,0.76,6.216,,17.09,,9.59,0.7,1528488000,77.0,,12.78,
16.06,,0.77,6.216,,16.06,,9.9,0.79,1528491600,74.0,,11.97,
15.4,,0.81,6.216,,15.4,,9.22,0.95,1528495200,72.0,,12.24,
14.74,,0.84,6.216,,14.74,,8.26,0.68,1528498800,76.0,,12.13,
14.95,,0.83,6.216,,14.95,,7.59,0.81,1528502400,55.0,,12.04,
15.12,,0.82,6.216,,15.12,,5.68,0.96,1528506000,61.0,,12.04,
14.6,,0.78,6.185,,14.6,,4.99,0.99,1528509600,34.0,,10.89,
13.92,,0.82,6.094,,13.92,,5.05,0.97,1528513200,42.0,,10.93,
13.81,,0.82,6.147,,13.81,,5.93,0.99,1528516800,43.0,,10.8,
12.8,,0.88,6.216,,12.8,,6.59,0.91,1528520400,30.0,,10.8,
13.53,,0.82,6.216,,13.53,,7.19,0.91,1528524000,55.0,,10.6,
13.54,,0.83,6.216,,13.54,,6.89,0.93,1528527600,52.0,,10.65,
13.79,,0.79,6.216,,13.79,,7.75,0.96,1528531200,56.0,,10.16,
14.74,,0.74,6.216,,14.74,,6.5,0.9,1528534800,34.0,,10.06,
15.83,,0.7,6.216,,15.83,,6.5,0.62,1528538400,16.0,,10.37,
17.97,,0.64,6.216,,17.97,,6.54,0.44,1528542000,72.0,,11.1,
19.43,,0.62,6.216,,19.43,,7.16,0.48,1528545600,86.0,,11.93,
20.59,,0.6,6.216,,20.59,,7.29,0.5,1528549200,83.0,,12.5,
20.71,,0.61,6.216,,20.71,,6.5,0.56,1528552800,95.0,,12.93,
21.37,,0.61,6.216,,21.37,,7.57,0.67,1528556400,77.0,,13.55,
20.76,,0.64,6.216,,20.76,,9.17,0.42,1528560000,87.0,,13.62,
20.04,,0.67,6.216,,20.04,,9.71,0.47,1528563600,74.0,,13.73,
18.91,,0.73,6.138,,18.91,,10.17,0.51,1528567200,77.0,,14.01,
18.35,,0.74,6.138,,18.35,,9.11,0.5,1528570800,73.0,,13.66,
16.99,,0.79,6.138,,16.99,,10.91,0.51,1528574400,85.0,,13.35,
16.29,,0.82,6.081,,16.29,,10.46,0.4,1528578000,84.0,,13.17,
16.24,,0.82,6.194,,16.24,,9.77,0.71,1528581600,88.0,,13.15,
15.88,,0.83,6.138,,15.88,,8.06,1.0,1528585200,90.0,,13.0,
15.83,,0.82,6.026,,15.83,,6.61,1.0,1528588800,76.0,,12.83,
14.91,,0.85,5.96,,14.91,,5.86,0.56,1528592400,72.0,,12.44,
14.88,,0.88,5.919,,14.88,,6.05,0.61,1528596000,66.0,,12.93,
14.83,,0.88,5.806,,14.83,,7.59,0.69,1528599600,65.0,,12.78,
14.8,,0.89,5.441,,14.8,,6.82,0.99,1528603200,49.0,,12.93,
14.8,,0.88,5.037,,14.8,,7.78,0.99,1528606800,57.0,,12.89,
14.8,,0.85,5.784,,14.8,,7.13,0.99,1528610400,59.0,,12.29,
14.42,,0.85,6.189,,14.42,,7.0,0.96,1528614000,56.0,,11.97,
14.94,,0.8,6.216,,14.94,,5.93,0.96,1528617600,48.0,,11.48,
16.07,,0.74,6.216,,16.07,,7.3,0.74,1528621200,40.0,,11.48,
18.06,,0.68,6.216,,18.06,,6.92,0.63,1528624800,68.0,,12.14,
18.97,,0.68,6.216,,18.97,,8.21,0.33,1528628400,80.0,,12.96,
20.08,,0.65,6.216,,20.08,,8.59,0.55,1528632000,79.0,,13.27,
21.45,,0.61,6.216,,21.45,,9.01,0.53,1528635600,84.0,,13.7,
21.72,,0.61,6.216,,21.72,,9.63,0.43,1528639200,79.0,,13.9,
21.76,,0.61,6.216,,21.76,,11.11,0.44,1528642800,74.0,,13.81,
21.26,,0.64,6.216,,21.26,,11.61,0.6,1528646400,71.0,,14.06,
20.55,,0.66,6.216,,20.55,,10.85,0.54,1528650000,83.0,,13.89,
19.82,,0.68,6.216,,19.82,,10.03,0.5,1528653600,82.0,,13.81,
19.31,,0.7,6.216,,19.31,,9.84,0.51,1528657200,82.0,,13.69,
17.47,,0.78,6.216,,17.47,,9.62,0.5,1528660800,85.0,,13.62,
16.4,,0.81,6.216,,16.4,,9.18,0.2,1528664400,104.0,,13.12,
15.51,,0.81,6.216,,15.51,,10.82,0.19,1528668000,87.0,,12.32,
14.25,,0.87,6.087,,14.25,,8.85,,1528671600,87.0,,12.1,
13.76,,0.87,6.138,,13.76,,8.47,,1528675200,72.0,,11.67,
13.55,,0.87,6.087,,13.55,,7.81,0.25,1528678800,64.0,,11.49,
12.73,,0.87,6.022,,12.73,,7.15,0.19,1528682400,66.0,,10.67,
12.52,,0.84,5.971,,12.52,,6.15,0.44,1528686000,57.0,,9.89,
11.81,,0.88,6.048,,11.81,,5.4,0.75,1528689600,27.0,,9.93,
12.07,,0.87,5.996,,12.07,,5.73,0.31,1528693200,49.0,,9.97,
12.95,,0.86,5.656,,12.95,,6.22,0.45,1528696800,58.0,,10.65,
14.01,,0.84,5.751,,14.01,,8.82,0.8,1528700400,69.0,,11.41,
15.32,,0.79,5.983,,15.32,,8.25,0.63,1528704000,60.0,,11.72,
16.74,,0.72,6.061,,16.74,,9.28,0.7,1528707600,65.0,,11.7,
18.3,,0.66,6.216,,18.3,,9.34,0.48,1528711200,75.0,,11.96,
20.75,,0.55,6.216,,20.75,,10.16,0.19,1528714800,73.0,,11.46,
21.92,,0.49,6.216,,21.92,,12.23,0.19,1528718400,79.0,,10.67,
22.43,,0.44,6.216,,22.43,,11.69,0.19,1528722000,76.0,,9.52,
23.19,,0.39,6.216,,23.19,,11.88,,1528725600,68.0,,8.3,
23.9,,0.36,6.216,,23.9,,13.4,,1528729200,76.0,,7.83,
23.49,,0.4,6.216,,23.49,,12.1,0.19,1528732800,71.0,,9.07,
23.21,,0.42,6.216,,23.21,,12.42,,1528736400,80.0,,9.65,
21.8,,0.46,6.216,,21.8,,13.57,0.19,1528740000,96.0,,9.79,
20.07,,0.54,6.216,,20.07,,10.93,0.19,1528743600,97.0,,10.53,
18.68,,0.55,6.216,,18.68,,9.26,,1528747200,87.0,,9.51,
17.31,,0.62,6.216,,17.31,,9.18,,1528750800,89.0,,9.96,
16.54,,0.67,6.216,,16.54,,6.91,,1528754400,66.0,,10.28,
15.84,,0.73,6.216,,15.84,,7.68,,1528758000,79.0,,10.97,
14.89,,0.78,6.216,,14.89,,7.12,,1528761600,72.0,,11.06,
14.11,,0.82,6.216,,14.11,,6.43,,1528765200,49.0,,11.11,
13.74,,0.84,6.088,,13.74,,6.42,1.0,1528768800,57.0,,11.11,
12.84,,0.86,6.025,,12.84,,5.34,0.76,1528772400,58.0,,10.6,
12.72,,0.87,6.017,,12.72,,6.67,1.0,1528776000,60.0,,10.61,
12.32,,0.87,5.607,,12.32,,8.1,1.0,1528779600,60.0,,10.24,
12.3,,0.9,5.54,,12.3,,8.34,0.91,1528783200,61.0,,10.68,
12.24,,0.89,5.609,,12.24,,9.29,0.85,1528786800,36.0,,10.53,
13.76,,0.81,5.597,,13.76,,8.25,0.84,1528790400,44.0,,10.53,
14.39,,0.79,5.829,,14.39,,8.23,0.89,1528794000,49.0,,10.72,
15.17,,0.78,5.983,,15.17,,9.59,0.92,1528797600,35.0,,11.37,
15.98,,0.72,6.025,,15.98,,7.5,0.92,1528801200,48.0,,10.95,
16.07,,0.73,6.216,,16.07,,8.01,0.91,1528804800,41.0,,11.26,
15.94,,0.78,6.216,,15.94,,8.7,0.92,1528808400,42.0,,12.11,
16.94,,0.71,6.216,,16.94,,7.55,0.92,1528812000,31.0,,11.74,
17.06,,0.71,6.216,,17.06,,7.87,0.73,1528815600,44.0,,11.76,
17.56,,0.61,6.216,,17.56,,8.8,0.71,1528819200,35.0,,10.07,
18.02,,0.58,6.216,,18.02,,7.84,0.4,1528822800,19.0,,9.62,
17.65,,0.58,6.216,,17.65,,9.78,0.68,1528826400,17.0,,9.34,
16.82,,0.59,6.216,,16.82,,9.47,0.76,1528830000,9.0,,8.71,
15.75,,0.6,6.216,,15.75,,7.85,0.22,1528833600,27.0,,8.09,
14.5,,0.65,6.216,,14.5,,7.3,0.26,1528837200,35.0,,8.02,
13.55,,0.66,6.216,,13.55,,6.19,0.19,1528840800,30.0,,7.35,
13.19,,0.7,6.216,,13.19,,3.65,0.75,1528844400,6.0,,7.93,
11.96,,0.76,6.216,,11.96,,2.93,0.7,1528848000,352.0,,7.91,
11.11,,0.8,6.216,,11.11,,3.75,0.19,1528851600,345.0,,7.71,
10.56,,0.82,6.194,,10.56,,2.8,,1528855200,333.0,,7.52,
10.69,,0.82,6.216,,10.69,,3.23,0.75,1528858800,310.0,,7.75,
9.95,,0.89,6.216,,9.95,,1.88,0.75,1528862400,343.0,,8.16,
10.89,,0.85,6.216,,10.89,,3.56,0.49,1528866000,343.0,,8.55,
12.33,,0.8,6.216,,12.33,,1.49,0.6,1528869600,273.0,,8.96,
13.78,,0.72,6.216,,13.78,,4.86,0.44,1528873200,201.0,,8.91,
15.85,,0.6,6.216,,15.85,,4.33,,1528876800,204.0,,8.03,
17.75,,0.55,6.216,,17.75,,5.52,,1528880400,226.0,,8.47,
19.01,,0.51,6.216,,19.01,,6.41,0.23,1528884000,234.0,,8.67,
20.77,,0.47,6.216,,20.77,,7.05,0.44,1528887600,232.0,,8.99,
20.72,,0.46,6.216,,20.72,,7.11,0.47,1528891200,223.0,,8.59,
20.96,,0.46,6.216,,20.96,,8.87,0.57,1528894800,228.0,,8.76,
21.66,,0.46,6.216,,21.66,,9.78,0.51,1528898400,227.0,,9.68,
21.43,,0.48,6.216,,21.43,,11.83,0.62,1528902000,234.0,,9.85,
20.87,,0.5,6.216,,20.87,,13.95,0.45,1528905600,217.0,,9.99,
20.49,,0.49,6.216,,20.49,,15.39,0.83,1528909200,220.0,,9.56,
19.23,,0.53,6.216,,19.23,,13.79,0.75,1528912800,221.0,,9.31,
18.36,,0.53,6.216,,18.36,,12.49,0.74,1528916400,219.0,,8.64,
17.32,,0.56,6.216,,17.32,,11.64,,1528920000,210.0,,8.41,
16.45,,0.63,6.216,,16.45,,11.53,,1528923600,205.0,,9.48,
15.68,,0.7,6.216,,15.68,,11.46,0.44,1528927200,215.0,,10.2,
15.55,,0.75,6.216,,15.55,,11.05,0.44,1528930800,207.0,,11.18,
15.38,,0.77,6.216,,15.38,,10.51,0.75,1528934400,211.0,,11.4,
14.74,,0.83,6.134,,14.74,,10.53,0.81,1528938000,207.0,,11.96,
14.74,,0.84,6.19,,14.74,,12.25,0.6,1528941600,209.0,,12.0,
14.74,,0.83,6.216,,14.74,,11.33,0.48,1528945200,215.0,,11.96,
14.91,,0.8,6.216,,14.91,,12.87,0.36,1528948800,220.0,,11.56,
14.95,,0.8,6.216,,14.95,,14.27,0.59,1528952400,217.0,,11.6,
15.53,,0.75,6.216,,15.53,,16.19,0.76,1528956000,215.0,,11.16,
15.69,,0.79,6.216,,15.69,,17.27,0.76,1528959600,219.0,,12.0,
15.53,,0.81,5.065,,15.53,,16.75,0.95,1528963200,216.0,,12.35,
16.18,,0.81,6.216,,16.18,,15.74,0.96,1528966800,217.0,,12.88,
15.91,,0.88,5.368,,15.91,,15.15,0.96,1528970400,220.0,,13.97,
17.61,,0.79,6.189,,17.61,,16.38,0.92,1528974000,227.0,,14.01,
19.17,,0.7,6.216,,19.17,,16.88,0.83,1528977600,239.0,,13.63,
21.57,,0.56,6.216,,21.57,,15.61,0.7,1528981200,256.0,,12.45,
22.5,,0.44,6.216,,22.5,,15.6,0.46,1528984800,262.0,,9.8,
23.0,,0.43,6.216,,23.0,,14.1,0.57,1528988400,270.0,,9.82,
22.53,,0.44,6.216,,22.53,,13.74,0.36,1528992000,280.0,,9.82,
22.42,,0.42,6.216,,22.42,,12.9,0.26,1528995600,285.0,,8.98,
21.5,,0.45,6.216,,21.5,,10.53,0.75,1528999200,294.0,,8.98,
21.27,,0.44,6.216,,21.27,,8.9,0.44,1529002800,310.0,,8.46,
19.95,,0.49,6.216,,19.95,,7.91,0.19,1529006400,302.0,,8.87,
18.48,,0.54,6.216,,18.48,,4.97,0.22,1529010000,291.0,,8.91,
17.63,,0.59,6.216,,17.63,,,0.37,1529013600,,,9.55,
17.27,,0.6,6.216,,17.27,,6.93,,1529017200,294.0,,9.52,
16.3,,0.66,6.216,,16.3,,7.4,0.41,1529020800,290.0,,9.95,
15.35,,0.7,6.216,,15.35,,4.1,0.67,1529024400,292.0,,9.8,
14.54,,0.73,6.216,,14.54,,3.36,0.72,1529028000,294.0,,9.77,
14.27,,0.72,6.216,,14.27,,4.14,0.72,1529031600,290.0,,9.25,
13.58,,0.72,6.216,,13.58,,3.92,0.67,1529038800,296.0,,8.73,
14.74,,0.68,6.216,,14.74,,3.2,0.45,1529042400,291.0,,8.89,
15.9,,0.63,6.216,,15.9,,5.41,0.41,1529046000,326.0,,8.87,
17.8,,0.54,6.216,,17.8,,4.3,0.43,1529049600,293.0,,8.5,
19.18,,0.49,6.216,,19.18,,5.12,0.45,1529053200,263.0,,8.24,
19.84,,0.47,6.216,,19.84,,5.04,0.41,1529056800,260.0,,8.36,
20.82,,0.44,6.216,,20.82,,6.82,0.43,1529060400,266.0,,8.24,
21.63,,0.41,6.216,,21.63,,8.69,0.51,1529064000,237.0,,7.71,
21.71,,0.4,6.216,,21.71,,7.87,0.65,1529067600,246.0,,7.62,
22.34,,0.38,6.216,,22.34,,8.94,0.19,1529071200,275.0,,7.42,
22.32,,0.38,6.216,,22.32,,11.58,0.45,1529074800,242.0,,7.48,
21.91,,0.39,6.216,,21.91,,11.84,0.19,1529078400,253.0,,7.4,
21.35,,0.42,6.216,,21.35,,10.07,0.19,1529082000,268.0,,7.85,
20.49,,0.43,6.216,,20.49,,10.07,0.19,1529085600,272.0,,7.45,
19.98,,0.46,6.216,,19.98,,8.39,0.19,1529089200,273.0,,8.0,
18.85,,0.49,6.216,,18.85,,10.54,,1529092800,288.0,,8.03,
17.79,,0.53,6.216,,17.79,,8.37,0.75,1529096400,279.0,,8.07,
17.31,,0.53,6.216,,17.31,,8.74,0.75,1529100000,292.0,,7.65,
16.68,,0.55,6.216,,16.68,,8.28,0.75,1529103600,290.0,,7.52,
16.6,,0.55,6.216,,16.6,,7.33,0.73,1529107200,292.0,,7.41,
15.72,,0.57,6.216,,15.72,,5.84,0.82,1529110800,290.0,,7.32,
15.53,,0.59,6.216,,15.53,,5.49,0.63,1529114400,290.0,,7.49,
15.55,,0.59,6.216,,15.55,,4.89,0.3,1529118000,290.0,,7.67,
14.96,,0.65,6.216,,14.96,,5.65,0.85,1529121600,216.0,,8.33,
15.08,,0.65,6.216,,15.08,,4.97,0.79,1529125200,240.0,,8.55,
15.12,,0.67,6.216,,15.12,,7.18,0.36,1529128800,229.0,,9.11,
15.46,,0.68,6.216,,15.46,,7.06,0.64,1529132400,231.0,,9.5,
16.46,,0.68,6.216,,16.46,,10.29,0.65,1529136000,238.0,,10.48,
17.23,,0.63,6.216,,17.23,,10.54,0.6,1529139600,239.0,,10.18,
17.97,,0.55,6.216,,17.97,,12.88,0.7,1529143200,241.0,,8.89,
18.92,,0.51,6.216,,18.92,,13.26,0.7,1529146800,226.0,,8.7,
18.99,,0.53,6.216,,18.99,,13.97,0.71,1529150400,223.0,,9.25,
19.4,,0.52,6.216,,19.4,,14.53,0.79,1529154000,229.0,,9.35,
19.13,,0.54,6.216,,19.13,,16.44,0.76,1529157600,229.0,,9.71,
18.99,,0.6,6.216,,18.99,,16.3,0.77,1529161200,227.0,,11.16,
18.21,,0.64,6.216,,18.21,,16.82,0.72,1529164800,225.0,,11.37,
17.58,,0.7,6.216,,17.58,,13.97,0.77,1529168400,212.0,,12.0,
17.75,,0.69,6.216,,17.75,,13.13,0.83,1529172000,217.0,,12.0,
17.36,,0.71,6.216,,17.36,,14.48,0.66,1529175600,219.0,,12.04,
16.85,,0.68,6.216,,16.85,,15.37,0.71,1529179200,239.0,,10.99,
15.98,,0.64,6.216,,15.98,,16.16,0.67,1529182800,246.0,,9.06,
14.51,,0.65,6.216,,14.51,,14.14,0.43,1529190000,250.0,,8.09,
14.2,,0.68,6.216,,14.2,,13.03,0.72,1529193600,250.0,,8.27,
14.0,,0.71,6.216,,14.0,,9.46,0.21,1529197200,249.0,,8.83,
14.09,,0.71,6.216,,14.09,,11.2,0.65,1529200800,250.0,,9.0,
14.23,,0.72,6.216,,14.23,,11.35,,1529204400,241.0,,9.19,
13.53,,0.75,6.216,,13.53,,9.95,1.0,1529208000,235.0,,9.19,
13.75,,0.74,6.216,,13.75,,10.76,,1529211600,241.0,,9.22,
14.34,,0.72,6.216,,14.34,,11.43,0.95,1529215200,241.0,,9.44,
13.57,,0.84,6.216,,13.57,,10.22,0.37,1529218800,247.0,,10.87,
14.5,,0.83,6.216,,14.5,,10.97,0.49,1529222400,242.0,,11.68,
15.85,,0.73,6.216,,15.85,,13.08,0.66,1529226000,247.0,,11.06,
17.46,,0.62,6.216,,17.46,,12.25,0.66,1529229600,243.0,,10.19,
18.5,,0.57,6.216,,18.5,,13.08,0.66,1529233200,249.0,,9.84,
18.98,,0.53,6.216,,18.98,,15.0,0.68,1529236800,249.0,,9.12,
18.49,,0.56,6.216,,18.49,,14.71,0.88,1529240400,231.0,,9.68,
17.72,,0.62,6.216,,17.72,,15.12,0.88,1529244000,226.0,,10.29,
18.06,,0.63,6.216,,18.06,,13.83,0.76,1529247600,229.0,,10.99,
17.98,,0.64,6.216,,17.98,,14.53,0.92,1529251200,227.0,,11.04,
17.32,,0.67,6.216,,17.32,,15.77,0.84,1529254800,225.0,,11.2,
16.43,,0.76,6.163,,16.43,,13.98,0.96,1529258400,212.0,,12.17,
15.83,,0.83,5.93,,15.83,,12.71,0.96,1529262000,221.0,,12.98,
15.69,,0.84,5.555,,15.69,,12.04,0.96,1529265600,218.0,,13.05,
15.57,,0.88,5.597,,15.57,,10.56,0.96,1529269200,216.0,,13.66,
15.78,,0.89,5.974,,15.78,,9.76,1.0,1529272800,219.0,,13.97,
15.59,,0.91,5.691,,15.59,,7.73,1.0,1529276400,212.0,,14.05,
15.78,,0.93,5.601,,15.84,,8.16,1.0,1529280000,220.0,,14.61,
15.95,,0.94,5.644,,16.05,,9.47,1.0,1529283600,227.0,,14.92,
16.51,,0.9,4.597,,16.58,,9.04,0.92,1529287200,232.0,,14.92,
15.91,,0.94,3.884,,16.01,,10.01,0.92,1529290800,228.0,,14.92,
16.15,,0.88,5.003,,16.15,,11.13,0.95,1529294400,249.0,,14.24,
15.59,,0.84,6.216,,15.59,,12.34,0.97,1529298000,264.0,,12.89,
16.05,,0.81,6.216,,16.05,,11.13,0.8,1529301600,250.0,,12.86,
16.57,,0.76,6.216,,16.57,,14.09,0.73,1529305200,247.0,,12.33,
17.26,,0.72,6.216,,17.26,,16.51,0.8,1529308800,253.0,,12.08,
17.42,,0.69,6.216,,17.42,,15.15,0.87,1529312400,254.0,,11.74,
18.63,,0.63,6.216,,18.63,,16.34,0.71,1529316000,258.0,,11.39,
20.11,,0.57,6.216,,20.11,,14.89,0.63,1529319600,254.0,,11.23,
22.0,,0.5,6.216,,22.0,,13.76,0.24,1529323200,251.0,,11.23,
23.8,,0.43,6.216,,23.8,,13.48,0.19,1529326800,248.0,,10.44,
24.76,,0.43,6.216,,24.76,,15.01,0.21,1529330400,245.0,,11.36,
25.07,,0.46,6.216,,25.07,,16.97,0.44,1529334000,267.0,,12.55,
24.94,,0.49,6.216,,24.94,,17.09,0.44,1529337600,258.0,,13.36,
23.78,,0.54,6.216,,23.78,,16.98,0.48,1529341200,251.0,,14.0,
22.94,,0.57,6.216,,22.94,,15.8,0.7,1529344800,239.0,,14.0,
21.2,,0.64,6.216,,21.2,,16.11,0.58,1529348400,234.0,,14.07,
20.23,,0.68,6.216,,20.23,,14.15,0.75,1529352000,234.0,,14.11,
19.23,,0.76,6.216,,19.23,,14.86,0.76,1529355600,242.0,,14.87,
18.43,,0.8,6.216,,18.43,,12.35,0.8,1529359200,235.0,,14.87,
18.69,,0.79,6.216,,18.69,,13.5,0.75,1529362800,248.0,,15.05,
18.65,,0.82,6.138,,18.73,,14.54,0.95,1529366400,252.0,,15.61,
18.47,,0.8,6.216,,18.47,,16.92,0.95,1529370000,254.0,,15.01,
18.47,,0.8,6.216,,18.47,,12.63,0.95,1529373600,255.0,,14.97,
18.47,,0.8,6.216,,18.47,,11.83,0.99,1529377200,255.0,,14.97,
18.3,,0.8,6.216,,18.3,,12.3,0.99,1529380800,271.0,,14.8,
18.16,,0.76,6.216,,18.16,,11.12,0.99,1529384400,264.0,,13.93,
18.46,,0.75,6.216,,18.46,,11.99,0.85,1529388000,274.0,,13.93,
18.57,,0.76,6.216,,18.57,,11.21,0.88,1529391600,263.0,,14.17,
19.62,,0.7,6.216,,19.62,,9.43,0.88,1529395200,262.0,,14.04,
20.71,,0.67,6.216,,20.71,,9.05,0.87,1529398800,256.0,,14.36,
21.45,,0.63,6.216,,21.45,,9.68,0.64,1529402400,251.0,,14.21,
22.2,,0.61,6.216,,22.2,,10.78,0.76,1529406000,253.0,,14.28,
22.71,,0.61,6.216,,22.71,,10.19,0.75,1529409600,239.0,,14.76,
23.54,,0.57,6.216,,23.54,,10.32,0.79,1529413200,241.0,,14.55,
24.23,,0.58,6.216,,24.23,,11.7,0.76,1529416800,246.0,,15.36,
24.04,,0.58,6.216,,24.04,,10.96,0.7,1529420400,236.0,,15.28,
24.32,,0.6,6.216,,24.38,,12.23,0.84,1529424000,233.0,,16.12,
24.23,,0.6,,,24.29,,,,1529427600,,,16.04,
23.32,,0.63,6.216,,23.36,,13.41,0.62,1529431200,233.0,,16.0,
22.39,,0.67,6.216,,22.44,,12.18,0.62,1529434800,231.0,,16.0,
21.36,,0.71,6.216,,21.4,,10.8,0.46,1529438400,227.0,,15.88,
19.26,,0.79,6.216,,19.3,,7.38,0.75,1529445600,219.0,,15.52,
18.18,,0.82,6.216,,18.19,,6.32,0.32,1529449200,223.0,,15.03,
17.15,,0.87,6.216,,17.19,,7.88,0.44,1529452800,226.0,,14.95,
16.8,,0.87,6.125,,16.8,,5.03,0.49,1529456400,219.0,,14.56,
16.2,,0.91,5.983,,16.24,,5.64,0.58,1529460000,226.0,,14.65,
15.68,,0.94,5.117,,15.74,,6.66,0.78,1529463600,221.0,,14.65,
15.64,,0.94,4.156,,15.7,,8.33,0.93,1529467200,209.0,,14.64,
15.67,,0.96,4.23,,15.79,,9.79,0.99,1529470800,221.0,,14.96,
16.2,,0.92,4.266,,16.28,,10.26,0.99,1529474400,224.0,,14.87,
16.9,,0.88,5.252,,16.94,,11.09,0.96,1529478000,225.0,,14.87,
16.72,,0.85,6.216,,16.72,,12.8,0.96,1529481600,229.0,,14.22,
17.72,,0.81,6.216,,17.72,,11.76,0.92,1529485200,230.0,,14.34,
19.27,,0.73,6.216,,19.27,,12.92,0.92,1529488800,234.0,,14.38,
20.55,,0.68,6.216,,20.55,,12.46,0.79,1529492400,240.0,,14.55,
21.83,,0.67,6.216,,21.83,,11.74,0.75,1529496000,232.0,,15.51,
22.94,,0.63,6.216,,22.94,,14.13,0.76,1529499600,232.0,,15.51,
23.64,,0.6,6.216,,23.64,,14.82,0.75,1529503200,238.0,,15.51,
24.45,,0.57,6.216,,24.45,,12.76,0.71,1529506800,243.0,,15.35,
24.62,,0.57,6.216,,24.62,,12.76,0.71,1529510400,241.0,,15.55,
24.13,,0.58,6.216,,24.13,,12.86,0.66,1529514000,259.0,,15.37,
23.18,,0.62,6.216,,23.18,,14.52,0.51,1529517600,274.0,,15.61,
21.38,,0.69,6.216,,21.38,,13.62,0.56,1529521200,275.0,,15.44,
20.26,,0.72,6.216,,20.26,,13.78,0.59,1529524800,273.0,,14.95,
19.15,,0.71,6.216,,19.15,,12.84,0.34,1529528400,288.0,,13.87,
18.51,,0.7,6.216,,18.51,,13.04,0.68,1529532000,297.0,,13.01,
16.36,,0.6,6.216,,16.36,,12.31,0.75,1529535600,317.0,,8.5,
15.36,,0.59,6.216,,15.36,,11.86,0.79,1529539200,310.0,,7.4,
14.4,,0.54,6.216,,14.4,,11.76,0.85,1529542800,310.0,,5.19,
13.36,,0.6,6.216,,13.36,,12.53,0.49,1529546400,310.0,,5.78,
12.22,,0.65,6.216,,12.22,,11.14,0.19,1529550000,305.0,,5.83,
12.0,,0.67,6.216,,12.0,,12.54,,1529553600,302.0,,6.0,
12.17,,0.69,6.216,,12.17,,11.55,,1529557200,303.0,,6.56,
12.69,,0.67,6.216,,12.69,,13.59,0.49,1529560800,309.0,,6.64,
13.5,,0.59,6.216,,13.5,,13.71,0.36,1529564400,314.0,,5.6,
13.88,,0.53,6.216,,13.88,,14.23,0.4,1529568000,314.0,,4.57,
15.14,,0.48,6.216,,15.14,,14.94,0.23,1529571600,314.0,,4.05,
17.08,,0.41,6.216,,17.08,,12.49,0.32,1529578800,343.0,,3.62,
17.88,,0.38,6.216,,17.88,,13.2,0.39,1529582400,312.0,,3.2,
18.48,,0.36,6.216,,18.48,,12.89,,1529586000,335.0,,3.01,
18.41,,0.36,6.216,,18.41,,11.21,,1529589600,340.0,,2.89,
19.09,,0.32,6.216,,19.09,,10.49,,1529593200,350.0,,2.07,
19.13,,0.33,6.216,,19.13,,8.79,,1529596800,348.0,,2.56,
19.11,,0.32,6.216,,19.11,,9.67,,1529600400,343.0,,1.99,
18.98,,0.33,6.216,,18.98,,8.7,,1529604000,344.0,,2.52,
18.67,,0.34,6.216,,18.67,,8.4,,1529607600,350.0,,2.68,
17.29,,0.41,6.216,,17.29,,6.81,,1529611200,345.0,,3.97,
16.0,,0.45,6.216,,16.0,,4.59,,1529614800,341.0,,4.0,
15.2,,0.5,6.216,,15.2,,6.1,,1529618400,309.0,,4.86,
14.63,,0.52,6.216,,14.63,,8.44,,1529622000,322.0,,5.01,
13.73,,0.56,6.216,,13.73,,8.83,,1529625600,310.0,,5.03,
12.73,,0.62,6.216,,12.73,,8.1,,1529629200,306.0,,5.59,
11.87,,0.66,6.216,,11.87,,5.49,,1529632800,279.0,,5.78,
11.63,,0.71,6.216,,11.63,,6.39,,1529636400,305.0,,6.51,
10.67,,0.73,6.216,,10.67,,5.65,,1529640000,292.0,,5.95,
10.92,,0.76,6.216,,10.92,,6.09,,1529643600,289.0,,6.87,
12.18,,0.71,6.216,,12.18,,6.09,,1529647200,302.0,,6.99,
13.53,,0.65,6.216,,13.53,,6.78,,1529650800,341.0,,7.17,
15.01,,0.59,6.216,,15.01,,7.01,0.19,1529654400,355.0,,7.02,
16.48,,0.53,6.216,,16.48,,7.73,0.19,1529658000,353.0,,7.01,
18.98,,0.44,6.216,,18.98,,8.22,0.19,1529665200,6.0,,6.47,
19.33,,0.41,6.216,,19.33,,9.07,0.19,1529668800,355.0,,5.82,
20.22,,0.39,6.216,,20.22,,8.81,0.19,1529672400,342.0,,5.75,
21.06,,0.35,6.216,,21.06,,7.29,,1529676000,10.0,,5.17,
21.21,,0.35,6.216,,21.21,,9.03,,1529679600,347.0,,5.1,
21.87,,0.32,6.216,,21.87,,7.41,,1529686800,29.0,,4.62,
21.15,,0.31,6.216,,21.15,,8.52,,1529690400,25.0,,3.46,
19.65,,0.44,6.216,,19.65,,11.14,,1529694000,86.0,,6.9,
17.73,,0.53,,,17.73,,10.13,,1529697600,77.0,,7.9,
15.86,,0.59,6.216,,15.86,,9.46,,1529701200,96.0,,7.9,
14.81,,0.7,6.216,,14.81,,7.82,,1529704800,121.0,,9.34,
13.84,,0.73,6.216,,13.84,,5.94,,1529708400,157.0,,9.01,
13.53,,0.75,6.216,,13.53,,5.71,,1529712000,194.0,,9.1,
12.45,,0.81,6.216,,12.45,,6.14,,1529715600,212.0,,9.2,
12.1,,0.81,6.216,,12.1,,5.34,,1529719200,227.0,,8.98,
12.17,,0.81,6.216,,12.17,,6.69,,1529722800,252.0,,8.97,
12.17,,0.84,6.216,,12.17,,5.77,,1529726400,240.0,,9.49,
12.78,,0.81,6.216,,12.78,,4.79,,1529730000,247.0,,9.54,
13.94,,0.78,6.216,,13.94,,7.18,,1529733600,256.0,,10.24,
15.35,,0.6,6.216,,15.35,,7.68,,1529737200,289.0,,7.65,
17.19,,0.54,6.216,,17.19,,7.67,,1529740800,263.0,,7.69,
18.82,,0.38,6.216,,18.82,,9.06,,1529744400,258.0,,4.29,
20.37,,0.29,6.216,,20.37,,10.0,,1529748000,283.0,,1.79,
21.02,,0.26,6.216,,21.02,,12.36,,1529751600,294.0,,0.69,
21.62,,0.26,6.216,,21.62,,11.46,,1529755200,304.0,,1.45,
22.83,,0.24,6.216,,22.83,,12.49,,1529758800,294.0,,1.07,
22.97,,0.24,6.216,,22.97,,10.11,,1529762400,304.0,,1.19,
22.97,,0.26,6.216,,22.97,,8.96,,1529766000,308.0,,2.69,
22.62,,0.29,6.216,,22.62,,8.62,,1529769600,311.0,,3.89,
21.8,,0.36,6.216,,21.8,,10.26,,1529776800,310.0,,5.96,
20.95,,0.39,6.216,,20.95,,8.73,,1529780400,344.0,,6.55,
20.48,,0.43,6.216,,20.48,,6.48,,1529784000,345.0,,7.49,
19.6,,0.46,6.216,,19.6,,5.58,,1529787600,353.0,,7.71,
19.45,,0.5,6.216,,19.45,,4.41,1.0,1529791200,358.0,,8.62,
18.14,,0.54,6.216,,18.14,,4.14,1.0,1529794800,350.0,,8.79,
16.46,,0.64,6.216,,16.46,,6.3,1.0,1529798400,76.0,,9.57,
15.77,,0.71,6.216,,15.77,,4.58,0.75,1529802000,51.0,,10.56,
15.19,,0.7,6.216,,15.19,,4.57,,1529805600,353.0,,9.85,
14.57,,0.73,6.129,,14.57,,3.4,,1529809200,310.0,,9.7,
13.8,,0.71,6.194,,13.8,,3.2,,1529812800,336.0,,8.61,
14.11,,0.64,6.216,,14.11,,4.36,,1529816400,342.0,,7.43,
14.75,,0.59,6.216,,14.75,,5.08,,1529820000,349.0,,6.86,
16.63,,0.56,6.216,,16.63,,4.54,,1529823600,3.0,,7.85,
17.82,,0.57,6.216,,17.82,,4.75,,1529827200,107.0,,9.28,
19.01,,0.55,6.216,,19.01,,5.67,0.19,1529830800,69.0,,9.74,
20.7,,0.45,6.216,,20.7,,5.63,0.19,1529834400,80.0,,8.44,
21.86,,0.41,6.216,,21.86,,5.91,0.19,1529838000,104.0,,7.96,
22.67,,0.39,6.216,,22.67,,6.5,,1529841600,98.0,,7.88,
23.82,,0.35,6.216,,23.82,,7.13,0.19,1529845200,90.0,,7.59,
24.28,,0.35,6.216,,24.28,,6.27,,1529848800,125.0,,7.96,
24.81,,0.33,6.216,,24.81,,7.14,0.75,1529852400,102.0,,7.24,
24.8,,0.35,6.216,,24.8,,6.88,0.75,1529856000,91.0,,8.19,
24.4,,0.37,6.216,,24.4,,9.2,,1529859600,85.0,,8.8,
23.55,,0.42,6.216,,23.55,,10.69,,1529863200,101.0,,9.78,
22.55,,0.46,6.216,,22.55,,10.04,,1529866800,93.0,,10.46,
20.44,,0.58,6.216,,20.44,,8.68,,1529870400,111.0,,11.78,
17.9,,0.65,6.216,,17.9,,7.45,,1529877600,112.0,,11.19,
16.59,,0.7,6.216,,16.59,,6.27,,1529881200,116.0,,11.11,
16.36,,0.71,6.216,,16.36,,4.95,,1529884800,122.0,,11.11,
15.88,,0.71,6.216,,15.88,,2.72,,1529888400,172.0,,10.55,
14.98,,0.75,6.216,,14.98,,2.92,,1529892000,221.0,,10.55,
14.74,,0.73,6.216,,14.74,,3.96,,1529895600,220.0,,9.95,
14.28,,0.74,6.216,,14.28,,3.18,,1529899200,222.0,,9.68,
14.71,,0.73,6.216,,14.71,,3.66,,1529902800,229.0,,9.86,
16.99,,0.63,6.216,,16.99,,5.44,,1529906400,245.0,,9.86,
18.38,,0.56,6.216,,18.38,,6.51,,1529910000,255.0,,9.36,
20.61,,0.49,6.216,,20.61,,5.99,,1529913600,260.0,,9.42,
22.76,,0.44,,,22.76,,,,1529917200,,,9.98,
24.2,,0.4,6.216,,24.2,,5.12,,1529920800,284.0,,9.86,
25.2,,0.37,6.216,,25.2,,6.03,,1529924400,40.0,,9.56,
26.08,,0.33,6.216,,26.08,,6.36,,1529928000,333.0,,8.37,
27.7,,0.3,6.216,,27.7,,7.1,,1529931600,85.0,,8.55,
27.85,,0.27,6.216,,27.85,,7.21,,1529935200,356.0,,7.35,
28.17,,0.25,6.216,,28.17,,6.41,,1529938800,25.0,,6.24,
28.09,,0.26,6.216,,28.09,,6.2,,1529942400,340.0,,6.59,
28.43,,0.27,6.216,,28.43,,7.06,,1529946000,42.0,,7.51,
27.56,,0.29,6.216,,27.56,,6.86,,1529949600,79.0,,8.1,
26.64,,0.36,6.216,,26.64,,8.98,,1529953200,157.0,,10.16,
24.85,,0.44,6.216,,24.85,,8.75,,1529956800,200.0,,11.63,
22.48,,0.52,6.216,,22.48,,6.75,,1529960400,223.0,,12.01,
21.19,,0.54,6.216,,21.19,,6.48,,1529964000,220.0,,11.59,
20.12,,0.59,6.216,,20.12,,6.24,,1529967600,117.0,,11.88,
19.08,,0.62,6.216,,19.08,,4.07,,1529971200,105.0,,11.74,
17.86,,0.73,6.216,,17.86,,5.16,,1529974800,72.0,,12.88,
16.91,,0.77,6.216,,16.91,,3.77,,1529978400,113.0,,12.93,
15.67,,0.86,6.216,,15.67,,1.98,,1529982000,85.0,,13.41,
14.78,,0.88,6.216,,14.78,,5.65,,1529985600,69.0,,12.73,
15.34,,0.83,6.129,,15.34,,5.88,,1529989200,68.0,,12.43,
17.5,,0.73,6.216,,17.5,,5.59,,1529992800,83.0,,12.67,
19.49,,0.64,6.216,,19.49,,7.29,,1529996400,93.0,,12.53,
21.1,,0.58,6.216,,21.1,,6.56,,1530000000,92.0,,12.42,
22.29,,0.52,6.216,,22.29,,7.42,,1530003600,75.0,,11.87,
23.52,,0.5,6.216,,23.52,,6.51,,1530007200,87.0,,12.43,
24.97,,0.43,6.216,,24.97,,7.21,,1530010800,107.0,,11.43,
25.67,,0.4,6.216,,25.67,,8.08,,1530014400,106.0,,10.96,
26.37,,0.38,6.216,,26.37,,9.57,,1530018000,82.0,,10.94,
26.55,,0.36,6.216,,26.55,,10.89,,1530021600,96.0,,10.17,
26.21,,0.37,6.216,,26.21,,13.49,,1530025200,106.0,,10.38,
25.84,,0.37,6.216,,25.84,,12.97,,1530028800,105.0,,9.98,
24.98,,0.38,6.216,,24.98,,13.07,,1530032400,101.0,,9.65,
23.35,,0.45,6.216,,23.35,,12.47,,1530036000,97.0,,10.61,
21.83,,0.5,6.216,,21.83,,12.73,,1530039600,98.0,,10.81,
19.35,,0.57,6.216,,19.35,,11.98,,1530043200,98.0,,10.49,
17.27,,0.65,6.216,,17.27,,10.88,,1530046800,93.0,,10.54,
16.04,,0.71,6.216,,16.04,,11.06,,1530050400,85.0,,10.83,
15.11,,0.79,6.216,,15.11,,10.01,,1530054000,83.0,,11.51,
14.72,,0.8,6.216,,14.72,,9.54,0.75,1530057600,81.0,,11.29,
13.85,,0.83,6.194,,13.85,,9.22,0.75,1530061200,86.0,,10.97,
14.0,,0.85,6.041,,14.0,,10.6,1.0,1530064800,74.0,,11.58,
13.89,,0.85,5.925,,13.89,,9.08,0.79,1530068400,74.0,,11.47,
14.17,,0.84,5.853,,14.17,,9.47,0.99,1530072000,61.0,,11.51,
13.61,,0.87,5.937,,13.61,,8.79,0.97,1530075600,68.0,,11.51,
13.76,,0.86,6.022,,13.76,,9.82,0.87,1530079200,63.0,,11.53,
14.76,,0.78,6.148,,14.76,,9.46,0.88,1530082800,61.0,,11.04,
15.03,,0.78,6.216,,15.03,,9.39,0.85,1530086400,58.0,,11.16,
16.69,,0.69,6.216,,16.69,,10.12,0.69,1530090000,63.0,,11.04,
18.74,,0.61,6.216,,18.74,,12.19,0.3,1530093600,76.0,,11.01,
20.84,,0.53,6.216,,20.84,,11.79,,1530097200,84.0,,10.78,
22.3,,0.48,6.216,,22.3,,11.61,,1530100800,84.0,,10.82,
23.29,,0.46,6.216,,23.29,,11.81,,1530104400,92.0,,10.99,
24.57,,0.42,6.216,,24.57,,12.03,,1530108000,86.0,,10.87,
24.95,,0.39,6.216,,24.95,,12.06,,1530111600,90.0,,10.21,
25.03,,0.41,6.216,,25.03,,12.35,,1530115200,83.0,,10.82,
24.43,,0.41,6.216,,24.43,,12.47,,1530118800,76.0,,10.49,
23.55,,0.44,6.216,,23.55,,12.41,,1530122400,79.0,,10.5,
21.42,,0.56,6.216,,21.42,,12.01,,1530126000,91.0,,12.17,
19.07,,0.64,6.216,,19.07,,12.09,,1530129600,91.0,,12.15,
17.14,,0.74,6.216,,17.14,,10.43,,1530133200,94.0,,12.47,
16.04,,0.78,6.216,,16.04,,8.97,,1530136800,82.0,,12.22,
15.39,,0.82,6.216,,15.39,,9.17,,1530140400,84.0,,12.41,
15.03,,0.76,6.185,,15.03,,9.28,0.19,1530144000,59.0,,10.8,
13.8,,0.81,6.216,,13.8,,10.47,0.19,1530147600,58.0,,10.65,
12.89,,0.86,6.216,,12.89,,7.97,0.44,1530151200,48.0,,10.6,
12.71,,0.87,6.077,,12.71,,7.81,0.79,1530154800,56.0,,10.61,
12.71,,0.88,5.888,,12.71,,6.3,0.96,1530158400,47.0,,10.83,
12.97,,0.9,4.685,,12.97,,6.4,1.0,1530162000,41.0,,11.44,
13.51,,0.89,3.727,,13.51,,7.08,1.0,1530165600,34.0,,11.69,
13.86,,0.91,3.824,,13.86,,7.26,0.99,1530169200,33.0,,12.47,
14.78,,0.87,4.529,,14.78,,7.32,0.99,1530172800,34.0,,12.69,
16.13,,0.82,5.262,,16.13,,7.02,0.92,1530176400,31.0,,13.02,
18.61,,0.73,5.751,,18.61,,9.09,0.72,1530180000,44.0,,13.69,
20.8,,0.65,6.138,,20.8,,8.2,0.24,1530183600,41.0,,13.88,
23.45,,0.57,6.216,,23.45,,9.42,0.21,1530187200,50.0,,14.56,
25.03,,0.5,6.216,,25.03,,10.19,0.34,1530190800,64.0,,13.99,
25.93,,0.44,6.216,,25.93,,13.25,0.61,1530194400,64.0,,12.75,
26.84,,0.42,6.216,,26.84,,13.05,0.33,1530198000,79.0,,12.71,
25.14,,0.42,6.216,,25.14,,16.44,0.69,1530205200,71.0,,11.45,
23.33,,0.49,6.216,,23.33,,13.89,0.44,1530208800,84.0,,12.1,
22.91,,0.53,6.216,,22.91,,13.35,0.44,1530212400,82.0,,12.69,
21.72,,0.53,6.216,,21.72,,9.67,,1530216000,82.0,,11.78,
19.76,,0.63,6.216,,19.76,,8.19,,1530219600,79.0,,12.53,
18.65,,0.68,6.216,,18.65,,8.06,,1530223200,78.0,,12.56,
18.55,,0.71,6.216,,18.55,,9.97,,1530226800,73.0,,13.21,
17.63,,0.77,6.216,,17.63,,6.86,,1530230400,58.0,,13.53,
16.72,,0.78,6.216,,16.72,,6.56,,1530234000,53.0,,12.93,
15.72,,0.82,6.082,,15.72,,7.06,1.0,1530237600,32.0,,12.72,
14.64,,0.84,5.878,,14.64,,7.2,0.89,1530241200,50.0,,11.92,
13.57,,0.89,6.03,,13.57,,6.0,1.0,1530244800,27.0,,11.75,
13.01,,0.88,6.056,,13.01,,8.06,0.26,1530248400,27.0,,10.99,
13.95,,0.86,5.963,,13.95,,8.57,0.62,1530252000,43.0,,11.62,
14.2,,0.84,6.138,,14.2,,10.18,0.6,1530255600,46.0,,11.62,
15.62,,0.78,6.138,,15.62,,9.35,0.6,1530259200,49.0,,11.71,
18.12,,0.66,6.216,,18.12,,9.33,0.19,1530262800,45.0,,11.63,
19.66,,0.6,6.216,,19.66,,7.89,,1530266400,40.0,,11.65,
21.6,,0.54,6.216,,21.6,,9.29,,1530270000,49.0,,11.85,
23.54,,0.47,6.216,,23.54,,10.86,,1530273600,51.0,,11.53,
25.2,,0.41,6.216,,25.2,,11.93,,1530277200,64.0,,10.87,
26.1,,0.39,6.216,,26.1,,12.54,,1530280800,70.0,,10.89,
26.87,,0.35,6.216,,26.87,,12.92,,1530284400,71.0,,10.04,
27.19,,0.37,6.216,,27.19,,15.02,,1530288000,86.0,,11.11,
26.48,,0.37,6.216,,26.48,,16.51,,1530291600,83.0,,10.73,
25.26,,0.35,6.216,,25.26,,12.42,,1530295200,64.0,,8.88,
23.2,,0.45,6.216,,23.2,,13.14,,1530298800,79.0,,10.76,
21.26,,0.57,6.216,,21.26,,12.24,,1530302400,78.0,,12.4,
18.86,,0.71,6.216,,18.86,,10.84,,1530306000,67.0,,13.59,
18.06,,0.72,6.216,,18.06,,11.26,,1530309600,52.0,,13.02,
16.51,,0.75,6.216,,16.51,,10.24,,1530313200,53.0,,12.16,
15.37,,0.76,6.216,,15.37,,9.09,0.44,1530316800,52.0,,11.24,
14.48,,0.8,6.216,,14.48,,7.57,0.5,1530320400,47.0,,10.99,
13.64,,0.83,6.216,,13.64,,9.77,0.92,1530324000,50.0,,10.82,
13.64,,0.84,6.216,,13.64,,7.98,0.97,1530327600,49.0,,10.99,
13.64,,0.84,6.216,,13.64,,11.01,0.99,1530331200,57.0,,10.99,
14.55,,0.79,6.216,,14.55,,9.42,0.99,1530334800,60.0,,10.99,
14.64,,0.79,6.216,,14.64,,8.8,0.95,1530338400,60.0,,10.99,
15.72,,0.73,6.216,,15.72,,9.51,0.74,1530342000,52.0,,10.85,
17.11,,0.68,6.216,,17.11,,9.31,0.5,1530345600,62.0,,11.13,
19.11,,0.6,6.216,,19.11,,8.96,0.32,1530349200,68.0,,11.1,
21.14,,0.53,6.216,,21.14,,10.12,,1530352800,76.0,,11.17,
23.23,,0.45,6.216,,23.23,,10.81,,1530356400,77.0,,10.53,
24.94,,0.37,6.216,,24.94,,13.23,,1530360000,83.0,,9.14,
26.11,,0.38,6.216,,26.11,,14.27,,1530363600,88.0,,10.7,
26.47,,0.41,6.216,,26.47,,15.14,,1530367200,84.0,,12.15,
26.45,,0.43,6.216,,26.45,,15.61,,1530370800,90.0,,12.9,
26.05,,0.4,6.216,,26.05,,15.31,,1530374400,88.0,,11.29,
25.32,,0.39,6.216,,25.32,,16.46,,1530378000,79.0,,10.39,
24.34,,0.35,6.216,,24.34,,16.62,,1530381600,82.0,,7.95,
23.18,,0.4,6.216,,23.18,,14.68,,1530385200,88.0,,8.74,
21.89,,0.44,6.216,,21.89,,11.91,,1530388800,76.0,,9.03,
20.3,,0.49,6.216,,20.3,,9.4,,1530392400,75.0,,9.11,
20.42,,0.47,6.216,,20.42,,7.52,,1530396000,57.0,,8.65,
19.28,,0.5,6.216,,19.28,,6.39,,1530399600,55.0,,8.73,
17.76,,0.62,6.216,,17.76,,6.06,,1530403200,50.0,,10.28,
16.85,,0.66,6.216,,16.85,,5.91,,1530406800,15.0,,10.43,
16.44,,0.71,6.216,,16.44,,5.9,,1530410400,15.0,,11.23,
15.81,,0.74,6.216,,15.81,,6.41,,1530414000,30.0,,11.2,
15.44,,0.77,6.216,,15.44,,6.27,,1530417600,27.0,,11.38,
15.56,,0.76,6.216,,15.56,,5.09,,1530421200,11.0,,11.43,
17.39,,0.69,6.216,,17.39,,5.75,,1530424800,46.0,,11.65,
19.54,,0.64,6.216,,19.54,,6.08,,1530428400,53.0,,12.48,
21.93,,0.56,6.216,,21.93,,9.7,,1530432000,73.0,,12.75,
24.04,,0.49,6.216,,24.04,,10.74,,1530435600,74.0,,12.55,
26.09,,0.41,6.216,,26.09,,12.05,,1530439200,75.0,,11.94,
27.27,,0.38,6.216,,27.27,,12.45,,1530442800,75.0,,11.79,
28.41,,0.35,6.216,,28.41,,13.83,,1530446400,83.0,,11.53,
28.62,,0.35,6.216,,28.62,,13.89,,1530450000,84.0,,11.46,
28.81,,0.36,6.216,,28.81,,14.38,,1530453600,76.0,,12.09,
27.91,,0.37,6.216,,27.91,,12.71,,1530457200,83.0,,11.98,
27.56,,0.38,6.216,,27.56,,13.39,,1530460800,84.0,,12.11,
27.11,,0.39,6.216,,27.11,,12.31,,1530464400,81.0,,11.96,
26.35,,0.4,6.216,,26.35,,12.6,,1530468000,80.0,,11.71,
25.73,,0.4,6.216,,25.73,,10.36,,1530471600,71.0,,11.21,
24.73,,0.43,6.216,,24.73,,9.7,,1530475200,67.0,,11.14,
23.46,,0.45,6.216,,23.46,,9.64,0.19,1530478800,59.0,,10.99,
23.08,,0.46,6.216,,23.08,,7.38,0.75,1530482400,68.0,,10.99,
21.96,,0.49,6.216,,21.96,,6.63,0.44,1530486000,47.0,,10.65,
21.65,,0.49,6.216,,21.65,,7.84,0.75,1530489600,60.0,,10.51,
20.65,,0.52,6.216,,20.65,,8.26,0.75,1530493200,54.0,,10.51,
19.65,,0.56,6.216,,19.65,,5.02,0.75,1530496800,29.0,,10.51,
18.7,,0.56,6.216,,18.7,,6.06,0.19,1530500400,40.0,,9.78,
17.77,,0.59,6.216,,17.77,,5.58,,1530504000,31.0,,9.78,
17.81,,0.59,6.216,,17.81,,6.97,,1530507600,37.0,,9.78,
18.78,,0.58,6.216,,18.78,,6.52,,1530511200,43.0,,10.22,
20.14,,0.55,6.216,,20.14,,6.7,,1530514800,30.0,,10.7,
22.18,,0.45,6.216,,22.18,,8.65,,1530518400,50.0,,9.61,
24.35,,0.35,6.216,,24.35,,13.65,,1530522000,59.0,,7.81,
25.48,,0.32,6.216,,25.48,,14.42,,1530525600,67.0,,7.71,
26.87,,0.29,6.216,,26.87,,15.86,,1530529200,74.0,,7.3,
27.27,,0.29,6.216,,27.27,,16.77,,1530532800,82.0,,7.57,
27.54,,0.29,6.216,,27.54,,17.76,,1530536400,84.0,,7.7,
26.91,,0.28,6.216,,26.91,,18.57,,1530540000,78.0,,6.62,
26.47,,0.26,6.216,,26.47,,17.97,,1530543600,82.0,,5.55,
26.27,,0.28,6.216,,26.27,,18.01,,1530547200,78.0,,6.11,
25.35,,0.27,6.216,,25.35,,19.52,,1530550800,82.0,,4.86,
24.06,,0.31,6.216,,24.06,,17.86,,1530554400,76.0,,6.08,
22.95,,0.34,6.216,,22.95,,18.57,,1530558000,80.0,,6.27,
21.46,,0.38,6.216,,21.46,,14.01,,1530561600,71.0,,6.47,
20.39,,0.4,6.216,,20.39,,13.82,,1530565200,65.0,,6.28,
19.2,,0.42,6.216,,19.2,,10.72,,1530568800,56.0,,6.09,
18.47,,0.48,6.216,,18.47,,11.7,,1530572400,57.0,,7.34,
16.77,,0.58,6.216,,16.77,,10.65,,1530576000,58.0,,8.33,
16.52,,0.62,6.216,,16.52,,9.29,,1530579600,63.0,,9.26,
15.73,,0.66,6.216,,15.73,,9.38,,1530583200,58.0,,9.4,
15.32,,0.68,6.216,,15.32,,8.42,,1530586800,58.0,,9.45,
15.32,,0.65,6.216,,15.32,,8.98,,1530590400,56.0,,8.79,
15.59,,0.67,6.216,,15.59,,10.41,0.75,1530594000,57.0,,9.53,
16.99,,0.65,6.216,,16.99,,12.22,,1530597600,71.0,,10.38,
18.05,,0.62,6.216,,18.05,,13.92,,1530601200,65.0,,10.56,
20.24,,0.53,6.216,,20.24,,16.62,,1530604800,69.0,,10.37,
21.92,,0.42,6.216,,21.92,,18.33,,1530608400,67.0,,8.59,
23.25,,0.38,6.216,,23.25,,18.5,,1530612000,66.0,,8.16,
24.3,,0.35,6.216,,24.3,,18.09,,1530615600,73.0,,7.89,
25.03,,0.33,6.216,,25.03,,17.75,,1530619200,84.0,,7.5,
24.8,,0.33,6.216,,24.8,,17.07,,1530622800,84.0,,7.46,
25.19,,0.32,6.216,,25.19,,16.35,,1530626400,84.0,,7.13,
24.88,,0.33,6.216,,24.88,,15.14,,1530630000,85.0,,7.66,
24.72,,0.34,6.216,,24.72,,14.94,,1530633600,103.0,,7.66,
23.44,,0.37,6.216,,23.44,,15.23,,1530637200,99.0,,8.04,
22.65,,0.4,6.216,,22.65,,14.42,,1530640800,98.0,,8.27,
21.25,,0.42,6.216,,21.25,,14.35,,1530644400,90.0,,7.84,
19.35,,0.5,6.216,,19.35,,12.38,,1530648000,91.0,,8.71,
17.95,,0.6,6.216,,17.95,,11.23,,1530651600,91.0,,10.09,
16.95,,0.69,6.216,,16.95,,10.16,0.19,1530655200,81.0,,11.33,
17.07,,0.71,6.216,,17.07,,11.43,0.44,1530658800,79.0,,11.86,
16.16,,0.78,6.216,,16.16,,8.95,0.44,1530662400,86.0,,12.31,
15.68,,0.77,6.216,,15.68,,9.03,,1530666000,77.0,,11.72,
14.72,,0.82,6.216,,14.72,,8.11,0.44,1530669600,62.0,,11.72,
14.52,,0.82,6.216,,14.52,,6.21,0.75,1530673200,58.0,,11.54,
13.6,,0.87,6.216,,13.6,,5.08,0.62,1530676800,34.0,,11.45,
13.81,,0.83,6.216,,13.81,,5.13,0.75,1530680400,42.0,,10.93,
13.99,,0.82,6.216,,13.99,,6.94,0.74,1530684000,54.0,,11.01,
15.67,,0.78,6.216,,15.67,,7.45,0.72,1530687600,62.0,,11.82,
17.54,,0.7,6.216,,17.54,,7.79,0.44,1530691200,79.0,,11.95,
19.01,,0.62,6.216,,19.01,,7.48,0.44,1530694800,86.0,,11.67,
20.47,,0.55,6.216,,20.47,,7.42,0.37,1530698400,68.0,,10.99,
22.04,,0.5,6.216,,22.04,,7.11,0.52,1530702000,97.0,,10.99,
23.16,,0.48,6.216,,23.16,,6.7,0.56,1530705600,99.0,,11.69,
23.92,,0.46,6.216,,23.92,,4.98,0.71,1530709200,97.0,,11.57,
24.57,,0.46,6.216,,24.57,,6.13,0.65,1530712800,80.0,,12.04,
25.19,,0.48,6.216,,25.19,,6.54,0.45,1530716400,127.0,,13.36,
24.7,,0.5,6.216,,24.7,,7.12,0.33,1530720000,116.0,,13.43,
24.56,,0.52,6.216,,24.56,,8.09,0.38,1530723600,108.0,,13.91,
24.03,,0.53,6.216,,24.03,,8.18,0.28,1530727200,133.0,,14.0,
22.76,,0.57,6.216,,22.76,,10.4,0.54,1530730800,99.0,,13.75,
21.23,,0.65,6.216,,21.23,,8.68,0.61,1530734400,114.0,,14.35,
20.57,,0.68,6.216,,20.57,,6.1,0.71,1530738000,103.0,,14.47,
20.54,,0.7,6.216,,20.54,,5.91,0.65,1530741600,110.0,,14.95,
19.82,,0.75,6.155,,19.82,,6.97,0.61,1530745200,95.0,,15.25,
18.82,,0.79,6.095,,18.82,,6.36,0.49,1530748800,83.0,,15.12,
19.02,,0.81,6.064,,19.09,,5.73,0.42,1530752400,199.0,,15.72,
18.31,,0.82,5.943,,18.35,,5.81,0.75,1530756000,228.0,,15.25,
18.04,,0.86,5.94,,18.14,,5.52,0.81,1530759600,237.0,,15.67,
17.33,,0.89,5.654,,17.44,,5.63,0.81,1530763200,236.0,,15.5,
17.42,,0.89,5.435,,17.56,,5.96,0.37,1530766800,236.0,,15.68,
18.52,,0.85,5.493,,18.63,,6.93,0.56,1530770400,258.0,,15.86,
19.84,,0.77,6.008,,19.9,,6.04,0.44,1530774000,241.0,,15.74,
21.72,,0.68,6.138,,21.72,,4.71,0.19,1530777600,267.0,,15.46,
22.97,,0.61,6.061,,22.97,,4.03,0.65,1530781200,315.0,,14.94,
24.66,,0.53,6.061,,24.66,,6.0,0.19,1530784800,236.0,,14.42,
25.39,,0.5,6.061,,25.39,,5.95,0.45,1530788400,260.0,,14.1,
26.06,,0.46,6.216,,26.06,,4.6,0.19,1530792000,281.0,,13.41,
27.48,,0.39,6.216,,27.48,,7.03,0.19,1530795600,248.0,,12.28,
28.64,,0.34,6.216,,28.64,,5.32,0.19,1530799200,291.0,,11.29,
28.45,,0.35,6.216,,28.45,,6.52,0.19,1530802800,297.0,,11.46,
28.79,,0.33,6.216,,28.79,,8.46,0.19,1530806400,274.0,,11.14,
27.65,,0.38,6.216,,27.65,,9.79,0.19,1530810000,299.0,,12.14,
26.67,,0.43,6.216,,26.67,,10.48,,1530813600,230.0,,13.15,
26.2,,0.42,6.216,,26.2,,8.61,,1530817200,218.0,,12.2,
25.05,,0.48,6.216,,25.05,,7.98,,1530820800,212.0,,13.33,
23.36,,0.54,6.216,,23.36,,5.65,,1530824400,212.0,,13.6,
22.32,,0.63,6.216,,22.32,,6.08,,1530828000,188.0,,14.87,
20.97,,0.72,6.216,,21.0,,4.47,,1530831600,193.0,,15.7,
19.68,,0.75,6.216,,19.68,,3.2,,1530835200,192.0,,15.17,
19.5,,0.73,6.125,,19.5,,1.47,,1530838800,348.0,,14.53,
18.91,,0.8,6.216,,18.96,,1.88,,1530842400,62.0,,15.46,
17.49,,0.84,6.216,,17.49,,1.8,,1530846000,328.0,,14.69,
16.96,,0.87,5.745,,16.98,,1.33,,1530849600,317.0,,14.73,
17.69,,0.83,5.332,,17.7,,3.88,0.44,1530853200,334.0,,14.86,
18.25,,0.81,5.339,,18.26,,5.49,1.0,1530856800,318.0,,15.02,
19.34,,0.77,5.479,,19.35,,6.28,0.63,1530860400,308.0,,15.27,
20.88,,0.69,5.993,,20.88,,6.08,0.63,1530864000,320.0,,14.89,
22.95,,0.61,6.138,,22.95,,6.05,0.44,1530867600,329.0,,15.02,
23.67,,0.56,6.216,,23.67,,7.35,,1530871200,340.0,,14.45,
25.92,,0.48,6.216,,25.92,,7.34,,1530874800,313.0,,14.2,
26.97,,0.42,6.216,,26.97,,9.06,,1530878400,298.0,,13.08,
27.99,,0.39,6.216,,27.99,,7.72,,1530882000,321.0,,12.94,
28.4,,0.37,6.216,,28.4,,7.11,,1530885600,299.0,,12.45,
28.96,,0.34,6.216,,28.96,,8.95,,1530889200,307.0,,11.41,
29.63,,0.31,6.216,,29.63,,8.48,,1530892800,295.0,,10.75,
29.47,,0.32,6.216,,29.47,,6.65,,1530896400,323.0,,10.86,
28.26,,0.35,6.216,,28.26,,7.3,,1530900000,19.0,,11.53,
27.99,,0.37,6.216,,27.99,,6.56,0.19,1530903600,352.0,,11.9,
27.0,,0.38,6.216,,27.0,,5.24,,1530907200,10.0,,11.28,
24.08,,0.6,6.216,,24.11,,10.0,,1530910800,80.0,,15.74,
21.56,,0.69,6.216,,21.57,,11.25,,1530914400,97.0,,15.66,
21.4,,0.67,6.172,,21.4,,7.84,,1530918000,94.0,,14.95,
20.23,,0.77,5.402,,20.33,,5.13,0.19,1530921600,77.0,,16.17,
19.69,,0.8,4.627,,19.8,,3.47,0.19,1530925200,65.0,,16.07,
18.6,,0.85,4.584,,18.73,,5.08,,1530928800,102.0,,16.02,
18.19,,0.84,4.058,,18.26,,3.41,,1530932400,99.0,,15.46,
17.97,,0.84,3.615,,18.02,,4.13,,1530936000,85.0,,15.25,
17.9,,0.88,4.054,,18.04,,2.97,,1530939600,70.0,,15.83,
19.38,,0.79,4.289,,19.44,,3.31,0.19,1530943200,269.0,,15.63,
21.65,,0.71,4.964,,21.73,,4.84,,1530946800,302.0,,16.18,
23.58,,0.61,5.604,,23.59,,5.26,,1530950400,319.0,,15.73,
24.84,,0.57,6.216,,24.87,,4.69,,1530954000,291.0,,15.69,
27.0,,0.47,6.216,,27.23,,5.98,0.19,1530957600,286.0,,14.71,
27.88,,0.42,6.216,,27.88,,10.0,0.21,1530961200,274.0,,13.84,
29.37,,0.37,6.216,,29.37,,10.29,0.19,1530964800,264.0,,13.06,
29.07,,0.36,6.216,,29.07,,10.32,,1530968400,284.0,,12.69,
30.3,,0.34,6.216,,30.3,,10.0,,1530972000,272.0,,12.54,
29.83,,0.35,6.216,,29.83,,11.89,,1530975600,294.0,,12.65,
29.49,,0.35,6.216,,29.49,,9.61,,1530979200,293.0,,12.48,
29.02,,0.36,6.216,,29.02,,9.7,0.19,1530982800,306.0,,12.35,
28.83,,0.35,6.216,,28.83,,9.48,,1530986400,313.0,,11.97,
27.98,,0.34,6.216,,27.98,,9.92,,1530990000,309.0,,10.86,
26.73,,0.37,6.216,,26.73,,7.76,,1530993600,335.0,,10.73,
24.98,,0.42,6.216,,24.98,,5.12,,1530997200,337.0,,11.04,
21.71,,0.62,6.216,,21.71,,12.71,,1531000800,81.0,,13.99,
20.67,,0.67,6.216,,20.67,,7.67,,1531004400,64.0,,14.22,
19.83,,0.7,6.216,,19.83,,5.8,,1531008000,78.0,,14.16,
19.57,,0.7,6.216,,19.57,,4.08,,1531011600,53.0,,14.04,
18.59,,0.73,6.216,,18.59,,4.09,,1531015200,48.0,,13.72,
17.99,,0.77,6.185,,17.99,,3.36,,1531018800,354.0,,13.85,
17.38,,0.76,6.216,,17.38,,4.14,,1531022400,38.0,,13.08,
17.64,,0.72,6.216,,17.64,,3.61,,1531026000,54.0,,12.57,
18.69,,0.68,6.216,,18.69,,4.05,,1531029600,351.0,,12.77,
20.73,,0.6,6.216,,20.73,,3.33,,1531033200,25.0,,12.72,
22.8,,0.51,6.216,,22.8,,5.37,,1531036800,9.0,,12.16,
24.39,,0.49,6.216,,24.39,,6.63,0.19,1531040400,19.0,,13.12,
26.15,,0.44,6.216,,26.15,,5.3,,1531044000,12.0,,12.88,
26.41,,0.43,6.216,,26.41,,6.24,0.44,1531047600,335.0,,12.77,
27.85,,0.39,6.216,,27.85,,7.88,0.44,1531051200,347.0,,12.69,
28.33,,0.38,6.216,,28.33,,8.35,,1531054800,346.0,,12.52,
29.05,,0.36,6.216,,29.05,,8.51,,1531058400,311.0,,12.49,
29.31,,0.35,6.216,,29.31,,9.06,,1531062000,31.0,,12.4,
29.67,,0.33,6.216,,29.67,,7.71,,1531065600,350.0,,11.84,
29.22,,0.36,6.216,,29.22,,11.46,,1531069200,56.0,,12.73,
27.74,,0.4,6.216,,27.74,,10.62,,1531072800,58.0,,13.1,
26.53,,0.44,6.216,,26.53,,9.09,,1531076400,68.0,,13.26,
25.01,,0.46,6.216,,25.01,,11.38,,1531080000,76.0,,12.43,
23.45,,0.5,6.216,,23.45,,11.32,,1531083600,90.0,,12.39,
22.15,,0.54,6.216,,22.15,,8.37,,1531087200,98.0,,12.46,
21.02,,0.62,6.216,,21.02,,5.72,,1531090800,92.0,,13.34,
20.35,,0.63,6.216,,20.35,,3.39,,1531094400,69.0,,13.17,
19.45,,0.67,6.216,,19.45,,2.56,0.19,1531098000,90.0,,13.26,
19.03,,0.69,6.216,,19.03,,3.31,0.19,1531101600,82.0,,13.24,
17.74,,0.75,6.216,,17.74,,3.99,0.75,1531105200,96.0,,13.24,
17.88,,0.74,6.216,,17.88,,3.13,0.44,1531108800,69.0,,13.19,
17.85,,0.78,6.216,,17.85,,3.53,0.75,1531112400,49.0,,14.04,
19.6,,0.69,6.216,,19.6,,2.42,0.75,1531116000,327.0,,13.86,
21.67,,0.59,6.216,,21.67,,4.18,,1531119600,250.0,,13.33,
23.68,,0.53,6.216,,23.68,,4.87,0.19,1531123200,19.0,,13.44,
25.38,,0.45,6.216,,25.38,,4.69,0.44,1531126800,282.0,,12.55,
26.02,,0.42,6.216,,26.02,,5.22,0.24,1531130400,344.0,,12.24,
26.34,,0.42,6.216,,26.34,,4.48,,1531134000,350.0,,12.31,
27.16,,0.4,6.216,,27.16,,6.21,0.24,1531137600,322.0,,12.53,
27.99,,0.38,6.216,,27.99,,6.95,0.75,1531141200,313.0,,12.26,
27.98,,0.39,6.216,,27.98,,6.19,,1531144800,323.0,,12.59,
27.38,,0.41,6.216,,27.38,,8.42,,1531148400,1.0,,13.03,
27.91,,0.41,6.216,,27.91,,9.06,0.44,1531152000,344.0,,13.6,
25.89,,0.49,6.216,,25.89,,14.42,0.44,1531155600,75.0,,14.41,
24.28,,0.54,6.216,,24.28,,16.85,0.3,1531159200,79.0,,14.48,
22.04,,0.64,6.216,,22.04,,14.37,0.6,1531162800,74.0,,14.92,
20.29,,0.71,6.216,,20.29,,14.43,0.49,1531166400,91.0,,14.81,
19.12,,0.8,6.216,,19.17,,12.96,0.73,1531170000,86.0,,15.54,
18.22,,0.8,6.216,,18.22,,11.51,0.86,1531173600,88.0,,14.74,
18.05,,0.77,6.216,,18.05,,11.5,0.75,1531177200,92.0,,13.99,
17.67,,0.77,6.216,,17.67,,10.69,0.72,1531180800,68.0,,13.64,
17.6,,0.73,6.216,,17.6,,8.7,0.73,1531184400,56.0,,12.75,
16.58,,0.77,6.216,,16.58,,7.01,0.58,1531188000,45.0,,12.53,
16.4,,0.75,6.216,,16.4,,4.74,0.64,1531191600,6.0,,11.97,
15.63,,0.78,6.216,,15.63,,6.22,0.59,1531195200,355.0,,11.8,
15.44,,0.78,6.216,,15.44,,8.16,0.41,1531198800,342.0,,11.65,
15.82,,0.74,6.216,,15.82,,9.5,0.57,1531202400,354.0,,11.23,
15.99,,0.68,6.216,,15.99,,10.03,0.62,1531206000,14.0,,10.19,
16.33,,0.63,6.216,,16.33,,9.55,0.79,1531209600,6.0,,9.18,
16.56,,0.61,6.216,,16.56,,10.25,0.88,1531213200,43.0,,8.94,
17.33,,0.57,6.216,,17.33,,9.38,0.84,1531216800,14.0,,8.69,
17.77,,0.53,6.216,,17.77,,10.83,0.88,1531220400,358.0,,8.17,
18.38,,0.54,6.216,,18.38,,9.92,0.88,1531224000,359.0,,9.02,
19.3,,0.53,6.216,,19.3,,10.36,0.88,1531227600,354.0,,9.37,
19.5,,0.52,6.216,,19.5,,10.08,0.76,1531231200,356.0,,9.4,
20.79,,0.49,6.216,,20.79,,8.35,0.62,1531234800,18.0,,9.71,
21.02,,0.5,6.216,,21.02,,8.19,0.62,1531238400,27.0,,10.24,
21.14,,0.5,6.216,,21.14,,7.81,0.52,1531242000,20.0,,10.24,
20.65,,0.53,6.216,,20.65,,8.14,0.4,1531245600,19.0,,10.68,
20.27,,0.57,6.216,,20.27,,8.18,0.19,1531249200,7.0,,11.49,
19.07,,0.61,6.216,,19.07,,6.89,,1531252800,38.0,,11.49,
17.87,,0.66,6.216,,17.87,,8.34,,1531256400,40.0,,11.49,
17.34,,0.69,6.216,,17.34,,6.47,,1531260000,43.0,,11.66,
15.96,,0.76,6.216,,15.96,,8.05,0.58,1531263600,54.0,,11.7,
15.12,,0.81,6.216,,15.12,,6.96,1.0,1531267200,49.0,,11.83,
14.04,,0.87,6.216,,14.04,,8.42,0.83,1531270800,52.0,,11.95,
14.59,,0.84,6.216,,14.59,,6.37,0.88,1531274400,37.0,,12.0,
14.81,,0.83,6.216,,14.81,,6.3,0.99,1531278000,50.0,,12.0,
14.91,,0.83,6.216,,14.91,,5.59,0.99,1531281600,2.0,,12.0,
14.91,,0.83,6.216,,14.91,,7.44,0.95,1531285200,356.0,,12.0,
15.59,,0.82,6.216,,15.59,,7.36,0.96,1531288800,357.0,,12.49,
15.77,,0.78,6.171,,15.77,,6.42,0.96,1531292400,37.0,,12.0,
16.49,,0.77,6.216,,16.49,,7.26,0.92,1531296000,16.0,,12.49,
16.66,,0.76,6.216,,16.66,,6.91,0.96,1531299600,0.0,,12.49,
17.84,,0.71,6.216,,17.84,,7.95,0.92,1531303200,345.0,,12.49,
18.5,,0.68,6.216,,18.5,,8.31,0.71,1531306800,353.0,,12.52,
19.66,,0.63,6.216,,19.66,,7.44,0.71,1531310400,8.0,,12.37,
20.65,,0.59,6.216,,20.65,,8.62,0.71,1531314000,26.0,,12.37,
21.47,,0.54,6.216,,21.47,,7.58,0.57,1531317600,30.0,,11.88,
21.65,,0.54,6.216,,21.65,,7.71,0.56,1531321200,42.0,,11.88,
21.69,,0.53,6.216,,21.69,,8.99,0.54,1531324800,50.0,,11.72,
21.67,,0.53,6.216,,21.67,,8.2,0.38,1531328400,46.0,,11.72,
22.17,,0.49,6.216,,22.17,,6.88,0.24,1531332000,42.0,,11.1,
21.79,,0.52,6.216,,21.79,,6.63,0.19,1531335600,20.0,,11.38,
20.59,,0.57,6.216,,20.59,,5.42,,1531339200,26.0,,11.72,
19.0,,0.63,6.216,,19.0,,5.91,0.19,1531342800,55.0,,11.91,
18.09,,0.69,6.216,,18.09,,5.08,,1531346400,61.0,,12.41,
17.38,,0.76,6.216,,17.38,,8.35,,1531350000,70.0,,13.13,
16.43,,0.81,6.216,,16.43,,7.36,0.19,1531353600,77.0,,13.09,
16.1,,0.82,6.216,,16.1,,5.73,1.0,1531357200,51.0,,13.08,
15.3,,0.87,6.216,,15.3,,5.24,1.0,1531360800,44.0,,13.08,
15.05,,0.88,5.882,,15.05,,4.12,0.5,1531364400,25.0,,12.99,
14.78,,0.89,5.736,,14.78,,5.0,1.0,1531368000,1.0,,12.99,
14.82,,0.86,5.736,,14.82,,4.46,0.85,1531371600,46.0,,12.56,
15.4,,0.84,5.334,,15.4,,4.78,0.85,1531375200,24.0,,12.66,
15.57,,0.84,5.636,,15.57,,6.26,0.92,1531378800,22.0,,12.83,
15.27,,0.86,5.672,,15.27,,6.27,0.93,1531382400,13.0,,12.98,
15.59,,0.84,5.829,,15.59,,6.47,0.92,1531386000,10.0,,12.83,
16.56,,0.76,5.906,,16.56,,5.82,0.91,1531389600,27.0,,12.29,
18.38,,0.67,5.983,,18.38,,6.33,0.68,1531393200,106.0,,12.17,
20.17,,0.59,6.216,,20.17,,6.02,0.44,1531396800,76.0,,11.89,
22.22,,0.52,6.216,,22.22,,6.09,0.26,1531400400,170.0,,11.76,
23.52,,0.47,6.216,,23.52,,6.5,0.24,1531404000,142.0,,11.64,
24.45,,0.44,6.216,,24.45,,7.04,0.4,1531407600,79.0,,11.39,
23.88,,0.46,6.216,,23.88,,8.17,0.61,1531411200,78.0,,11.62,
23.22,,0.48,6.216,,23.22,,6.65,0.37,1531414800,58.0,,11.44,
23.64,,0.5,6.216,,23.64,,6.71,0.35,1531418400,109.0,,12.46,
22.74,,0.55,6.216,,22.74,,9.55,0.63,1531422000,91.0,,13.16,
21.1,,0.61,6.216,,21.1,,9.68,0.43,1531425600,74.0,,13.34,
19.49,,0.71,6.216,,19.49,,9.9,0.47,1531429200,87.0,,13.99,
18.42,,0.75,6.216,,18.42,,9.65,0.36,1531432800,100.0,,13.99,
17.94,,0.8,6.216,,17.94,,11.11,0.93,1531436400,88.0,,14.4,
17.58,,0.82,6.216,,17.58,,8.59,0.53,1531440000,76.0,,14.4,
17.48,,0.82,6.216,,17.48,,9.06,0.63,1531443600,82.0,,14.4,
16.46,,0.87,6.216,,16.46,,7.81,0.74,1531447200,79.0,,14.33,
16.54,,0.87,6.216,,16.54,,9.28,0.73,1531450800,81.0,,14.33,
16.52,,0.84,6.216,,16.52,,6.12,0.59,1531454400,70.0,,13.77,
16.67,,0.83,6.216,,16.67,,5.24,0.96,1531458000,67.0,,13.77,
16.63,,0.84,6.216,,16.63,,5.66,0.9,1531461600,70.0,,13.87,
17.06,,0.81,6.034,,17.06,,6.11,0.91,1531465200,59.0,,13.83,
17.32,,0.77,6.216,,17.32,,5.27,0.88,1531468800,50.0,,13.35,
19.03,,0.7,6.216,,19.03,,5.28,0.74,1531472400,97.0,,13.35,
20.81,,0.62,6.216,,20.81,,5.37,0.36,1531476000,105.0,,13.27,
22.2,,0.57,6.216,,22.2,,5.85,0.44,1531479600,116.0,,13.27,
23.82,,0.48,6.216,,23.82,,6.88,0.31,1531483200,138.0,,12.3,
24.86,,0.45,6.216,,24.86,,7.16,0.31,1531486800,108.0,,12.02,
24.45,,0.45,6.216,,24.45,,7.58,0.35,1531490400,82.0,,11.6,
25.37,,0.43,6.216,,25.37,,7.34,0.44,1531494000,78.0,,11.88,
24.98,,0.42,6.216,,24.98,,8.8,0.19,1531497600,91.0,,11.28,
24.67,,0.48,6.03,,24.67,,12.15,0.34,1531501200,96.0,,12.93,
23.17,,0.55,6.216,,23.17,,12.22,0.59,1531504800,106.0,,13.53,
21.68,,0.61,6.216,,21.68,,12.0,0.45,1531508400,108.0,,13.71,
19.7,,0.68,6.216,,19.7,,9.57,0.55,1531512000,84.0,,13.66,
19.06,,0.75,6.216,,19.06,,7.51,0.58,1531515600,79.0,,14.47,
17.9,,0.79,6.189,,17.9,,8.43,0.6,1531519200,95.0,,14.25,
17.79,,0.76,6.185,,17.79,,7.6,0.88,1531522800,107.0,,13.52,
17.35,,0.78,6.185,,17.35,,6.06,0.38,1531526400,118.0,,13.51,
16.53,,0.82,6.125,,16.53,,6.15,0.75,1531530000,122.0,,13.46,
16.53,,0.82,6.125,,16.53,,5.26,0.19,1531533600,118.0,,13.46,
16.36,,0.8,6.064,,16.36,,5.03,,1531537200,111.0,,12.84,
15.2,,0.83,5.101,,15.2,,5.29,,1531540800,121.0,,12.31,
15.57,,0.87,5.46,,15.57,,4.58,,1531544400,123.0,,13.39,
16.78,,0.82,5.763,,16.78,,6.38,0.19,1531548000,113.0,,13.68,
18.45,,0.71,6.216,,18.45,,5.23,,1531551600,135.0,,12.99,
20.45,,0.67,6.216,,20.45,,5.32,0.19,1531555200,115.0,,14.16,
22.0,,0.62,6.216,,22.0,,4.73,0.19,1531558800,128.0,,14.32,
23.19,,0.56,6.216,,23.19,,5.33,0.21,1531562400,123.0,,14.04,
24.37,,0.5,6.216,,24.37,,5.77,0.41,1531566000,125.0,,13.21,
25.12,,0.47,6.216,,25.12,,5.83,0.38,1531569600,146.0,,12.92,
26.51,,0.41,6.216,,26.51,,5.11,0.38,1531573200,170.0,,12.11,
26.5,,0.42,6.216,,26.5,,6.4,0.25,1531576800,129.0,,12.37,
27.03,,0.4,6.216,,27.03,,5.65,,1531580400,203.0,,12.32,
26.57,,0.42,6.216,,26.57,,8.48,,1531584000,132.0,,12.59,
27.02,,0.41,6.216,,27.02,,10.2,0.19,1531587600,125.0,,12.59,
26.19,,0.44,6.216,,26.19,,12.03,,1531591200,142.0,,13.1,
25.03,,0.48,6.216,,25.03,,10.97,,1531594800,163.0,,13.22,
24.14,,0.49,6.216,,24.14,,7.82,,1531598400,197.0,,12.77,
23.11,,0.52,6.216,,23.11,,7.52,,1531602000,204.0,,12.83,
22.14,,0.54,6.216,,22.14,,6.03,,1531605600,214.0,,12.33,
20.72,,0.61,6.216,,20.72,,4.44,,1531609200,220.0,,12.81,
19.64,,0.65,6.216,,19.64,,4.0,,1531612800,211.0,,12.95,
18.54,,0.69,6.216,,18.54,,4.75,,1531616400,211.0,,12.64,
17.49,,0.73,6.216,,17.49,,4.16,,1531620000,223.0,,12.59,
17.23,,0.74,6.216,,17.23,,3.66,,1531623600,223.0,,12.59,
16.23,,0.79,6.081,,16.23,,4.44,,1531627200,231.0,,12.66,
16.32,,0.79,6.216,,16.32,,4.68,,1531630800,241.0,,12.59,
17.83,,0.73,6.216,,17.83,,3.32,0.19,1531634400,244.0,,12.82,
20.03,,0.64,6.216,,20.03,,2.65,,1531638000,318.0,,13.05,
22.44,,0.53,6.216,,22.44,,3.04,,1531641600,239.0,,12.38,
23.91,,0.47,6.216,,23.91,,5.02,0.19,1531645200,259.0,,11.78,
25.88,,0.35,6.216,,25.88,,5.08,0.19,1531648800,214.0,,9.2,
26.4,,0.34,6.216,,26.4,,7.45,0.19,1531652400,240.0,,9.41,
28.24,,0.3,6.216,,28.24,,6.56,,1531656000,191.0,,9.25,
28.23,,0.31,6.216,,28.23,,6.52,0.19,1531659600,208.0,,9.27,
29.49,,0.26,6.216,,29.49,,7.72,,1531663200,216.0,,7.82,
29.49,,0.26,6.216,,29.49,,8.41,,1531666800,236.0,,7.74,
29.36,,0.26,6.216,,29.36,,8.42,,1531670400,253.0,,7.75,
29.45,,0.27,6.216,,29.45,,7.87,,1531674000,264.0,,8.32,
28.77,,0.28,6.216,,28.77,,7.85,,1531677600,232.0,,8.52,
27.82,,0.32,6.216,,27.82,,8.05,,1531681200,267.0,,9.73,
26.48,,0.39,6.216,,26.48,,9.12,,1531684800,240.0,,11.3,
24.65,,0.43,6.216,,24.65,,8.14,,1531688400,280.0,,11.26,
23.31,,0.43,6.216,,23.31,,7.49,,1531692000,303.0,,10.07,
22.14,,0.47,6.216,,22.14,,4.4,,1531695600,298.0,,10.2,
21.24,,0.49,6.216,,21.24,,4.11,,1531699200,278.0,,10.21,
20.75,,0.53,6.216,,20.75,,4.58,,1531702800,290.0,,10.74,
19.48,,0.58,6.216,,19.48,,3.8,,1531706400,232.0,,11.0,
18.57,,0.61,6.216,,18.57,,4.24,,1531710000,250.0,,10.83,
17.74,,0.64,6.216,,17.74,,4.97,,1531713600,239.0,,10.8,
17.87,,0.66,6.216,,17.87,,5.03,,1531717200,254.0,,11.54,
19.45,,0.62,6.216,,19.45,,4.88,,1531720800,260.0,,12.01,
21.64,,0.54,6.216,,21.64,,4.27,,1531724400,263.0,,11.88,
23.22,,0.49,6.216,,23.22,,4.5,,1531728000,313.0,,12.07,
24.89,,0.44,6.216,,24.89,,4.25,0.19,1531731600,316.0,,11.84,
26.59,,0.38,6.216,,26.59,,5.67,,1531735200,221.0,,11.03,
27.07,,0.36,6.216,,27.07,,5.79,,1531738800,251.0,,10.6,
27.69,,0.33,6.216,,27.69,,8.35,0.19,1531742400,264.0,,10.02,
28.73,,0.29,6.216,,28.73,,7.13,,1531746000,248.0,,9.05,
28.68,,0.3,6.216,,28.68,,7.39,0.19,1531749600,232.0,,9.26,
28.47,,0.28,6.216,,28.47,,9.41,,1531753200,247.0,,8.22,
28.33,,0.31,6.216,,28.33,,11.58,,1531756800,239.0,,9.52,
27.53,,0.34,6.216,,27.53,,12.96,,1531760400,246.0,,10.21,
27.4,,0.34,6.216,,27.4,,11.43,,1531764000,229.0,,10.2,
26.36,,0.35,6.216,,26.36,,11.81,,1531767600,235.0,,9.84,
24.67,,0.41,6.216,,24.67,,11.15,,1531771200,252.0,,10.67,
23.03,,0.53,6.216,,23.03,,12.34,,1531774800,275.0,,12.95,
19.79,,0.65,6.216,,19.79,,11.51,0.19,1531782000,285.0,,13.09,
18.71,,0.59,6.216,,18.71,,12.76,0.19,1531785600,270.0,,10.54,
17.72,,0.61,6.216,,17.72,,10.72,0.44,1531789200,264.0,,10.18,
16.71,,0.71,,,16.71,,,,1531792800,,,11.52,
15.71,,0.73,6.216,,15.71,,10.8,,1531796400,271.0,,10.95,
14.79,,0.78,6.216,,14.79,,10.26,0.58,1531800000,262.0,,10.95,
14.93,,0.76,6.216,,14.93,,10.23,,1531803600,275.0,,10.78,
15.95,,0.72,6.216,,15.95,,9.37,0.73,1531807200,257.0,,10.81,
17.22,,0.67,6.216,,17.22,,9.43,0.42,1531810800,266.0,,11.07,
18.69,,0.6,6.216,,18.69,,9.81,0.38,1531814400,273.0,,10.7,
20.57,,0.51,6.216,,20.57,,10.01,0.29,1531818000,255.0,,10.01,
21.57,,0.46,6.216,,21.57,,11.76,0.4,1531821600,259.0,,9.4,
22.75,,0.41,6.216,,22.75,,12.79,0.55,1531828800,250.0,,8.78,
22.91,,0.41,6.216,,22.91,,13.81,0.37,1531832400,249.0,,9.06,
23.53,,0.39,6.216,,23.53,,13.34,0.19,1531836000,247.0,,8.79,
23.36,,0.39,6.216,,23.36,,12.35,0.23,1531839600,238.0,,8.74,
23.21,,0.42,6.216,,23.21,,12.27,0.22,1531843200,233.0,,9.43,
23.09,,0.44,6.216,,23.09,,13.95,0.19,1531846800,255.0,,10.14,
22.6,,0.47,6.216,,22.6,,12.17,0.19,1531850400,239.0,,10.59,
21.75,,0.5,6.216,,21.75,,11.23,0.19,1531854000,243.0,,10.78,
20.34,,0.55,,,20.34,,9.93,,1531857600,239.0,,11.03,
19.3,,0.61,6.216,,19.3,,9.41,,1531861200,240.0,,11.7,
18.93,,0.63,6.216,,18.93,,7.52,0.75,1531864800,235.0,,11.71,
19.04,,0.63,6.216,,19.04,,8.74,1.0,1531868400,240.0,,11.89,
18.08,,0.67,6.216,,18.08,,7.23,0.75,1531872000,247.0,,11.92,
18.04,,0.67,6.216,,18.04,,7.23,0.75,1531875600,241.0,,11.92,
17.15,,0.71,6.216,,17.15,,5.52,0.75,1531879200,242.0,,11.92,
16.75,,0.77,6.216,,16.75,,5.38,1.0,1531882800,229.0,,12.63,
16.1,,0.8,6.216,,16.1,,7.01,0.75,1531890000,230.0,,12.63,
17.11,,0.76,6.216,,17.11,,5.15,,1531893600,229.0,,12.94,
17.85,,0.73,,,17.85,,,,1531897200,,,12.91,
19.81,,0.6,6.216,,19.81,,5.0,0.4,1531900800,245.0,,11.85,
20.94,,0.55,6.216,,20.94,,4.24,0.45,1531904400,226.0,,11.45,
21.25,,0.51,6.216,,21.25,,4.93,0.59,1531908000,210.0,,10.66,
,,,6.216,,,,,0.39,1531911600,,,10.26,
22.99,,0.44,6.216,,22.99,,5.51,0.63,1531915200,230.0,,10.13,
23.9,,0.42,6.216,,23.9,,6.91,0.23,1531918800,232.0,,10.17,
24.01,,0.4,6.216,,24.01,,5.7,0.33,1531922400,206.0,,9.57,
23.84,,0.39,6.216,,23.84,,6.82,0.44,1531926000,236.0,,9.2,
23.87,,0.4,6.216,,23.87,,5.72,0.44,1531929600,201.0,,9.49,
24.36,,0.39,6.216,,24.36,,5.62,0.44,1531933200,173.0,,9.49,
23.84,,0.42,6.216,,23.84,,6.58,,1531936800,181.0,,10.21,
23.33,,0.44,6.216,,23.33,,6.62,,1531940400,191.0,,10.31,
22.24,,0.5,6.216,,22.24,,7.18,,1531944000,213.0,,11.2,
20.97,,0.56,6.216,,20.97,,6.01,,1531947600,216.0,,11.76,
20.33,,0.58,6.216,,20.33,,4.76,,1531951200,222.0,,11.92,
19.58,,0.61,6.216,,19.58,,3.23,,1531954800,227.0,,11.88,
18.32,,0.66,6.216,,18.32,,2.03,0.19,1531958400,247.0,,11.87,
17.31,,0.71,6.216,,17.31,,4.02,0.19,1531962000,231.0,,11.95,
16.4,,0.74,6.216,,16.4,,4.9,,1531965600,109.0,,11.85,
16.41,,0.75,6.216,,16.41,,2.7,,1531969200,131.0,,11.87,
15.99,,0.75,6.216,,15.99,,3.48,,1531972800,195.0,,11.65,
15.57,,0.8,6.216,,15.57,,2.68,0.44,1531976400,22.0,,12.22,
17.35,,0.73,6.216,,17.35,,3.72,,1531980000,79.0,,12.37,
18.8,,0.63,6.216,,18.8,,4.34,,1531983600,110.0,,11.7,
20.23,,0.56,6.216,,20.23,,4.7,,1531987200,113.0,,11.19,
22.96,,0.43,6.216,,22.96,,6.39,,1531990800,140.0,,9.73,
23.74,,0.39,6.216,,23.74,,6.83,0.64,1531994400,166.0,,8.87,
24.97,,0.35,6.216,,24.97,,7.28,0.44,1531998000,148.0,,8.41,
26.5,,0.32,6.216,,26.5,,6.55,,1532001600,172.0,,8.36,
26.2,,0.36,6.216,,26.2,,6.36,,1532005200,166.0,,9.9,
26.51,,0.37,6.216,,26.51,,6.86,,1532008800,120.0,,10.51,
26.48,,0.39,6.216,,26.48,,9.32,,1532012400,122.0,,11.27,
26.61,,0.36,6.216,,26.61,,9.34,,1532016000,104.0,,10.18,
25.71,,0.4,6.216,,25.71,,11.72,,1532019600,88.0,,11.02,
24.72,,0.42,6.216,,24.72,,11.62,,1532023200,103.0,,10.89,
23.69,,0.42,6.216,,23.69,,12.08,,1532026800,102.0,,10.18,
22.43,,0.48,6.216,,22.43,,9.65,,1532030400,89.0,,10.78,
21.37,,0.47,6.216,,21.37,,8.68,,1532034000,105.0,,9.52,
20.56,,0.5,6.216,,20.56,,7.25,,1532037600,102.0,,9.71,
20.03,,0.48,6.216,,20.03,,5.93,,1532041200,119.0,,8.79,
19.57,,0.46,6.216,,19.57,,5.57,0.75,1532044800,125.0,,7.64,
19.48,,0.48,6.216,,19.48,,5.52,,1532048400,107.0,,8.28,
18.58,,0.55,6.216,,18.58,,4.24,0.75,1532052000,117.0,,9.47,
19.26,,0.54,6.216,,19.26,,4.02,0.75,1532055600,81.0,,9.74,
18.21,,0.59,6.216,,18.21,,4.63,0.75,1532059200,77.0,,10.06,
18.21,,0.62,6.216,,18.21,,4.48,0.75,1532062800,76.0,,10.81,
18.69,,0.62,6.216,,18.69,,5.19,,1532066400,94.0,,11.18,
20.02,,0.58,6.216,,20.02,,5.91,,1532070000,93.0,,11.63,
21.16,,0.53,6.216,,21.16,,5.01,,1532073600,130.0,,11.24,
21.87,,0.51,6.216,,21.87,,5.4,,1532077200,154.0,,11.31,
23.64,,0.51,6.216,,23.64,,6.02,,1532080800,186.0,,12.98,
23.53,,0.52,6.216,,23.53,,10.3,0.63,1532084400,170.0,,13.0,
23.13,,0.56,6.216,,23.13,,8.88,0.63,1532088000,168.0,,13.82,
23.29,,0.56,6.216,,23.29,,8.33,0.58,1532091600,176.0,,14.08,
22.8,,0.6,6.216,,22.8,,8.88,0.66,1532095200,161.0,,14.52,
22.68,,0.58,6.216,,22.68,,8.52,0.71,1532098800,160.0,,14.11,
22.25,,0.62,6.216,,22.25,,9.13,0.47,1532102400,187.0,,14.5,
21.56,,0.66,6.216,,21.56,,8.51,0.3,1532109600,181.0,,14.9,
21.2,,0.69,6.216,,21.2,,9.32,0.25,1532113200,193.0,,15.23,
19.68,,0.71,6.216,,19.68,,6.99,0.8,1532120400,199.0,,14.35,
19.31,,0.73,6.216,,19.31,,6.1,0.73,1532124000,223.0,,14.35,
19.31,,0.76,6.163,,19.31,,5.02,0.59,1532127600,226.0,,14.95,
18.31,,0.81,6.189,,18.31,,4.22,0.66,1532131200,222.0,,14.91,
18.08,,0.81,6.085,,18.08,,2.64,0.95,1532134800,259.0,,14.86,
17.99,,0.82,6.075,,17.99,,2.33,0.92,1532138400,336.0,,14.82,
17.97,,0.82,5.635,,17.97,,4.13,0.8,1532142000,223.0,,14.83,
17.83,,0.83,5.475,,17.83,,4.33,0.95,1532145600,264.0,,14.83,
17.97,,0.83,5.418,,17.98,,3.21,,1532149200,262.0,,14.98,
18.07,,0.82,5.726,,18.07,,3.02,0.44,1532152800,272.0,,14.98,
19.12,,0.77,6.14,,19.12,,3.44,0.19,1532156400,327.0,,15.05,
20.66,,0.69,6.216,,20.66,,2.02,0.19,1532160000,302.0,,14.74,
21.88,,0.63,6.216,,21.88,,5.5,0.2,1532163600,284.0,,14.45,
23.15,,0.55,6.216,,23.15,,6.09,0.3,1532167200,305.0,,13.69,
23.68,,0.52,6.216,,23.68,,5.73,0.6,1532170800,302.0,,13.19,
25.55,,0.45,6.216,,25.55,,5.51,0.48,1532174400,345.0,,12.69,
26.19,,0.42,6.216,,26.19,,6.21,0.67,1532178000,235.0,,12.22,
26.4,,0.4,6.216,,26.4,,4.92,0.68,1532181600,263.0,,11.6,
27.73,,0.37,4.122,,27.73,,6.03,0.19,1532185200,170.0,,11.6,
26.65,,0.4,4.122,,26.65,,5.02,0.45,1532188800,16.0,,11.98,
26.59,,0.39,6.216,,26.59,,6.09,0.44,1532192400,247.0,,11.48,
26.12,,0.42,6.216,,26.12,,8.37,,1532196000,234.0,,12.3,
25.12,,0.48,6.216,,25.12,,7.32,0.75,1532199600,253.0,,13.21,
23.94,,0.52,6.216,,23.94,,8.68,,1532203200,233.0,,13.6,
22.93,,0.57,6.216,,22.93,,7.78,1.0,1532206800,234.0,,13.92,
22.23,,0.59,6.216,,22.23,,9.22,,1532210400,242.0,,13.91,
21.64,,0.61,6.216,,21.64,,8.0,0.75,1532214000,258.0,,13.73,
19.74,,0.68,6.216,,19.74,,4.18,0.75,1532221200,272.0,,13.73,
19.35,,0.71,6.216,,19.35,,3.37,0.75,1532224800,239.0,,13.87,
18.88,,0.73,6.216,,18.88,,3.91,,1532228400,213.0,,13.84,
17.58,,0.78,6.216,,17.58,,4.6,,1532232000,226.0,,13.65,
17.55,,0.78,6.216,,17.55,,5.47,0.75,1532235600,244.0,,13.68,
18.33,,0.77,6.216,,18.33,,6.11,,1532239200,244.0,,14.14,
19.52,,0.72,6.216,,19.52,,4.7,,1532242800,266.0,,14.27,
21.32,,0.67,6.216,,21.32,,6.25,,1532246400,265.0,,14.88,
22.73,,0.61,6.216,,22.73,,6.28,,1532250000,264.0,,14.75,
24.51,,0.53,6.216,,24.51,,9.42,0.19,1532253600,273.0,,14.31,
24.91,,0.49,6.216,,24.91,,10.64,0.48,1532257200,267.0,,13.46,
26.48,,0.41,6.216,,26.48,,10.27,0.32,1532260800,258.0,,12.15,
26.67,,0.36,6.216,,26.67,,10.55,0.68,1532264400,263.0,,10.33,
27.24,,0.37,6.216,,27.24,,9.63,0.88,1532268000,263.0,,11.22,
27.67,,0.36,6.216,,27.67,,8.44,0.75,1532271600,277.0,,11.18,
27.1,,0.4,6.216,,27.1,,6.85,1.0,1532275200,282.0,,12.42,
27.06,,0.41,6.216,,27.06,,6.97,,1532282400,283.0,,12.78,
26.61,,0.44,6.216,,26.61,,6.25,,1532286000,237.0,,13.26,
25.99,,0.45,6.216,,25.99,,6.51,,1532289600,225.0,,13.01,
24.31,,0.48,6.216,,24.31,,6.87,0.19,1532293200,213.0,,12.54,
23.13,,0.5,6.216,,23.13,,5.75,,1532296800,224.0,,12.28,
22.76,,0.51,6.216,,22.76,,4.56,,1532300400,219.0,,12.01,
22.12,,0.54,6.216,,22.12,,4.37,,1532304000,217.0,,12.25,
20.72,,0.62,6.216,,20.72,,3.74,0.44,1532307600,217.0,,13.13,
20.57,,0.62,6.216,,20.57,,3.97,0.44,1532311200,229.0,,13.09,
20.17,,0.67,6.216,,20.17,,3.03,0.44,1532314800,215.0,,13.83,
19.39,,0.71,6.216,,19.39,,3.04,0.19,1532318400,242.0,,13.97,
19.57,,0.72,6.216,,19.57,,4.46,0.19,1532322000,235.0,,14.37,
20.99,,0.7,6.216,,20.99,,5.31,,1532325600,230.0,,15.3,
22.66,,0.66,6.216,,22.7,,5.7,,1532329200,222.0,,16.01,
24.84,,0.6,6.216,,24.93,,6.05,,1532332800,239.0,,16.43,
26.72,,0.54,6.216,,27.41,,7.17,0.19,1532336400,249.0,,16.77,
28.05,,0.48,6.216,,28.29,,9.39,0.19,1532340000,249.0,,15.89,
29.29,,0.43,6.216,,29.29,,9.34,0.26,1532343600,252.0,,15.25,
29.82,,0.41,6.216,,29.82,,8.51,0.23,1532347200,230.0,,15.05,
30.66,,0.39,6.216,,30.66,,9.32,0.38,1532350800,224.0,,15.17,
30.73,,0.39,6.216,,30.73,,9.08,0.38,1532354400,223.0,,15.17,
30.69,,0.4,6.216,,30.69,,10.67,0.38,1532358000,194.0,,15.61,
30.69,,0.38,6.216,,30.69,,12.35,,1532361600,216.0,,14.81,
29.67,,0.39,6.216,,29.67,,12.1,,1532365200,209.0,,14.14,
28.9,,0.39,6.216,,28.9,,11.95,,1532368800,204.0,,13.66,
28.16,,0.4,6.216,,28.16,,10.34,,1532372400,201.0,,13.33,
26.01,,0.41,,,26.01,,9.67,,1532376000,212.0,,11.92,
24.07,,0.43,6.216,,24.07,,8.06,,1532379600,205.0,,10.56,
22.55,,0.48,6.216,,22.55,,8.53,,1532383200,209.0,,10.94,
21.46,,0.62,6.216,,21.46,,6.94,,1532386800,225.0,,13.96,
20.42,,0.7,6.216,,20.42,,6.47,,1532390400,224.0,,14.84,
19.97,,0.73,6.216,,19.97,,6.82,,1532394000,226.0,,14.97,
19.09,,0.81,6.216,,19.16,,6.41,,1532397600,227.0,,15.68,
18.14,,0.85,6.122,,18.22,,4.7,0.44,1532401200,227.0,,15.54,
18.06,,0.86,6.061,,18.17,,5.34,0.44,1532404800,223.0,,15.72,
18.09,,0.86,6.045,,18.2,,6.69,,1532408400,228.0,,15.7,
19.31,,0.8,6.135,,19.39,,5.71,0.31,1532412000,229.0,,15.79,
20.69,,0.73,6.216,,20.73,,6.51,0.19,1532415600,250.0,,15.71,
22.68,,0.64,6.216,,22.69,,6.96,0.19,1532419200,253.0,,15.59,
23.9,,0.57,6.216,,23.9,,7.78,0.19,1532422800,249.0,,14.82,
25.75,,0.51,6.216,,25.75,,6.79,0.19,1532426400,230.0,,14.96,
27.17,,0.48,6.216,,27.43,,9.48,0.23,1532430000,243.0,,15.11,
28.46,,0.42,,,28.46,,,,1532437200,,,14.31,
29.18,,0.41,6.216,,29.18,,12.48,0.38,1532440800,244.0,,14.59,
28.81,,0.4,6.216,,28.81,,12.19,,1532444400,237.0,,13.99,
28.72,,0.41,6.216,,28.72,,11.49,,1532451600,229.0,,13.99,
28.35,,0.42,6.216,,28.35,,10.17,,1532455200,241.0,,14.11,
27.47,,0.42,6.216,,27.47,,9.68,,1532458800,241.0,,13.48,
26.24,,0.47,6.216,,26.24,,7.27,,1532462400,225.0,,13.99,
24.91,,0.53,6.216,,24.91,,6.05,,1532466000,226.0,,14.62,
24.01,,0.56,6.216,,24.01,,6.69,,1532469600,245.0,,14.7,
22.82,,0.58,,,22.82,,8.13,,1532473200,259.0,,14.09,
21.74,,0.64,6.216,,21.74,,5.45,,1532476800,269.0,,14.64,
21.19,,0.66,6.216,,21.19,,3.83,,1532480400,306.0,,14.68,
20.38,,0.7,6.216,,20.38,,2.67,,1532484000,326.0,,14.64,
19.33,,0.74,6.216,,19.33,,5.01,,1532487600,311.0,,14.59,
18.84,,0.81,6.216,,18.88,,5.14,,1532491200,337.0,,15.42,
18.25,,0.81,6.216,,18.25,,4.9,,1532494800,344.0,,14.88,
19.27,,0.75,6.216,,19.27,,5.37,0.29,1532498400,355.0,,14.71,
20.02,,0.68,6.216,,20.02,,5.64,0.19,1532502000,356.0,,13.96,
23.82,,0.56,6.216,,23.82,,4.36,1.0,1532509200,17.0,,14.62,
25.37,,0.51,6.216,,25.37,,4.36,0.48,1532512800,7.0,,14.62,
26.81,,0.45,6.216,,26.99,,4.94,0.32,1532516400,167.0,,14.01,
27.73,,0.42,6.216,,27.73,,5.23,0.51,1532520000,281.0,,13.76,
28.4,,0.41,6.216,,28.4,,8.01,0.19,1532523600,270.0,,13.87,
28.98,,0.39,6.216,,28.98,,6.08,,1532527200,251.0,,13.49,
29.91,,0.37,6.216,,29.91,,,,1532530800,,,13.49,
30.66,,0.35,6.216,,30.66,,6.25,,1532534400,229.0,,13.5,
30.3,,0.36,6.216,,30.3,,5.49,,1532538000,217.0,,13.5,
29.81,,0.37,6.216,,29.81,,8.39,,1532541600,141.0,,13.55,
28.06,,0.45,6.216,,28.06,,10.28,,1532545200,133.0,,14.88,
25.22,,0.56,6.216,,25.26,,11.22,,1532548800,116.0,,15.75,
23.32,,0.61,6.216,,23.32,,11.05,,1532552400,110.0,,15.5,
21.7,,0.7,5.872,,21.75,,10.51,,1532556000,102.0,,15.95,
21.02,,0.73,5.187,,21.1,,7.72,,1532559600,91.0,,16.09,
20.61,,0.81,4.479,,20.83,,8.74,,1532563200,104.0,,17.18,
20.34,,0.83,4.039,,20.58,,7.1,,1532566800,105.0,,17.26,
20.02,,0.85,3.534,,20.29,,6.36,,1532570400,86.0,,17.4,
19.43,,0.91,3.056,,19.81,,6.27,,1532574000,97.0,,17.93,
19.52,,0.87,3.27,,19.79,,6.27,0.19,1532577600,82.0,,17.24,
18.81,,0.92,2.917,,19.14,,6.72,,1532581200,88.0,,17.41,
20.31,,0.83,2.722,,20.56,,4.91,0.75,1532584800,93.0,,17.28,
21.74,,0.79,3.692,,22.05,,6.25,0.44,1532588400,85.0,,18.03,
24.24,,0.65,5.157,,24.43,,6.49,,1532592000,96.0,,17.33,
26.35,,0.58,6.129,,26.55,,8.08,,1532595600,109.0,,17.33,
28.69,,0.51,6.216,,29.42,,8.0,,1532599200,123.0,,17.67,
30.87,,0.41,6.216,,30.88,,9.41,,1532602800,155.0,,16.06,
32.41,,0.37,6.216,,32.41,,11.12,,1532606400,153.0,,15.72,
33.09,,0.33,6.216,,33.09,,11.54,,1532610000,139.0,,14.57,
33.64,,0.3,6.216,,33.64,,11.63,0.19,1532613600,178.0,,13.73,
33.81,,0.28,6.216,,33.81,,12.33,0.19,1532617200,166.0,,12.63,
33.97,,0.28,6.216,,33.97,,11.77,0.19,1532620800,170.0,,12.87,
33.44,,0.28,6.216,,33.44,,12.79,,1532624400,165.0,,12.38,
32.49,,0.29,6.216,,32.49,,11.42,,1532628000,173.0,,12.17,
31.57,,0.33,6.216,,31.57,,10.8,,1532631600,193.0,,13.18,
29.08,,0.41,6.216,,29.08,,9.75,,1532635200,229.0,,14.6,
26.85,,0.51,6.216,,27.34,,8.05,,1532638800,234.0,,15.9,
25.68,,0.54,6.216,,25.73,,6.44,0.44,1532642400,227.0,,15.78,
25.02,,0.56,6.216,,25.05,,4.92,0.75,1532646000,220.0,,15.71,
24.56,,0.58,6.193,,24.59,,4.44,0.75,1532649600,211.0,,15.76,
23.45,,0.6,6.216,,23.45,,4.89,0.44,1532653200,242.0,,15.13,
23.07,,0.63,6.126,,23.07,,4.67,0.44,1532656800,254.0,,15.63,
23.43,,0.62,6.161,,23.46,,4.61,,1532660400,237.0,,15.77,
21.45,,0.69,6.216,,21.46,,4.57,0.23,1532667600,291.0,,15.63,
21.51,,0.67,6.196,,21.51,,4.08,,1532671200,271.0,,15.02,
23.16,,0.58,6.216,,23.16,,4.83,0.19,1532674800,275.0,,14.42,
24.7,,0.54,6.216,,24.7,,4.01,,1532678400,300.0,,14.73,
26.85,,0.48,6.216,,27.14,,4.07,,1532682000,306.0,,14.78,
28.2,,0.44,6.216,,28.2,,4.89,,1532685600,222.0,,14.72,
29.14,,0.42,6.216,,29.14,,5.78,,1532689200,293.0,,15.08,
30.61,,0.4,6.216,,30.61,,7.12,,1532692800,224.0,,15.36,
30.96,,0.41,6.216,,30.96,,9.73,,1532696400,247.0,,16.03,
31.2,,0.4,6.216,,31.2,,9.96,,1532700000,181.0,,15.99,
30.9,,0.41,6.216,,30.93,,12.77,0.61,1532703600,210.0,,16.15,
27.75,,0.53,6.216,,28.41,,13.38,0.61,1532707200,220.0,,17.23,
24.33,,0.7,6.216,,24.65,,8.4,0.32,1532710800,211.0,,18.59,
20.85,,0.79,6.216,,21.05,,10.56,0.33,1532714400,203.0,,17.03,
21.11,,0.79,6.216,,21.33,,9.89,0.47,1532718000,226.0,,17.27,
20.82,,0.74,6.216,,20.89,,7.55,0.38,1532721600,201.0,,16.01,
19.82,,0.79,6.216,,19.91,,6.56,0.75,1532725200,118.0,,15.99,
19.34,,0.8,6.216,,19.43,,7.03,0.75,1532728800,139.0,,15.86,
19.54,,0.8,6.171,,19.64,,6.42,0.68,1532732400,158.0,,15.99,
20.06,,0.75,6.216,,20.07,,9.05,0.67,1532736000,171.0,,15.44,
19.33,,0.8,6.216,,19.4,,8.57,0.32,1532739600,182.0,,15.78,
18.64,,0.84,6.216,,18.76,,9.24,0.79,1532743200,195.0,,15.96,
18.64,,0.84,6.216,,18.75,,10.16,0.74,1532746800,176.0,,15.92,
18.56,,0.85,6.184,,18.69,,8.43,0.38,1532750400,171.0,,15.97,
18.56,,0.86,6.216,,18.71,,9.44,0.74,1532754000,171.0,,16.14,
18.58,,0.81,6.111,,18.61,,12.12,0.42,1532757600,220.0,,15.26,
17.18,,0.73,6.216,,17.18,,15.1,0.6,1532761200,232.0,,12.32,
18.24,,0.54,6.216,,18.24,,19.41,0.32,1532764800,232.0,,8.69,
19.4,,0.51,6.216,,19.4,,19.13,0.23,1532768400,236.0,,8.93,
19.71,,0.49,6.216,,19.71,,20.06,0.31,1532772000,230.0,,8.62,
21.36,,0.42,6.216,,21.36,,20.74,0.47,1532775600,225.0,,8.01,
21.57,,0.41,6.216,,21.57,,19.64,0.44,1532779200,228.0,,7.84,
21.91,,0.37,6.216,,21.91,,21.8,0.49,1532782800,224.0,,6.36,
21.46,,0.45,6.216,,21.46,,21.37,0.32,1532786400,214.0,,9.18,
21.77,,0.42,6.216,,21.77,,23.24,0.28,1532790000,220.0,,8.23,
21.26,,0.45,6.216,,21.26,,21.53,0.63,1532793600,223.0,,8.78,
20.62,,0.49,6.216,,20.62,,20.36,0.5,1532797200,223.0,,9.48,
20.37,,0.49,6.216,,20.37,,21.97,0.45,1532800800,224.0,,9.43,
19.52,,0.53,6.216,,19.52,,16.96,0.45,1532804400,223.0,,9.66,
18.19,,0.61,6.216,,18.19,,15.25,0.39,1532808000,218.0,,10.51,
17.6,,0.66,6.216,,17.6,,14.41,0.43,1532811600,217.0,,11.14,
17.37,,0.68,6.216,,17.37,,14.29,0.22,1532815200,223.0,,11.36,
17.29,,0.68,6.216,,17.29,,11.84,0.67,1532818800,217.0,,11.37,
17.29,,0.68,6.216,,17.29,,10.53,0.44,1532822400,207.0,,11.28,
17.25,,0.67,6.216,,17.25,,7.8,0.63,1532826000,192.0,,11.04,
17.33,,0.69,6.216,,17.33,,9.53,0.75,1532829600,171.0,,11.61,
16.96,,0.75,6.216,,16.96,,9.42,0.51,1532833200,165.0,,12.47,
17.37,,0.74,6.216,,17.37,,9.61,0.3,1532836800,169.0,,12.74,
16.78,,0.81,6.216,,16.78,,10.78,0.58,1532840400,153.0,,13.56,
17.6,,0.76,6.216,,17.6,,12.01,0.59,1532844000,150.0,,13.32,
17.21,,0.81,4.367,,17.21,,14.32,0.8,1532847600,179.0,,13.93,
16.52,,0.85,5.484,,16.52,,13.89,0.76,1532851200,170.0,,14.01,
16.52,,0.9,4.836,,16.56,,14.26,0.76,1532854800,163.0,,14.79,
16.64,,0.89,5.818,,16.68,,16.91,0.91,1532858400,172.0,,14.82,
17.61,,0.89,4.486,,17.75,,18.19,0.92,1532862000,179.0,,15.79,
18.43,,0.88,5.34,,18.61,,17.71,0.92,1532865600,183.0,,16.32,
18.8,,0.88,4.944,,19.04,,18.0,0.95,1532869200,189.0,,16.79,
19.46,,0.87,4.988,,19.73,,17.22,0.93,1532872800,192.0,,17.24,
19.76,,0.87,4.471,,20.05,,18.19,0.95,1532876400,195.0,,17.44,
20.15,,0.87,4.515,,20.5,,16.07,0.97,1532880000,191.0,,17.95,
20.34,,0.88,4.419,,20.73,,16.35,0.97,1532883600,198.0,,18.28,
20.34,,0.87,5.41,,20.69,,15.75,0.97,1532887200,202.0,,18.04,
20.45,,0.85,5.688,,20.77,,15.77,0.95,1532890800,205.0,,17.82,
20.03,,0.83,6.216,,20.26,,15.69,0.82,1532894400,209.0,,17.07,
20.0,,0.83,5.721,,20.21,,15.03,0.85,1532898000,215.0,,16.96,
19.59,,0.85,6.216,,19.82,,14.09,0.77,1532901600,220.0,,16.95,
19.18,,0.85,6.216,,19.38,,12.74,0.76,1532905200,220.0,,16.6,
19.14,,0.82,6.216,,19.25,,9.68,0.73,1532908800,217.0,,16.01,
18.45,,0.86,6.216,,18.59,,7.55,0.77,1532912400,214.0,,16.01,
18.27,,0.86,6.122,,18.41,,6.75,0.36,1532916000,206.0,,15.97,
18.41,,0.86,6.184,,18.55,,6.65,0.91,1532919600,193.0,,16.01,
18.59,,0.88,6.03,,18.8,,6.72,0.77,1532923200,168.0,,16.56,
18.59,,0.88,6.216,,18.82,,6.93,0.85,1532926800,169.0,,16.65,
18.52,,0.9,5.612,,18.78,,8.2,0.88,1532930400,193.0,,16.85,
19.48,,0.88,5.532,,19.79,,8.05,0.84,1532934000,184.0,,17.48,
19.87,,0.86,5.612,,20.14,,8.59,0.8,1532937600,213.0,,17.38,
19.93,,0.85,4.693,,20.2,,9.67,0.72,1532941200,209.0,,17.34,
21.02,,0.77,6.216,,21.19,,11.75,0.79,1532944800,216.0,,16.83,
21.27,,0.74,6.216,,21.38,,13.54,0.72,1532948400,201.0,,16.37,
21.83,,0.65,6.216,,21.83,,15.9,0.67,1532952000,217.0,,14.98,
22.44,,0.62,6.216,,22.44,,16.87,0.37,1532955600,212.0,,14.85,
21.78,,0.65,6.216,,21.78,,16.73,0.54,1532959200,208.0,,14.89,
22.71,,0.55,6.216,,22.71,,16.82,0.52,1532962800,217.0,,13.23,
22.71,,0.55,6.216,,22.71,,15.94,0.47,1532966400,221.0,,13.18,
22.55,,0.57,6.216,,22.55,,13.58,0.29,1532970000,215.0,,13.56,
21.83,,0.58,6.216,,21.83,,13.45,0.37,1532973600,221.0,,13.18,
21.22,,0.57,6.216,,21.22,,15.03,0.3,1532977200,211.0,,12.35,
20.19,,0.6,6.216,,20.19,,11.86,0.45,1532980800,222.0,,12.16,
19.2,,0.65,6.216,,19.2,,9.6,1.0,1532984400,203.0,,12.54,
18.34,,0.71,6.216,,18.34,,6.65,1.0,1532988000,213.0,,13.01,
18.46,,0.71,6.216,,18.46,,6.47,0.95,1532991600,215.0,,13.16,
17.6,,0.79,6.216,,17.6,,7.58,0.75,1532995200,184.0,,13.93,
17.55,,0.8,6.216,,17.55,,5.6,0.58,1532998800,205.0,,14.01,
17.52,,0.82,6.216,,17.52,,4.93,0.62,1533002400,202.0,,14.33,
17.55,,0.84,6.216,,17.57,,6.98,0.74,1533006000,180.0,,14.88,
17.37,,0.87,4.857,,17.43,,5.6,0.74,1533009600,199.0,,15.1,
16.73,,0.94,2.392,,16.92,,8.24,0.76,1533013200,200.0,,15.83,
16.41,,0.9,6.193,,16.44,,7.25,0.36,1533016800,209.0,,14.68,
16.78,,0.87,6.216,,16.78,,12.85,0.41,1533020400,257.0,,14.56,
17.6,,0.75,6.216,,17.6,,11.68,0.67,1533024000,264.0,,13.18,
18.86,,0.66,6.216,,18.86,,12.15,0.59,1533027600,283.0,,12.36,
20.2,,0.57,6.216,,20.2,,8.65,0.4,1533031200,263.0,,11.51,
21.42,,0.51,6.216,,21.42,,9.25,0.45,1533034800,240.0,,10.88,
21.61,,0.5,6.216,,21.61,,9.84,0.45,1533038400,239.0,,10.69,
23.19,,0.43,6.216,,23.19,,9.78,0.66,1533042000,228.0,,10.06,
23.93,,0.41,6.216,,23.93,,10.62,0.44,1533045600,228.0,,9.95,
24.61,,0.4,6.216,,24.61,,10.18,0.44,1533049200,210.0,,10.23,
24.52,,0.42,6.216,,24.52,,10.59,0.44,1533052800,194.0,,10.68,
23.24,,0.47,6.216,,23.24,,13.5,0.25,1533056400,190.0,,11.33,
22.71,,0.47,6.216,,22.71,,11.82,,1533060000,221.0,,10.76,
21.37,,0.5,6.216,,21.37,,11.19,0.75,1533063600,217.0,,10.42,
20.16,,0.56,6.216,,20.16,,9.53,,1533067200,220.0,,11.08,
18.94,,0.64,6.216,,18.94,,7.9,,1533070800,225.0,,11.94,
18.01,,0.68,6.216,,18.01,,7.87,,1533074400,224.0,,11.97,
17.09,,0.72,6.216,,17.09,,6.55,,1533078000,232.0,,11.97,
16.28,,0.76,6.216,,16.28,,7.46,,1533081600,225.0,,11.97,
15.84,,0.81,6.216,,15.84,,5.64,,1533085200,221.0,,12.52,
15.11,,0.84,6.216,,15.11,,5.55,,1533088800,218.0,,12.38,
14.79,,0.86,6.216,,14.79,,5.6,,1533092400,222.0,,12.48,
14.43,,0.88,6.216,,14.43,,5.24,,1533096000,238.0,,12.48,
13.92,,0.91,6.216,,13.92,,5.0,0.75,1533099600,226.0,,12.47,
14.83,,0.87,6.216,,14.83,,5.26,0.34,1533103200,223.0,,12.62,
16.35,,0.8,6.216,,16.35,,5.74,0.75,1533106800,244.0,,12.98,
18.26,,0.7,6.216,,18.26,,5.16,0.6,1533110400,251.0,,12.68,
20.08,,0.56,6.216,,20.08,,6.15,0.38,1533114000,214.0,,11.07,
21.05,,0.51,6.216,,21.05,,5.97,0.39,1533117600,239.0,,10.61,
22.36,,0.48,6.216,,22.36,,6.92,0.28,1533121200,249.0,,10.77,
23.71,,0.42,6.216,,23.71,,8.41,0.44,1533124800,228.0,,10.1,
24.08,,0.4,6.216,,24.08,,9.37,0.52,1533128400,243.0,,9.49,
25.16,,0.37,6.216,,25.16,,10.74,0.19,1533132000,216.0,,9.26,
25.87,,0.34,6.216,,25.87,,8.36,,1533135600,227.0,,8.78,
25.83,,0.34,6.216,,25.83,,10.39,,1533139200,228.0,,8.59,
25.61,,0.36,6.216,,25.61,,8.97,,1533142800,226.0,,9.49,
24.5,,0.39,6.216,,24.5,,11.26,,1533146400,210.0,,9.79,
23.26,,0.38,6.216,,23.26,,11.08,,1533150000,214.0,,8.31,
21.19,,0.5,6.216,,21.19,,9.01,,1533153600,211.0,,10.24,
19.75,,0.58,6.216,,19.75,,10.23,,1533157200,222.0,,11.15,
18.78,,0.64,6.216,,18.78,,7.77,,1533160800,230.0,,11.91,
17.95,,0.67,6.216,,17.95,,6.38,,1533164400,231.0,,11.85,
17.13,,0.71,6.216,,17.13,,7.09,,1533168000,223.0,,11.88,
16.19,,0.76,6.216,,16.19,,6.12,,1533171600,222.0,,11.93,
15.84,,0.78,6.051,,15.84,,6.32,,1533175200,223.0,,11.92,
15.04,,0.81,6.122,,15.04,,5.37,,1533178800,240.0,,11.87,
15.06,,0.82,6.184,,15.06,,6.0,,1533182400,223.0,,11.92,
15.01,,0.83,6.216,,15.01,,4.83,,1533186000,228.0,,12.06,
15.95,,0.81,6.216,,15.95,,6.55,,1533189600,230.0,,12.76,
17.69,,0.75,6.216,,17.69,,7.45,,1533193200,243.0,,13.14,
19.69,,0.66,6.216,,19.69,,7.11,0.19,1533196800,240.0,,13.16,
21.08,,0.57,6.216,,21.08,,7.92,0.19,1533200400,242.0,,12.31,
23.23,,0.48,6.216,,23.23,,7.69,,1533204000,253.0,,11.7,
24.9,,0.46,6.216,,24.9,,6.99,0.19,1533207600,253.0,,12.41,
25.57,,0.48,6.216,,25.57,,7.13,0.19,1533211200,260.0,,13.8,
27.35,,0.45,6.216,,27.45,,6.88,0.19,1533214800,259.0,,14.49,
28.2,,0.45,6.216,,28.23,,7.37,0.25,1533218400,257.0,,15.15,
28.91,,0.44,6.216,,28.91,,6.6,0.38,1533222000,239.0,,15.32,
29.17,,0.43,6.216,,29.17,,7.41,0.49,1533225600,276.0,,15.23,
29.05,,0.44,6.216,,29.05,,7.08,,1533229200,248.0,,15.55,
29.09,,0.43,6.216,,29.09,,5.72,,1533232800,250.0,,15.35,
28.3,,0.47,6.216,,28.51,,6.21,0.19,1533236400,255.0,,15.92,
26.73,,0.52,6.216,,27.26,,5.47,,1533240000,241.0,,16.01,
24.76,,0.61,6.216,,24.89,,7.24,,1533243600,222.0,,16.78,
23.71,,0.65,6.216,,23.83,,6.08,,1533247200,227.0,,16.72,
23.37,,0.67,6.216,,23.5,,5.19,,1533250800,242.0,,16.84,
21.7,,0.74,6.216,,21.86,,4.82,,1533254400,247.0,,16.87,
21.56,,0.74,6.216,,21.69,,3.88,,1533258000,253.0,,16.69,
20.6,,0.78,6.216,,20.76,,3.78,,1533261600,283.0,,16.69,
20.42,,0.79,6.216,,20.59,,1.46,,1533265200,310.0,,16.69,
19.42,,0.83,6.216,,19.59,,2.87,,1533268800,324.0,,16.5,
19.38,,0.83,6.216,,19.55,,2.79,,1533272400,308.0,,16.46,
20.81,,0.79,6.216,,20.99,,2.9,,1533276000,49.0,,16.95,
22.38,,0.72,6.216,,22.55,,4.28,,1533279600,1.0,,17.03,
23.88,,0.66,6.216,,24.06,,4.89,,1533283200,49.0,,17.21,
25.97,,0.59,6.216,,26.16,,4.44,0.19,1533286800,101.0,,17.31,
27.18,,0.54,6.216,,27.84,,3.69,0.19,1533290400,65.0,,16.98,
28.23,,0.5,6.216,,28.68,,5.91,0.21,1533294000,194.0,,16.72,
29.82,,0.42,6.216,,29.82,,6.32,0.31,1533297600,224.0,,15.58,
30.1,,0.4,6.216,,30.1,,6.69,0.45,1533301200,267.0,,14.83,
30.94,,0.38,6.216,,30.94,,7.26,0.75,1533304800,251.0,,15.12,
31.76,,0.35,6.216,,31.76,,6.83,,1533308400,253.0,,14.62,
31.62,,0.36,6.216,,31.62,,7.1,,1533312000,286.0,,14.59,
31.18,,0.37,6.216,,31.18,,7.33,,1533315600,272.0,,14.82,
29.85,,0.41,6.216,,29.85,,8.66,,1533319200,313.0,,15.09,
27.32,,0.53,6.216,,27.92,,8.8,,1533322800,340.0,,16.82,
26.4,,0.56,6.216,,26.55,,7.76,,1533326400,341.0,,16.84,
25.47,,0.59,6.216,,25.61,,6.23,,1533330000,329.0,,16.84,
24.92,,0.61,6.216,,25.07,,6.89,,1533333600,315.0,,16.96,
23.94,,0.65,6.216,,24.08,,5.88,,1533337200,331.0,,16.95,
22.93,,0.69,6.216,,23.08,,6.08,,1533340800,328.0,,16.92,
22.56,,0.7,6.216,,22.69,,6.01,,1533344400,314.0,,16.77,
21.88,,0.73,6.216,,22.02,,6.66,,1533348000,343.0,,16.77,
21.12,,0.77,6.216,,21.3,,7.75,,1533351600,341.0,,16.92,
20.16,,0.81,6.216,,20.34,,6.82,,1533355200,345.0,,16.74,
19.57,,0.83,6.216,,19.74,,6.04,0.5,1533358800,346.0,,16.6,
19.61,,0.83,6.216,,19.78,,6.69,0.5,1533362400,357.0,,16.56,
20.06,,0.77,6.216,,20.14,,9.19,0.3,1533366000,358.0,,15.97,
21.32,,0.68,6.216,,21.32,,9.16,0.38,1533369600,348.0,,15.22,
22.79,,0.62,6.216,,22.79,,7.78,0.56,1533373200,354.0,,15.01,
23.99,,0.57,6.216,,23.99,,8.33,0.6,1533376800,351.0,,14.88,
25.05,,0.5,6.216,,25.05,,6.8,0.56,1533380400,6.0,,14.02,
26.32,,0.44,6.216,,26.32,,8.25,0.29,1533384000,335.0,,13.23,
26.37,,0.44,6.216,,26.37,,8.41,0.19,1533387600,318.0,,13.06,
27.18,,0.4,6.216,,27.18,,8.39,0.19,1533391200,349.0,,12.48,
27.4,,0.39,6.216,,27.4,,7.4,,1533394800,359.0,,12.3,
27.54,,0.37,6.216,,27.54,,8.25,,1533398400,345.0,,11.47,
27.83,,0.36,6.216,,27.83,,6.67,,1533402000,342.0,,11.21,
27.15,,0.36,6.216,,27.15,,7.29,,1533405600,353.0,,10.59,
24.81,,0.54,6.216,,24.81,,11.4,,1533409200,68.0,,14.87,
22.64,,0.61,6.216,,22.64,,10.08,,1533412800,78.0,,14.83,
20.89,,0.74,6.216,,20.95,,10.8,,1533416400,90.0,,16.01,
19.65,,0.82,6.216,,19.81,,7.53,0.19,1533423600,115.0,,16.51,
19.31,,0.8,6.193,,19.37,,5.6,0.19,1533427200,132.0,,15.69,
18.12,,0.85,6.126,,18.22,,3.28,,1533430800,114.0,,15.65,
17.86,,0.86,5.884,,17.95,,2.96,,1533434400,131.0,,15.47,
17.86,,0.89,5.893,,18.03,,2.07,0.19,1533438000,12.0,,16.02,
17.0,,0.92,5.87,,17.16,,2.87,0.44,1533441600,55.0,,15.72,
16.91,,0.93,5.862,,17.08,,2.86,0.47,1533445200,49.0,,15.77,
17.95,,0.87,5.835,,18.07,,3.66,0.56,1533448800,51.0,,15.75,
19.17,,0.82,5.492,,19.29,,2.58,0.75,1533452400,150.0,,16.03,
20.72,,0.72,6.216,,20.73,,3.92,0.29,1533456000,119.0,,15.55,
22.4,,0.6,6.216,,22.4,,4.36,0.19,1533459600,134.0,,14.35,
23.9,,0.48,6.216,,23.9,,6.81,0.19,1533463200,95.0,,12.36,
25.16,,0.46,6.216,,25.16,,8.23,0.19,1533466800,103.0,,12.69,
26.08,,0.43,6.216,,26.08,,9.14,,1533470400,98.0,,12.57,
26.55,,0.4,6.216,,26.55,,6.45,,1533474000,89.0,,11.86,
27.4,,0.4,6.216,,27.4,,6.54,,1533477600,124.0,,12.54,
28.04,,0.39,6.216,,28.04,,8.35,,1533481200,100.0,,12.79,
27.87,,0.39,6.216,,27.87,,9.18,,1533484800,101.0,,12.77,
27.84,,0.4,6.216,,27.84,,10.21,,1533488400,114.0,,12.94,
26.81,,0.44,6.216,,26.91,,10.21,,1533492000,110.0,,13.42,
24.79,,0.5,6.216,,24.79,,12.15,,1533495600,108.0,,13.68,
22.59,,0.58,6.216,,22.59,,11.34,,1533499200,104.0,,13.84,
21.56,,0.61,6.216,,21.56,,8.99,,1533502800,120.0,,13.84,
20.62,,0.65,6.216,,20.62,,7.42,,1533506400,125.0,,13.89,
19.83,,0.69,6.216,,19.83,,5.36,,1533510000,112.0,,13.87,
19.7,,0.69,6.216,,19.7,,3.71,,1533513600,133.0,,13.88,
19.15,,0.72,6.216,,19.15,,4.32,,1533517200,127.0,,13.96,
18.16,,0.79,6.216,,18.16,,3.36,,1533520800,118.0,,14.43,
17.61,,0.8,6.216,,17.61,,3.27,,1533524400,65.0,,14.2,
17.01,,0.81,6.216,,17.01,,2.44,,1533528000,87.0,,13.65,
16.97,,0.84,6.216,,16.97,,2.96,,1533531600,76.0,,14.16,
18.13,,0.8,6.216,,18.13,,2.23,,1533535200,67.0,,14.56,
20.06,,0.7,6.216,,20.06,,2.6,,1533538800,93.0,,14.44,
22.19,,0.62,6.216,,22.19,,2.91,,1533542400,73.0,,14.57,
24.48,,0.54,6.216,,24.48,,3.08,,1533546000,71.0,,14.6,
25.76,,0.47,6.216,,25.76,,2.65,,1533549600,103.0,,13.71,
27.44,,0.42,6.216,,27.44,,3.88,,1533553200,85.0,,13.25,
28.83,,0.36,6.216,,28.83,,7.07,,1533556800,224.0,,12.46,
29.78,,0.32,6.216,,29.78,,8.09,,1533560400,235.0,,11.52,
30.88,,0.3,6.216,,30.88,,6.84,,1533564000,225.0,,11.39,
31.42,,0.29,6.216,,31.42,,8.78,,1533567600,221.0,,11.05,
31.49,,0.28,6.216,,31.49,,6.64,,1533571200,226.0,,10.73,
30.66,,0.29,6.216,,30.66,,8.11,,1533574800,219.0,,10.62,
30.12,,0.29,6.216,,30.12,,8.43,,1533578400,239.0,,10.21,
28.4,,0.37,6.216,,28.4,,9.94,,1533582000,173.0,,12.14,
26.71,,0.41,6.216,,26.71,,8.87,,1533585600,209.0,,12.56,
25.05,,0.5,6.216,,25.05,,8.13,,1533589200,218.0,,13.97,
23.71,,0.55,6.216,,23.71,,4.62,,1533592800,235.0,,14.23,
22.76,,0.59,6.216,,22.76,,5.06,0.75,1533596400,242.0,,14.32,
21.65,,0.63,6.216,,21.65,,4.83,0.44,1533600000,229.0,,14.19,
21.32,,0.64,6.216,,21.32,,5.89,,1533603600,235.0,,14.16,
20.44,,0.66,6.216,,20.44,,4.78,,1533607200,237.0,,13.79,
19.28,,0.7,6.216,,19.28,,5.57,,1533610800,236.0,,13.74,
19.02,,0.71,6.216,,19.02,,5.06,,1533614400,233.0,,13.74,
19.01,,0.74,6.184,,19.01,,4.13,,1533618000,239.0,,14.25,
19.33,,0.74,6.216,,19.33,,4.45,,1533621600,223.0,,14.64,
21.1,,0.68,6.216,,21.1,,4.66,,1533625200,219.0,,14.93,
23.59,,0.55,6.216,,23.59,,4.11,,1533628800,237.0,,14.16,
25.61,,0.48,6.216,,25.61,,5.21,,1533632400,231.0,,13.65,
27.09,,0.4,6.216,,27.09,,4.89,,1533636000,248.0,,12.29,
28.26,,0.39,6.216,,28.26,,6.35,,1533639600,266.0,,13.11,
29.75,,0.37,6.216,,29.75,,7.7,,1533643200,243.0,,13.36,
30.55,,0.35,6.216,,30.55,,9.16,,1533646800,227.0,,13.44,
29.27,,0.4,6.216,,29.27,,14.82,0.32,1533650400,233.0,,14.34,
28.74,,0.43,6.216,,28.74,,5.98,0.28,1533654000,206.0,,14.93,
29.55,,0.39,6.216,,29.55,,9.83,0.44,1533657600,254.0,,14.19,
27.59,,0.46,6.216,,27.72,,12.81,0.42,1533661200,247.0,,14.99,
26.51,,0.49,6.216,,26.51,,10.62,0.19,1533664800,239.0,,14.83,
25.74,,0.53,6.216,,25.75,,5.32,0.63,1533668400,265.0,,15.35,
24.63,,0.57,6.216,,24.64,,7.76,0.25,1533672000,224.0,,15.53,
22.71,,0.67,6.056,,22.79,,9.87,0.47,1533675600,244.0,,16.36,
21.34,,0.71,6.129,,21.39,,8.03,0.39,1533679200,255.0,,15.96,
20.41,,0.72,6.216,,20.41,,9.78,0.19,1533682800,249.0,,15.28,
19.77,,0.71,6.216,,19.77,,12.26,0.49,1533686400,281.0,,14.31,
18.76,,0.72,6.216,,18.76,,11.98,0.24,1533690000,280.0,,13.59,
17.77,,0.76,6.216,,17.77,,9.98,0.68,1533693600,267.0,,13.5,
18.04,,0.72,6.216,,18.04,,10.77,0.79,1533697200,279.0,,13.0,
17.64,,0.69,6.216,,17.64,,10.53,0.88,1533700800,280.0,,11.9,
16.9,,0.65,6.216,,16.9,,12.95,0.73,1533704400,265.0,,10.36,
15.98,,0.67,6.216,,15.98,,11.21,0.55,1533708000,254.0,,9.76,
16.48,,0.66,6.216,,16.48,,11.36,0.21,1533711600,247.0,,10.07,
17.63,,0.61,6.216,,17.63,,10.2,0.28,1533715200,254.0,,10.04,
18.85,,0.55,6.216,,18.85,,10.71,0.38,1533718800,234.0,,9.73,
20.35,,0.48,6.216,,20.35,,13.31,0.42,1533722400,243.0,,8.91,
20.71,,0.46,6.216,,20.71,,13.27,0.43,1533726000,237.0,,8.54,
22.09,,0.41,6.216,,22.09,,14.02,0.64,1533729600,245.0,,8.32,
22.79,,0.39,6.216,,22.79,,14.67,0.48,1533733200,237.0,,8.14,
23.62,,0.39,6.216,,23.62,,14.92,0.44,1533736800,221.0,,8.7,
22.9,,0.42,6.216,,22.9,,14.47,0.38,1533740400,215.0,,9.15,
23.12,,0.4,6.216,,23.12,,13.64,0.44,1533744000,228.0,,8.65,
22.58,,0.42,6.216,,22.58,,13.79,0.19,1533747600,227.0,,9.16,
22.03,,0.45,6.216,,22.03,,12.96,0.34,1533751200,231.0,,9.52,
20.85,,0.5,6.216,,20.85,,12.59,,1533754800,229.0,,10.18,
19.34,,0.59,6.216,,19.34,,10.46,0.75,1533758400,212.0,,11.01,
18.75,,0.61,6.216,,18.75,,8.68,0.61,1533762000,228.0,,11.13,
18.27,,0.64,6.216,,18.27,,7.56,1.0,1533765600,218.0,,11.32,
18.28,,0.67,6.216,,18.28,,7.37,0.88,1533769200,230.0,,11.97,
18.28,,0.67,6.216,,18.28,,7.01,0.82,1533772800,222.0,,12.0,
17.5,,0.7,6.216,,17.5,,7.35,0.63,1533776400,236.0,,12.02,
17.14,,0.78,5.991,,17.14,,6.78,1.0,1533780000,240.0,,13.26,
16.73,,0.8,6.216,,16.73,,5.7,1.0,1533783600,254.0,,13.29,
16.83,,0.78,6.184,,16.83,,4.03,0.75,1533787200,303.0,,13.02,
16.18,,0.84,6.216,,16.18,,3.67,0.55,1533790800,288.0,,13.53,
16.03,,0.86,6.216,,16.03,,3.17,0.37,1533794400,273.0,,13.63,
16.34,,0.84,5.937,,16.34,,3.51,0.48,1533798000,202.0,,13.66,
16.56,,0.84,5.844,,16.56,,3.59,0.64,1533801600,229.0,,13.92,
16.56,,0.8,6.017,,16.56,,4.4,0.56,1533805200,332.0,,13.02,
16.51,,0.79,5.818,,16.51,,4.35,0.57,1533808800,305.0,,12.79,
15.86,,0.84,5.849,,15.86,,6.43,0.57,1533812400,301.0,,13.2,
15.56,,0.88,5.605,,15.56,,5.53,0.63,1533816000,305.0,,13.55,
15.71,,0.92,5.757,,15.73,,7.82,0.74,1533819600,295.0,,14.35,
16.31,,0.86,6.044,,16.31,,10.69,0.57,1533823200,281.0,,14.02,
16.56,,0.83,6.106,,16.56,,10.0,0.72,1533826800,277.0,,13.67,
16.51,,0.82,6.177,,16.51,,8.26,0.58,1533830400,301.0,,13.48,
15.09,,0.86,5.627,,15.09,,7.29,0.68,1533834000,282.0,,12.86,
15.09,,0.83,6.216,,15.09,,5.84,0.3,1533837600,184.0,,12.22,
14.85,,0.83,6.216,,14.85,,6.02,0.45,1533841200,160.0,,12.01,
14.47,,0.83,6.171,,14.47,,5.26,0.61,1533844800,182.0,,11.62,
14.3,,0.89,4.665,,14.3,,5.96,0.55,1533848400,273.0,,12.45,
14.05,,0.87,5.764,,14.05,,6.01,0.2,1533852000,207.0,,11.9,
13.27,,0.91,6.083,,13.27,,5.21,0.19,1533855600,222.0,,11.87,
13.27,,0.85,6.078,,13.27,,6.7,,1533859200,227.0,,10.8,
12.14,,0.85,6.193,,12.14,,6.41,,1533862800,236.0,,9.76,
11.91,,0.86,6.148,,11.91,,6.83,,1533866400,240.0,,9.58,
12.02,,0.85,6.126,,12.02,,6.43,,1533870000,232.0,,9.55,
11.65,,0.87,6.216,,11.65,,6.99,,1533873600,226.0,,9.51,
11.83,,0.86,6.216,,11.83,,6.59,,1533877200,224.0,,9.51,
12.44,,0.83,6.216,,12.44,,6.77,0.19,1533880800,216.0,,9.7,
14.18,,0.77,6.216,,14.18,,9.6,0.19,1533884400,235.0,,10.27,
16.26,,0.71,6.216,,16.26,,10.81,0.38,1533888000,240.0,,11.06,
17.8,,0.62,6.216,,17.8,,13.9,0.46,1533891600,226.0,,10.41,
18.87,,0.56,6.216,,18.87,,13.87,0.47,1533895200,227.0,,9.99,
16.96,,0.75,5.329,,16.96,,13.29,0.66,1533898800,207.0,,12.4,
16.44,,0.81,5.992,,16.44,,13.19,0.72,1533902400,198.0,,13.15,
16.86,,0.85,6.119,,16.86,,14.76,0.71,1533906000,213.0,,14.37,
16.12,,0.86,5.969,,16.12,,13.94,0.63,1533909600,260.0,,13.78,
17.48,,0.79,6.216,,17.48,,9.99,0.67,1533913200,240.0,,13.87,
17.92,,0.76,6.216,,17.92,,9.97,0.55,1533916800,246.0,,13.71,
18.75,,0.64,6.216,,18.75,,13.52,0.38,1533920400,245.0,,11.81,
18.05,,0.66,6.216,,18.05,,11.28,0.4,1533924000,256.0,,11.66,
16.58,,0.64,6.216,,16.58,,9.82,0.19,1533927600,303.0,,9.78,
16.02,,0.63,6.216,,16.02,,7.73,0.44,1533931200,282.0,,8.99,
15.63,,0.62,6.216,,15.63,,7.36,0.44,1533934800,285.0,,8.31,
14.63,,0.66,6.216,,14.63,,7.8,0.75,1533938400,276.0,,8.27,
14.17,,0.67,6.216,,14.17,,6.07,0.19,1533942000,284.0,,8.11,
13.35,,0.68,6.216,,13.35,,6.17,,1533945600,260.0,,7.51,
12.21,,0.76,6.216,,12.21,,5.59,,1533949200,253.0,,8.02,
12.08,,0.75,6.216,,12.08,,5.2,,1533952800,248.0,,7.79,
11.03,,0.8,6.216,,11.03,,5.19,,1533956400,268.0,,7.75,
11.01,,0.84,6.216,,11.01,,4.69,,1533960000,227.0,,8.43,
10.28,,0.87,6.216,,10.28,,5.16,,1533963600,236.0,,8.29,
10.78,,0.86,6.216,,10.78,,4.94,,1533967200,237.0,,8.61,
13.12,,0.76,6.216,,13.12,,4.98,,1533970800,235.0,,8.91,
15.0,,0.68,6.216,,15.0,,4.91,,1533974400,225.0,,9.08,
16.97,,0.56,6.216,,16.97,,5.67,0.19,1533978000,235.0,,8.06,
18.24,,0.5,6.216,,18.24,,6.28,0.45,1533981600,239.0,,7.63,
19.84,,0.43,6.216,,19.84,,7.04,0.35,1533985200,217.0,,6.8,
20.95,,0.41,6.216,,20.95,,7.72,0.4,1533988800,191.0,,7.2,
21.48,,0.4,6.216,,21.48,,11.23,0.25,1533992400,210.0,,7.2,
20.72,,0.46,6.216,,20.72,,12.27,0.71,1533996000,223.0,,8.62,
20.33,,0.54,6.216,,20.33,,10.55,0.75,1533999600,205.0,,10.68,
19.75,,0.64,6.216,,19.75,,11.77,0.88,1534003200,203.0,,12.68,
19.51,,0.67,6.216,,19.51,,10.87,0.76,1534006800,207.0,,13.25,
18.4,,0.77,5.924,,18.4,,9.96,0.92,1534010400,204.0,,14.25,
17.59,,0.86,3.934,,17.65,,9.54,0.83,1534014000,215.0,,15.21,
17.45,,0.89,6.193,,17.58,,7.3,0.71,1534017600,192.0,,15.64,
17.3,,0.86,6.157,,17.33,,7.51,0.79,1534021200,164.0,,14.96,
17.51,,0.85,6.167,,17.54,,8.35,0.54,1534024800,173.0,,14.96,
17.33,,0.86,6.216,,17.36,,7.14,0.49,1534028400,167.0,,14.96,
17.33,,0.86,6.216,,17.36,,6.73,0.75,1534032000,169.0,,14.96,
17.51,,0.85,6.216,,17.54,,7.35,0.81,1534035600,171.0,,15.0,
17.28,,0.86,6.216,,17.32,,6.23,0.38,1534039200,165.0,,15.0,
17.19,,0.87,6.216,,17.23,,6.47,0.64,1534042800,170.0,,14.96,
17.3,,0.86,6.216,,17.33,,5.23,0.64,1534046400,171.0,,14.97,
17.33,,0.86,6.216,,17.37,,4.67,0.75,1534050000,183.0,,14.97,
18.29,,0.83,6.216,,18.34,,7.7,0.5,1534053600,195.0,,15.33,
18.49,,0.82,6.216,,18.52,,9.1,0.19,1534057200,200.0,,15.31,
19.63,,0.74,6.216,,19.63,,10.56,0.56,1534060800,194.0,,14.96,
20.42,,0.66,6.216,,20.42,,10.74,0.8,1534064400,201.0,,13.94,
21.45,,0.57,6.216,,21.45,,11.48,0.6,1534068000,186.0,,12.61,
22.22,,0.51,6.216,,22.22,,13.58,0.65,1534071600,202.0,,11.47,
21.25,,0.58,6.216,,21.25,,14.8,0.39,1534075200,203.0,,12.65,
20.27,,0.66,6.216,,20.27,,13.49,0.53,1534078800,208.0,,13.67,
20.17,,0.64,6.216,,20.17,,11.19,0.49,1534082400,215.0,,13.11,
20.05,,0.63,6.216,,20.05,,9.98,0.41,1534086000,202.0,,12.71,
20.03,,0.62,6.216,,20.03,,11.47,0.69,1534089600,208.0,,12.57,
20.03,,0.63,6.216,,20.03,,9.6,0.78,1534093200,214.0,,12.88,
19.99,,0.6,6.216,,19.99,,10.13,0.43,1534096800,212.0,,12.03,
19.41,,0.65,6.216,,19.41,,8.42,0.7,1534100400,202.0,,12.6,
18.11,,0.76,4.543,,18.11,,7.99,0.77,1534104000,205.0,,13.9,
17.37,,0.84,4.897,,17.37,,6.35,0.9,1534107600,187.0,,14.63,
16.68,,0.92,5.653,,16.81,,4.96,0.89,1534111200,211.0,,15.38,
16.59,,0.94,6.154,,16.75,,5.48,0.65,1534114800,196.0,,15.56,
16.59,,0.94,5.686,,16.75,,3.37,0.75,1534118400,212.0,,15.56,
16.55,,0.94,5.866,,16.7,,3.86,0.74,1534122000,215.0,,15.52,
16.37,,0.95,5.708,,16.53,,4.22,0.9,1534125600,223.0,,15.52,
16.51,,0.94,5.244,,16.67,,2.98,0.76,1534129200,232.0,,15.52,
16.37,,0.94,5.247,,16.53,,5.32,0.75,1534132800,247.0,,15.48,
16.32,,0.95,5.443,,16.48,,5.82,0.79,1534136400,239.0,,15.47,
16.49,,0.91,5.393,,16.56,,6.76,0.79,1534140000,247.0,,14.97,
16.86,,0.89,5.897,,16.92,,7.64,0.76,1534143600,249.0,,15.01,
17.69,,0.86,6.053,,17.76,,9.97,0.9,1534147200,260.0,,15.32,
18.04,,0.87,6.216,,18.17,,8.53,0.92,1534150800,263.0,,15.79,
18.99,,0.78,6.216,,18.99,,10.14,0.89,1534154400,285.0,,15.04,
20.53,,0.71,6.216,,20.53,,9.39,0.69,1534158000,272.0,,15.13,
21.45,,0.67,6.216,,21.45,,9.66,0.63,1534161600,285.0,,14.96,
21.84,,0.63,6.216,,21.84,,10.78,0.53,1534165200,278.0,,14.49,
22.05,,0.63,6.216,,22.05,,10.13,0.46,1534168800,284.0,,14.56,
22.8,,0.57,6.216,,22.8,,10.12,0.36,1534172400,282.0,,13.71,
23.64,,0.52,6.216,,23.64,,12.58,0.44,1534176000,286.0,,13.31,
23.0,,0.55,6.216,,23.0,,10.81,0.3,1534179600,291.0,,13.55,
23.53,,0.53,6.216,,23.53,,11.58,0.44,1534183200,285.0,,13.49,
23.0,,0.55,6.216,,23.0,,11.38,0.41,1534186800,300.0,,13.34,
21.44,,0.65,6.216,,21.44,,10.84,0.44,1534190400,304.0,,14.52,
20.24,,0.68,6.216,,20.24,,8.92,0.26,1534194000,304.0,,14.04,
19.41,,0.73,6.216,,19.41,,9.41,0.22,1534197600,303.0,,14.36,
18.93,,0.69,6.216,,18.93,,10.61,1.0,1534201200,299.0,,13.01,
17.96,,0.73,6.216,,17.96,,8.76,0.7,1534204800,296.0,,12.97,
17.01,,0.73,6.216,,17.01,,8.94,1.0,1534208400,292.0,,12.2,
16.83,,0.74,6.216,,16.83,,6.59,0.75,1534212000,297.0,,12.15,
15.73,,0.79,6.216,,15.73,,7.28,,1534215600,283.0,,12.05,
15.51,,0.8,6.216,,15.51,,8.36,0.19,1534219200,279.0,,12.11,
15.29,,0.81,6.216,,15.29,,7.39,0.19,1534222800,280.0,,11.97,
15.64,,0.8,6.216,,15.64,,8.2,0.88,1534226400,274.0,,12.16,
16.24,,0.78,6.216,,16.24,,7.82,0.78,1534230000,259.0,,12.32,
17.43,,0.75,6.216,,17.43,,7.95,0.95,1534233600,254.0,,13.05,
18.4,,0.71,6.216,,18.4,,8.71,0.89,1534237200,252.0,,13.05,
19.85,,0.65,6.216,,19.85,,9.91,0.85,1534240800,258.0,,13.0,
20.59,,0.6,6.216,,20.59,,10.54,0.64,1534244400,278.0,,12.61,
22.19,,0.51,6.216,,22.19,,11.76,0.7,1534248000,282.0,,11.71,
22.96,,0.5,6.216,,22.96,,10.58,0.77,1534251600,269.0,,12.04,
24.16,,0.46,6.216,,24.16,,10.78,0.66,1534255200,264.0,,11.73,
24.81,,0.46,6.216,,24.81,,13.21,0.61,1534258800,257.0,,12.39,
24.56,,0.49,6.216,,24.56,,11.92,0.63,1534262400,264.0,,13.29,
24.44,,0.53,6.216,,24.44,,11.45,0.78,1534266000,258.0,,14.11,
23.61,,0.55,6.216,,23.61,,13.39,0.69,1534269600,255.0,,14.13,
22.48,,0.59,6.216,,22.48,,12.62,0.74,1534273200,269.0,,14.13,
21.64,,0.61,6.216,,21.64,,11.68,0.58,1534276800,268.0,,13.88,
20.17,,0.67,6.216,,20.17,,11.48,0.6,1534280400,281.0,,13.85,
19.28,,0.68,6.216,,19.28,,12.51,0.53,1534284000,264.0,,13.22,
18.19,,0.72,6.216,,18.19,,11.37,0.44,1534287600,254.0,,13.05,
17.14,,0.77,6.216,,17.14,,8.55,0.19,1534291200,247.0,,13.0,
16.87,,0.78,6.216,,16.87,,9.67,0.19,1534294800,249.0,,12.96,
16.23,,0.81,6.216,,16.23,,8.01,0.75,1534298400,240.0,,13.01,
16.57,,0.79,6.216,,16.57,,7.05,0.84,1534302000,239.0,,12.97,
16.71,,0.8,6.171,,16.71,,6.58,0.99,1534305600,230.0,,13.34,
17.8,,0.77,6.171,,17.8,,9.67,0.98,1534309200,253.0,,13.74,
17.73,,0.76,6.216,,17.73,,11.91,0.95,1534312800,253.0,,13.52,
18.31,,0.74,6.216,,18.31,,9.16,0.92,1534316400,249.0,,13.67,
18.91,,0.73,6.216,,18.91,,9.24,0.88,1534320000,236.0,,13.86,
20.62,,0.66,6.216,,20.62,,11.88,0.59,1534323600,238.0,,14.03,
20.99,,0.65,6.216,,20.99,,12.03,0.83,1534327200,237.0,,14.23,
21.54,,0.66,6.216,,21.54,,12.32,0.91,1534330800,243.0,,14.88,
21.94,,0.64,6.216,,21.94,,13.55,0.91,1534334400,242.0,,14.88,
22.63,,0.62,6.216,,22.63,,12.76,0.92,1534338000,238.0,,15.01,
23.79,,0.58,6.216,,23.79,,14.22,0.86,1534341600,233.0,,15.01,
23.76,,0.57,6.216,,23.76,,13.36,0.7,1534345200,236.0,,14.84,
23.58,,0.58,6.216,,23.58,,14.93,0.71,1534348800,233.0,,14.96,
22.54,,0.59,6.216,,22.54,,13.67,0.75,1534352400,222.0,,14.07,
21.69,,0.62,6.216,,21.69,,14.03,0.74,1534356000,227.0,,14.16,
21.3,,0.64,6.216,,21.3,,13.17,0.77,1534359600,222.0,,14.28,
19.69,,0.71,6.216,,19.69,,13.28,0.54,1534363200,223.0,,14.32,
19.33,,0.73,6.216,,19.33,,12.2,0.87,1534366800,219.0,,14.35,
18.57,,0.76,6.216,,18.57,,10.95,0.99,1534370400,221.0,,14.32,
18.59,,0.76,6.216,,18.59,,9.47,0.67,1534374000,223.0,,14.37,
18.69,,0.79,6.216,,18.69,,10.61,0.85,1534377600,222.0,,14.97,
18.59,,0.79,6.216,,18.59,,10.02,0.91,1534381200,212.0,,14.97,
18.88,,0.78,6.216,,18.88,,13.03,0.9,1534384800,231.0,,14.97,
18.73,,0.79,6.216,,18.73,,15.0,0.89,1534388400,238.0,,15.01,
18.59,,0.79,6.216,,18.59,,12.11,0.98,1534392000,221.0,,14.97,
18.59,,0.82,6.082,,18.66,,11.98,0.94,1534395600,211.0,,15.55,
18.68,,0.81,6.125,,18.71,,13.54,0.95,1534399200,214.0,,15.28,
19.18,,0.78,5.487,,19.2,,14.79,0.84,1534402800,217.0,,15.34,
18.7,,0.82,5.201,,18.78,,13.04,0.92,1534406400,215.0,,15.62,
18.28,,0.86,3.158,,18.42,,14.04,0.94,1534410000,236.0,,15.94,
17.96,,0.9,3.099,,18.16,,9.6,0.89,1534413600,236.0,,16.29,
16.81,,0.94,3.077,,16.99,,8.13,0.78,1534417200,264.0,,15.76,
17.18,,0.91,5.753,,17.33,,10.99,0.75,1534420800,248.0,,15.76,
14.91,,0.85,5.619,,14.91,,7.85,0.74,1534424400,245.0,,12.33,
15.92,,0.83,6.216,,15.92,,7.92,0.71,1534428000,231.0,,13.1,
17.18,,0.77,6.216,,17.18,,7.67,0.75,1534431600,222.0,,13.15,
17.95,,0.74,6.216,,17.95,,8.27,0.45,1534435200,222.0,,13.26,
19.0,,0.64,6.216,,19.0,,9.64,0.23,1534438800,227.0,,11.96,
18.78,,0.66,6.216,,18.78,,11.34,0.27,1534442400,231.0,,12.32,
18.62,,0.68,6.216,,18.62,,9.09,0.24,1534446000,230.0,,12.56,
17.28,,0.76,6.216,,17.28,,9.07,0.19,1534449600,230.0,,13.0,
16.39,,0.78,6.216,,16.39,,7.33,0.19,1534453200,232.0,,12.48,
16.04,,0.79,6.216,,16.04,,7.98,,1534456800,229.0,,12.48,
15.11,,0.81,6.216,,15.11,,6.23,,1534460400,259.0,,11.8,
14.88,,0.76,6.216,,14.88,,6.87,,1534464000,263.0,,10.74,
14.06,,0.8,6.216,,14.06,,5.23,,1534467600,284.0,,10.74,
13.09,,0.85,6.216,,13.09,,4.61,,1534471200,235.0,,10.61,
12.83,,0.86,6.216,,12.83,,4.75,,1534474800,231.0,,10.47,
11.97,,0.9,6.216,,11.97,,4.44,,1534478400,229.0,,10.38,
11.65,,0.91,6.216,,11.65,,5.23,,1534482000,228.0,,10.2,
12.74,,0.88,6.216,,12.74,,5.08,,1534485600,242.0,,10.73,
13.87,,0.86,6.216,,13.87,,6.6,,1534489200,244.0,,11.51,
15.85,,0.78,6.216,,15.85,,6.46,0.75,1534492800,259.0,,12.0,
17.97,,0.67,6.216,,17.97,,6.71,0.43,1534496400,243.0,,11.73,
18.88,,0.59,6.216,,18.88,,10.32,0.45,1534500000,272.0,,10.77,
19.84,,0.53,6.216,,19.84,,10.88,0.47,1534503600,252.0,,10.09,
20.23,,0.49,6.216,,20.23,,10.74,0.38,1534507200,258.0,,9.18,
20.96,,0.46,6.216,,20.96,,11.37,0.74,1534510800,250.0,,8.76,
21.35,,0.45,6.216,,21.35,,12.09,0.67,1534514400,261.0,,9.04,
21.5,,0.44,6.216,,21.5,,12.85,0.47,1534518000,247.0,,8.61,
21.68,,0.46,6.216,,21.68,,11.75,0.44,1534521600,246.0,,9.48,
21.03,,0.5,6.216,,21.03,,12.32,0.19,1534525200,244.0,,10.06,
20.62,,0.53,6.216,,20.62,,13.22,0.69,1534528800,242.0,,10.8,
20.12,,0.57,6.216,,20.12,,12.21,0.81,1534532400,243.0,,11.35,
18.96,,0.6,6.216,,18.96,,12.49,0.66,1534536000,263.0,,10.91,
18.12,,0.64,6.216,,18.12,,12.26,0.5,1534539600,264.0,,11.26,
17.57,,0.68,6.216,,17.57,,9.44,0.6,1534543200,246.0,,11.58,
17.5,,0.7,6.216,,17.5,,9.14,0.75,1534546800,246.0,,12.05,
17.5,,0.7,6.216,,17.5,,8.92,0.68,1534550400,234.0,,12.05,
16.36,,0.76,6.216,,16.36,,9.85,0.34,1534554000,236.0,,12.05,
16.47,,0.75,6.216,,16.47,,8.79,0.77,1534557600,227.0,,12.0,
16.5,,0.75,6.216,,16.5,,9.25,0.68,1534561200,231.0,,12.05,
16.32,,0.76,6.216,,16.32,,8.72,0.92,1534564800,226.0,,12.05,
16.37,,0.8,6.216,,16.37,,7.79,0.91,1534568400,229.0,,12.92,
16.59,,0.8,6.216,,16.59,,8.65,0.94,1534572000,232.0,,13.05,
17.31,,0.77,6.216,,17.31,,10.43,0.89,1534575600,224.0,,13.32,
17.87,,0.78,6.216,,17.87,,9.55,0.95,1534579200,238.0,,14.01,
18.06,,0.77,6.216,,18.06,,11.71,0.95,1534582800,230.0,,14.01,
19.21,,0.71,6.216,,19.21,,11.55,0.95,1534586400,232.0,,13.92,
19.72,,0.66,6.216,,19.72,,12.58,0.92,1534590000,236.0,,13.27,
20.08,,0.65,6.216,,20.08,,11.72,0.8,1534593600,249.0,,13.24,
20.4,,0.65,6.216,,20.4,,11.9,0.89,1534597200,248.0,,13.51,
20.61,,0.66,6.216,,20.61,,12.76,0.92,1534600800,242.0,,13.96,
20.81,,0.65,6.216,,20.81,,11.42,0.92,1534604400,241.0,,14.04,
21.66,,0.62,6.216,,21.66,,10.72,0.89,1534608000,245.0,,14.04,
21.66,,0.61,6.216,,21.66,,10.98,0.72,1534611600,245.0,,13.73,
21.34,,0.64,6.216,,21.34,,12.26,0.86,1534615200,247.0,,14.37,
20.66,,0.67,6.216,,20.66,,10.19,0.95,1534618800,234.0,,14.34,
20.34,,0.71,6.216,,20.34,,8.53,0.95,1534622400,229.0,,14.86,
19.79,,0.74,6.216,,19.79,,9.59,0.95,1534626000,228.0,,15.0,
19.59,,0.75,6.216,,19.59,,10.59,0.99,1534629600,231.0,,15.0,
19.54,,0.76,6.216,,19.54,,9.76,0.98,1534633200,232.0,,15.18,
19.22,,0.77,6.216,,19.22,,8.9,0.94,1534636800,224.0,,15.0,
18.56,,0.8,6.216,,18.56,,7.62,0.94,1534640400,213.0,,14.96,
18.51,,0.8,6.216,,18.51,,7.79,0.96,1534644000,222.0,,15.05,
18.54,,0.85,6.216,,18.67,,9.22,0.99,1534647600,209.0,,15.92,
18.54,,0.84,6.216,,18.65,,9.18,0.54,1534651200,205.0,,15.78,
17.99,,0.86,6.216,,18.08,,11.71,0.91,1534654800,225.0,,15.56,
18.5,,0.78,6.216,,18.5,,11.9,0.99,1534658400,222.0,,14.64,
18.34,,0.8,6.216,,18.34,,12.53,0.95,1534662000,220.0,,14.79,
18.52,,0.8,6.216,,18.52,,13.32,0.95,1534665600,217.0,,15.0,
18.84,,0.78,6.216,,18.84,,15.39,0.95,1534669200,228.0,,15.0,
19.64,,0.78,6.216,,19.69,,16.3,0.95,1534672800,230.0,,15.67,
20.02,,0.77,6.216,,20.1,,14.9,0.92,1534676400,229.0,,15.96,
21.14,,0.73,6.216,,21.21,,14.14,0.92,1534680000,236.0,,16.04,
22.62,,0.68,6.216,,22.71,,14.27,0.92,1534683600,236.0,,16.37,
24.24,,0.64,6.216,,24.39,,14.14,0.71,1534687200,238.0,,17.0,
25.12,,0.61,6.216,,25.27,,15.92,0.66,1534690800,249.0,,17.02,
25.55,,0.57,6.216,,25.65,,15.15,0.61,1534694400,260.0,,16.41,
25.35,,0.58,6.216,,25.45,,15.84,0.37,1534698000,266.0,,16.41,
25.09,,0.57,6.216,,25.15,,13.8,0.26,1534701600,269.0,,16.04,
23.17,,0.65,6.216,,23.23,,11.63,0.41,1534705200,280.0,,16.16,
22.16,,0.69,6.216,,22.23,,8.85,0.36,1534708800,275.0,,16.16,
21.2,,0.72,6.216,,21.27,,9.87,0.57,1534712400,278.0,,16.04,
21.18,,0.72,6.216,,21.23,,10.04,1.0,1534716000,280.0,,15.92,
20.22,,0.76,6.216,,20.29,,8.69,0.77,1534719600,262.0,,15.92,
20.13,,0.77,6.216,,20.2,,6.99,0.99,1534723200,251.0,,15.92,
20.14,,0.77,6.216,,20.21,,8.26,0.99,1534726800,283.0,,15.92,
20.1,,0.77,6.216,,20.17,,7.93,0.99,1534730400,287.0,,15.92,
19.51,,0.8,6.216,,19.6,,6.26,0.99,1534734000,291.0,,15.92,
19.37,,0.8,6.216,,19.46,,6.76,0.99,1534737600,293.0,,15.89,
19.18,,0.81,6.216,,19.28,,6.13,0.99,1534741200,276.0,,15.89,
19.19,,0.81,6.216,,19.29,,5.99,0.92,1534744800,278.0,,15.93,
19.2,,0.81,6.216,,19.3,,5.8,0.87,1534748400,272.0,,15.93,
20.31,,0.76,6.216,,20.38,,6.83,0.67,1534752000,253.0,,15.93,
21.18,,0.71,6.216,,21.22,,6.48,0.65,1534755600,253.0,,15.81,
22.8,,0.63,6.216,,22.8,,5.77,0.51,1534759200,241.0,,15.32,
23.68,,0.59,6.216,,23.68,,6.52,0.72,1534762800,248.0,,15.08,
24.01,,0.6,6.216,,24.04,,7.88,0.75,1534766400,266.0,,15.81,
24.51,,0.61,6.216,,24.6,,7.18,0.85,1534770000,238.0,,16.46,
24.66,,0.61,6.216,,24.77,,8.67,0.76,1534773600,232.0,,16.66,
24.7,,0.62,6.216,,24.85,,9.75,0.64,1534777200,245.0,,17.0,
24.61,,0.63,6.216,,24.76,,10.59,0.54,1534780800,234.0,,17.04,
24.31,,0.64,6.216,,24.46,,11.23,0.5,1534784400,247.0,,17.0,
23.73,,0.65,6.216,,23.85,,9.56,0.32,1534788000,243.0,,16.78,
23.24,,0.64,6.216,,23.3,,8.46,0.26,1534791600,252.0,,16.13,
22.1,,0.67,6.216,,22.12,,7.13,0.29,1534795200,263.0,,15.74,
21.32,,0.75,6.216,,21.46,,8.65,0.44,1534798800,236.0,,16.69,
20.76,,0.8,6.216,,20.97,,6.0,0.46,1534802400,241.0,,17.14,
20.67,,0.78,6.216,,20.82,,4.9,0.72,1534806000,257.0,,16.61,
19.86,,0.79,6.216,,19.95,,5.51,0.49,1534809600,258.0,,16.02,
19.82,,0.79,6.216,,19.91,,4.17,0.55,1534813200,278.0,,16.03,
19.78,,0.79,6.216,,19.89,,4.57,0.72,1534816800,285.0,,16.12,
20.0,,0.81,6.216,,20.16,,2.78,0.58,1534820400,275.0,,16.57,
19.26,,0.84,6.154,,19.42,,4.34,0.77,1534824000,284.0,,16.42,
19.11,,0.81,6.092,,19.2,,1.88,0.92,1534827600,269.0,,15.84,
19.14,,0.82,6.089,,19.26,,4.66,0.83,1534831200,272.0,,16.04,
20.54,,0.75,6.216,,20.59,,5.56,0.91,1534838400,246.0,,15.88,
21.33,,0.72,6.216,,21.39,,5.07,0.79,1534842000,239.0,,16.02,
22.16,,0.69,6.216,,22.22,,6.76,0.7,1534845600,227.0,,16.14,
22.68,,0.66,6.216,,22.72,,8.24,0.65,1534849200,247.0,,15.91,
24.23,,0.6,6.216,,24.27,,8.07,0.65,1534852800,239.0,,15.85,
25.02,,0.54,6.216,,25.02,,9.75,0.64,1534856400,226.0,,15.05,
25.28,,0.53,6.216,,25.28,,9.32,0.6,1534860000,217.0,,14.9,
25.18,,0.53,6.216,,25.18,,9.22,0.37,1534863600,216.0,,14.83,
25.15,,0.54,6.216,,25.15,,7.98,0.2,1534867200,217.0,,15.26,
25.03,,0.55,6.216,,25.03,,8.37,0.22,1534870800,188.0,,15.31,
24.3,,0.58,6.216,,24.31,,10.52,0.22,1534874400,201.0,,15.58,
23.11,,0.62,6.216,,23.11,,8.95,0.23,1534878000,208.0,,15.54,
21.24,,0.72,6.216,,21.3,,8.76,0.19,1534881600,214.0,,16.02,
20.17,,0.74,6.216,,20.19,,8.56,0.43,1534885200,235.0,,15.48,
19.23,,0.79,6.216,,19.27,,8.26,0.21,1534888800,235.0,,15.48,
19.0,,0.79,6.216,,19.02,,6.14,,1534892400,241.0,,15.29,
18.09,,0.84,6.216,,18.16,,5.37,,1534896000,235.0,,15.43,
17.93,,0.84,6.154,,17.97,,6.85,,1534899600,230.0,,15.21,
17.66,,0.85,5.922,,17.7,,5.95,1.0,1534903200,235.0,,15.12,
16.75,,0.87,5.839,,16.75,,6.3,1.0,1534906800,235.0,,14.57,
16.29,,0.9,5.752,,16.32,,6.61,1.0,1534910400,234.0,,14.57,
16.15,,0.9,5.762,,16.18,,6.2,0.37,1534914000,235.0,,14.57,
16.18,,0.91,4.225,,16.23,,8.24,0.87,1534917600,238.0,,14.7,
16.58,,0.9,4.42,,16.64,,8.78,1.0,1534921200,236.0,,14.88,
16.25,,0.92,4.937,,16.34,,10.26,0.99,1534924800,241.0,,15.0,
17.19,,0.87,5.401,,17.24,,10.23,1.0,1534928400,263.0,,15.04,
18.07,,0.82,5.617,,18.09,,8.65,1.0,1534932000,251.0,,15.04,
18.84,,0.79,6.216,,18.84,,9.35,1.0,1534935600,239.0,,15.04,
19.84,,0.76,6.216,,19.86,,8.13,0.97,1534939200,243.0,,15.53,
20.69,,0.75,6.216,,20.76,,8.54,0.97,1534942800,233.0,,16.0,
21.96,,0.69,6.216,,22.01,,9.04,0.92,1534946400,244.0,,16.03,
22.0,,0.69,6.216,,22.05,,10.06,0.89,1534950000,237.0,,15.96,
22.51,,0.67,6.216,,22.55,,9.71,0.95,1534953600,235.0,,15.96,
22.14,,0.68,6.216,,22.19,,9.88,0.92,1534957200,230.0,,16.01,
21.69,,0.69,6.216,,21.71,,10.07,0.74,1534960800,244.0,,15.73,
21.62,,0.69,6.216,,21.64,,8.94,0.86,1534964400,243.0,,15.7,
21.19,,0.71,6.216,,21.21,,8.77,0.86,1534968000,229.0,,15.7,
20.45,,0.75,6.216,,20.5,,9.18,0.79,1534971600,228.0,,15.79,
19.97,,0.8,6.216,,20.12,,8.5,0.67,1534975200,235.0,,16.47,
19.8,,0.81,6.216,,19.95,,6.57,0.54,1534978800,231.0,,16.48,
19.47,,0.83,6.216,,19.64,,7.9,0.95,1534982400,238.0,,16.52,
19.47,,0.83,6.216,,19.64,,7.69,0.94,1534986000,243.0,,16.52,
19.47,,0.83,6.216,,19.64,,6.64,0.76,1534989600,239.0,,16.52,
19.47,,0.83,6.216,,19.64,,7.14,0.79,1534993200,228.0,,16.56,
19.51,,0.83,6.216,,19.69,,7.17,0.94,1534996800,226.0,,16.6,
18.92,,0.86,6.216,,19.12,,6.8,0.98,1535000400,220.0,,16.6,
19.25,,0.86,5.747,,19.49,,7.45,0.92,1535004000,217.0,,16.93,
19.45,,0.85,6.125,,19.67,,11.04,0.92,1535007600,228.0,,16.87,
19.59,,0.84,6.196,,19.8,,10.25,0.89,1535011200,239.0,,16.82,
19.32,,0.84,5.097,,19.5,,11.63,0.89,1535014800,258.0,,16.49,
17.14,,0.91,5.503,,17.27,,8.29,0.76,1535018400,311.0,,15.57,
17.42,,0.85,6.216,,17.43,,8.31,0.83,1535022000,308.0,,14.79,
18.49,,0.75,6.216,,18.49,,7.74,0.83,1535025600,295.0,,13.9,
20.12,,0.65,6.216,,20.12,,9.28,0.83,1535029200,278.0,,13.24,
20.95,,0.56,6.216,,20.95,,10.52,0.66,1535032800,278.0,,11.92,
21.54,,0.51,6.216,,21.54,,12.35,0.38,1535036400,274.0,,11.01,
21.46,,0.5,6.216,,21.46,,13.79,0.56,1535040000,261.0,,10.54,
21.49,,0.5,6.216,,21.49,,12.09,0.48,1535043600,265.0,,10.53,
20.18,,0.55,6.216,,20.18,,13.77,0.66,1535047200,265.0,,10.86,
18.68,,0.57,6.216,,18.68,,17.14,0.43,1535050800,270.0,,10.07,
17.25,,0.62,6.216,,17.25,,12.64,0.45,1535054400,263.0,,9.99,
16.93,,0.65,6.193,,16.93,,12.73,0.31,1535058000,252.0,,10.39,
16.23,,0.69,6.216,,16.23,,13.15,0.7,1535061600,264.0,,10.62,
16.06,,0.66,6.216,,16.06,,15.12,0.32,1535065200,289.0,,9.71,
15.07,,0.67,6.216,,15.07,,12.05,0.86,1535068800,287.0,,8.88,
14.02,,0.7,6.216,,14.02,,11.85,0.44,1535072400,278.0,,8.59,
13.65,,0.69,6.216,,13.65,,11.09,,1535076000,277.0,,8.0,
13.39,,0.73,6.216,,13.39,,11.79,,1535079600,276.0,,8.55,
12.65,,0.73,6.216,,12.65,,10.48,,1535083200,269.0,,7.97,
11.73,,0.78,6.216,,11.73,,9.09,,1535086800,257.0,,7.97,
11.92,,0.77,6.216,,11.92,,10.59,0.19,1535090400,254.0,,8.0,
13.17,,0.75,6.216,,13.17,,12.23,0.19,1535094000,254.0,,8.83,
14.52,,0.67,6.216,,14.52,,14.41,0.19,1535097600,262.0,,8.36,
15.84,,0.6,6.216,,15.84,,15.01,0.28,1535101200,273.0,,8.05,
16.84,,0.52,6.216,,16.84,,16.5,0.29,1535104800,264.0,,6.83,
17.81,,0.46,6.216,,17.81,,16.59,0.5,1535108400,265.0,,5.95,
18.56,,0.42,6.216,,18.56,,16.27,0.52,1535112000,253.0,,5.29,
18.61,,0.41,6.216,,18.61,,15.21,0.36,1535115600,259.0,,5.03,
19.39,,0.41,6.216,,19.39,,16.87,0.5,1535119200,246.0,,5.83,
18.64,,0.46,6.216,,18.64,,14.89,0.52,1535122800,253.0,,6.86,
17.29,,0.55,6.216,,17.29,,13.94,0.56,1535126400,259.0,,8.04,
15.45,,0.7,6.216,,15.45,,11.83,0.6,1535130000,262.0,,9.94,
15.22,,0.64,6.216,,15.22,,17.18,0.34,1535133600,251.0,,8.43,
13.52,,0.76,5.423,,13.52,,13.11,0.37,1535137200,272.0,,9.27,
11.41,,0.89,5.157,,11.41,,12.04,0.85,1535140800,259.0,,9.71,
11.53,,0.88,6.216,,11.53,,11.6,0.89,1535144400,256.0,,9.67,
11.17,,0.89,6.216,,11.17,,10.89,0.28,1535148000,272.0,,9.48,
10.93,,0.85,6.216,,10.93,,12.72,0.19,1535151600,281.0,,8.52,
10.15,,0.86,6.216,,10.15,,12.46,,1535155200,280.0,,7.92,
9.92,,0.86,6.216,,7.41,,11.72,,1535158800,281.0,,7.7,
9.74,,0.86,6.216,,7.14,,11.94,,1535162400,280.0,,7.47,
9.87,,0.85,6.216,,7.46,,11.04,,1535166000,279.0,,7.47,
9.55,,0.87,6.216,,6.95,,11.67,0.44,1535169600,277.0,,7.47,
9.73,,0.83,6.216,,7.06,,12.39,,1535173200,271.0,,6.92,
10.32,,0.83,6.216,,10.32,,12.05,,1535176800,278.0,,7.51,
11.03,,0.81,6.216,,11.03,,9.81,,1535180400,273.0,,7.83,
12.46,,0.76,6.216,,12.46,,12.07,0.19,1535184000,276.0,,8.35,
13.65,,0.72,6.216,,13.65,,11.62,0.26,1535187600,288.0,,8.71,
15.09,,0.66,6.216,,15.09,,11.36,0.51,1535191200,289.0,,8.85,
16.08,,0.59,6.216,,16.08,,11.83,0.51,1535194800,302.0,,8.03,
16.59,,0.56,6.216,,16.59,,11.4,0.51,1535198400,286.0,,7.81,
17.68,,0.5,6.216,,17.68,,9.37,0.42,1535202000,292.0,,7.26,
17.35,,0.52,6.216,,17.35,,13.22,0.41,1535205600,279.0,,7.46,
17.3,,0.54,6.216,,17.3,,10.49,0.42,1535209200,292.0,,7.98,
17.89,,0.49,6.216,,17.89,,10.95,0.39,1535212800,309.0,,6.94,
17.72,,0.49,6.216,,17.72,,8.51,0.57,1535216400,315.0,,6.82,
17.61,,0.5,6.216,,17.61,,5.97,0.49,1535220000,317.0,,7.01,
16.28,,0.54,6.216,,16.28,,5.66,0.24,1535223600,310.0,,7.04,
15.23,,0.61,6.216,,15.23,,3.15,,1535227200,240.0,,7.68,
14.37,,0.62,6.216,,14.37,,2.8,0.19,1535230800,229.0,,7.23,
13.48,,0.69,6.216,,13.48,,1.93,,1535234400,248.0,,7.99,
12.43,,0.76,6.216,,12.43,,3.43,,1535238000,213.0,,8.26,
11.7,,0.8,6.216,,11.7,,2.79,0.44,1535241600,226.0,,8.31,
11.44,,0.82,6.216,,11.44,,4.77,0.75,1535245200,211.0,,8.45,
11.65,,0.81,6.216,,11.65,,2.64,1.0,1535248800,230.0,,8.48,
11.64,,0.82,6.216,,11.64,,5.07,0.75,1535252400,207.0,,8.66,
11.79,,0.81,6.216,,11.79,,4.11,1.0,1535256000,208.0,,8.66,
11.6,,0.82,6.216,,11.6,,3.87,1.0,1535259600,201.0,,8.61,
12.0,,0.81,6.216,,12.0,,4.19,0.63,1535263200,132.0,,8.92,
13.79,,0.71,6.216,,13.79,,6.01,0.45,1535266800,163.0,,8.59,
15.08,,0.66,6.216,,15.08,,8.41,0.42,1535270400,171.0,,8.73,
15.84,,0.68,6.216,,15.84,,9.37,0.36,1535274000,181.0,,9.93,
15.89,,0.67,6.216,,15.89,,13.27,0.4,1535277600,186.0,,9.7,
14.4,,0.79,6.022,,14.4,,10.71,0.46,1535281200,180.0,,10.8,
13.68,,0.89,4.935,,13.68,,12.2,0.89,1535284800,165.0,,11.95,
13.52,,0.89,4.184,,13.52,,14.55,0.79,1535288400,166.0,,11.79,
13.82,,0.91,4.89,,13.82,,16.04,0.8,1535292000,171.0,,12.33,
14.95,,0.91,5.368,,14.95,,15.32,0.92,1535295600,183.0,,13.45,
16.42,,0.92,4.369,,16.51,,15.25,0.92,1535299200,192.0,,15.08,
16.98,,0.93,4.525,,17.15,,16.46,0.8,1535302800,197.0,,15.76,
17.8,,0.91,5.23,,18.01,,14.32,0.92,1535306400,211.0,,16.29,
18.49,,0.9,5.225,,18.74,,11.46,0.81,1535310000,221.0,,16.79,
18.49,,0.91,3.902,,18.77,,13.26,0.91,1535313600,239.0,,17.0,
18.45,,0.89,6.162,,18.69,,13.73,0.89,1535317200,244.0,,16.66,
18.33,,0.88,6.216,,18.53,,13.63,0.89,1535320800,246.0,,16.38,
17.55,,0.89,6.092,,17.68,,11.58,0.76,1535324400,253.0,,15.65,
17.55,,0.85,6.216,,17.59,,11.11,0.91,1535328000,246.0,,15.01,
17.23,,0.85,6.216,,17.23,,13.73,0.77,1535331600,249.0,,14.6,
16.14,,0.85,6.216,,16.14,,12.22,0.59,1535335200,248.0,,13.64,
15.59,,0.87,6.216,,15.59,,14.26,0.55,1535338800,248.0,,13.51,
15.18,,0.87,6.216,,15.18,,13.3,0.47,1535342400,242.0,,12.96,
14.32,,0.89,6.216,,14.32,,13.04,0.39,1535346000,243.0,,12.47,
14.23,,0.83,6.216,,14.23,,14.3,0.33,1535349600,254.0,,11.37,
14.49,,0.75,6.216,,14.49,,13.28,0.78,1535353200,262.0,,10.08,
15.48,,0.7,6.216,,15.48,,12.07,0.89,1535356800,258.0,,10.11,
16.61,,0.67,6.216,,16.61,,14.4,0.71,1535360400,248.0,,10.41,
17.48,,0.63,6.216,,17.48,,15.05,0.7,1535364000,257.0,,10.25,
17.29,,0.64,6.216,,17.29,,14.58,0.9,1535367600,260.0,,10.41,
17.94,,0.64,6.216,,17.94,,15.84,0.8,1535371200,262.0,,11.04,
18.65,,0.59,6.216,,18.65,,15.95,0.75,1535374800,253.0,,10.49,
18.79,,0.59,6.216,,18.79,,12.78,0.87,1535378400,261.0,,10.61,
18.84,,0.61,,,18.84,,11.47,,1535382000,261.0,,11.08,
18.84,,0.61,6.216,,18.84,,11.27,0.92,1535385600,254.0,,11.08,
18.8,,0.61,6.216,,18.8,,10.68,0.92,1535389200,254.0,,11.04,
18.52,,0.62,6.216,,18.52,,9.28,0.92,1535392800,257.0,,11.07,
18.31,,0.63,6.216,,18.31,,8.67,0.92,1535396400,255.0,,11.03,
17.95,,0.64,6.216,,17.95,,8.31,0.92,1535400000,260.0,,10.96,
17.31,,0.67,6.216,,17.31,,7.27,0.95,1535403600,267.0,,11.08,
17.14,,0.68,6.216,,17.14,,6.14,0.99,1535407200,285.0,,11.14,
17.06,,0.65,6.216,,17.06,,5.87,0.99,1535410800,286.0,,10.45,
17.06,,0.65,6.216,,17.06,,5.67,0.99,1535414400,283.0,,10.49,
16.46,,0.68,6.216,,16.46,,4.72,0.99,1535418000,284.0,,10.49,
16.23,,0.69,6.216,,16.23,,3.63,0.99,1535421600,282.0,,10.63,
16.09,,0.69,6.216,,16.09,,2.0,0.99,1535425200,274.0,,10.45,
16.23,,0.68,6.216,,16.23,,2.08,0.99,1535428800,312.0,,10.31,
16.19,,0.71,6.216,,16.19,,2.44,0.99,1535432400,313.0,,10.9,
16.23,,0.71,6.216,,16.23,,3.16,0.95,1535436000,216.0,,11.0,
16.44,,0.69,6.216,,16.44,,4.18,0.97,1535439600,233.0,,10.68,
17.31,,0.64,6.216,,17.31,,4.22,0.92,1535443200,152.0,,10.37,
17.52,,0.64,6.216,,17.52,,6.41,0.92,1535446800,160.0,,10.53,
17.75,,0.61,6.216,,17.75,,6.17,0.95,1535450400,181.0,,10.04,
18.52,,0.58,6.216,,18.52,,8.24,0.92,1535454000,193.0,,10.21,
18.88,,0.57,6.216,,18.88,,8.21,0.88,1535457600,205.0,,10.21,
19.53,,0.56,6.216,,19.53,,7.74,0.92,1535461200,220.0,,10.41,
19.98,,0.54,6.216,,19.98,,7.08,0.75,1535464800,175.0,,10.39,
20.54,,0.53,6.216,,20.54,,7.05,0.66,1535468400,165.0,,10.72,
20.5,,0.55,6.216,,20.5,,5.75,0.55,1535472000,158.0,,11.14,
20.3,,0.55,6.216,,20.3,,7.6,0.68,1535475600,154.0,,11.0,
19.3,,0.59,6.216,,19.3,,6.67,0.54,1535479200,163.0,,11.18,
18.12,,0.65,6.216,,18.12,,6.01,0.39,1535482800,170.0,,11.33,
17.13,,0.7,6.216,,17.13,,5.15,0.75,1535486400,188.0,,11.68,
16.3,,0.74,6.216,,16.3,,4.9,0.67,1535490000,215.0,,11.63,
16.0,,0.76,6.216,,16.0,,3.52,0.75,1535493600,213.0,,11.79,
16.04,,0.77,6.216,,16.04,,4.07,0.46,1535497200,223.0,,12.0,
15.13,,0.81,6.216,,15.13,,4.07,0.53,1535500800,217.0,,11.96,
14.88,,0.85,6.216,,14.88,,3.24,0.53,1535504400,203.0,,12.33,
15.05,,0.85,6.216,,15.05,,1.21,0.44,1535508000,198.0,,12.47,
15.05,,0.86,6.216,,15.05,,2.6,0.68,1535511600,232.0,,12.69,
15.09,,0.87,5.953,,15.09,,2.7,0.55,1535515200,257.0,,12.87,
14.63,,0.93,5.727,,14.63,,2.71,0.51,1535518800,230.0,,13.47,
14.49,,0.92,5.201,,14.49,,6.93,0.43,1535522400,307.0,,13.23,
14.21,,0.93,4.955,,14.21,,8.93,0.78,1535526000,310.0,,13.09,
14.15,,0.92,5.47,,14.15,,6.78,0.86,1535529600,315.0,,12.9,
14.33,,0.91,3.881,,14.33,,4.99,0.82,1535533200,311.0,,12.95,
14.87,,0.87,5.57,,14.87,,5.74,0.75,1535536800,309.0,,12.65,
16.11,,0.8,5.612,,16.11,,6.48,0.85,1535540400,313.0,,12.65,
17.16,,0.73,6.216,,17.16,,9.08,0.46,1535544000,304.0,,12.21,
18.06,,0.65,6.216,,18.06,,8.11,0.68,1535547600,320.0,,11.36,
18.99,,0.59,6.216,,18.99,,9.16,0.71,1535551200,315.0,,10.91,
18.84,,0.62,6.216,,18.84,,7.65,0.75,1535554800,339.0,,11.51,
19.05,,0.63,6.216,,19.05,,6.11,0.74,1535558400,336.0,,11.73,
19.34,,0.61,6.216,,19.34,,7.17,0.7,1535562000,310.0,,11.61,
18.64,,0.65,6.216,,18.64,,10.59,0.7,1535565600,307.0,,11.96,
18.0,,0.68,6.216,,18.0,,8.12,0.68,1535569200,309.0,,11.96,
17.13,,0.67,6.216,,17.13,,8.93,0.45,1535572800,305.0,,11.0,
16.06,,0.71,6.216,,16.06,,6.64,0.44,1535576400,317.0,,10.78,
16.01,,0.67,6.216,,16.01,,7.6,0.7,1535580000,306.0,,9.83,
14.93,,0.67,6.216,,14.93,,5.71,0.68,1535583600,305.0,,8.79,
13.97,,0.71,6.216,,13.97,,5.37,0.7,1535587200,303.0,,8.79,
13.38,,0.7,6.216,,13.38,,5.86,0.66,1535590800,293.0,,8.1,
13.06,,0.76,6.216,,13.06,,6.93,1.0,1535594400,303.0,,8.92,
13.06,,0.76,6.216,,13.06,,5.47,0.75,1535598000,306.0,,8.92,
11.97,,0.8,6.216,,11.97,,4.17,0.96,1535601600,297.0,,8.55,
11.74,,0.81,6.216,,11.74,,3.7,0.86,1535605200,305.0,,8.6,
11.54,,0.82,6.216,,11.54,,3.96,0.24,1535608800,305.0,,8.52,
12.47,,0.79,6.216,,12.47,,5.37,0.23,1535612400,341.0,,8.97,
13.94,,0.71,6.216,,13.94,,5.55,0.19,1535616000,7.0,,8.73,
14.97,,0.67,6.216,,14.97,,5.27,,1535619600,5.0,,8.92,
16.64,,0.61,6.216,,16.64,,6.25,0.75,1535623200,13.0,,9.08,
17.36,,0.58,6.216,,17.36,,5.56,0.48,1535626800,6.0,,8.91,
18.36,,0.53,6.216,,18.36,,5.75,0.33,1535630400,38.0,,8.62,
18.35,,0.5,6.216,,18.35,,5.89,0.52,1535634000,35.0,,7.69,
19.68,,0.45,6.216,,19.68,,5.0,0.64,1535637600,13.0,,7.38,
19.18,,0.46,6.216,,19.18,,6.16,0.6,1535641200,14.0,,7.21,
19.65,,0.42,6.216,,19.65,,4.87,0.19,1535644800,17.0,,6.26,
19.1,,0.43,6.216,,19.1,,4.66,0.19,1535648400,34.0,,6.15,
18.63,,0.47,6.216,,18.63,,4.39,0.19,1535652000,15.0,,7.02,
17.92,,0.49,6.216,,17.92,,4.74,0.38,1535655600,63.0,,7.07,
17.06,,0.53,6.216,,17.06,,5.07,,1535659200,52.0,,7.37,
16.29,,0.66,6.216,,16.29,,5.21,,1535662800,52.0,,10.03,
15.93,,0.65,6.216,,15.93,,5.3,,1535666400,50.0,,9.4,
15.12,,0.74,6.216,,15.12,,5.17,0.75,1535670000,43.0,,10.6,
14.38,,0.83,6.216,,14.38,,2.74,0.19,1535673600,65.0,,11.48,
13.43,,0.88,6.216,,13.43,,4.99,0.19,1535677200,63.0,,11.48,
12.99,,0.88,6.184,,12.99,,4.22,0.28,1535680800,52.0,,11.03,
12.1,,0.93,6.061,,12.1,,1.6,0.75,1535684400,20.0,,10.92,
11.84,,0.94,6.061,,11.84,,3.6,0.44,1535688000,19.0,,10.84,
11.79,,0.94,6.014,,11.79,,3.1,0.44,1535691600,348.0,,10.79,
11.57,,0.94,5.479,,11.57,,3.61,0.23,1535695200,1.0,,10.68,
12.9,,0.92,5.699,,12.9,,4.15,0.2,1535698800,17.0,,11.55,
14.6,,0.85,5.612,,14.6,,5.15,0.51,1535702400,69.0,,12.08,
17.75,,0.7,6.216,,17.75,,7.18,0.27,1535709600,75.0,,12.2,
18.17,,0.64,6.216,,18.17,,5.95,0.44,1535713200,80.0,,11.28,
19.0,,0.59,6.216,,19.0,,6.42,0.34,1535716800,91.0,,10.83,
19.89,,0.55,6.216,,19.89,,6.1,0.55,1535720400,88.0,,10.71,
19.97,,0.55,6.216,,19.97,,7.94,0.42,1535724000,80.0,,10.53,
19.99,,0.55,6.216,,19.99,,8.13,0.44,1535727600,81.0,,10.65,
20.12,,0.55,6.216,,20.12,,8.73,0.29,1535731200,95.0,,10.66,
19.28,,0.58,6.216,,19.28,,9.08,0.19,1535734800,96.0,,10.8,
19.02,,0.62,,,19.02,,9.61,,1535738400,119.0,,11.51,
18.07,,0.66,6.216,,18.07,,8.11,0.35,1535742000,117.0,,11.7,
17.47,,0.68,6.216,,17.47,,5.74,0.39,1535745600,133.0,,11.54,
16.57,,0.71,6.216,,16.57,,5.47,0.61,1535749200,140.0,,11.36,
16.17,,0.71,6.216,,16.17,,3.86,0.66,1535752800,151.0,,10.87,
14.78,,0.77,,,14.78,,3.72,,1535756400,121.0,,10.87,
14.15,,0.81,6.184,,14.15,,3.83,,1535760000,103.0,,10.87,
13.23,,0.85,6.154,,13.23,,4.36,,1535763600,112.0,,10.69,
13.04,,0.84,6.009,,13.04,,3.57,,1535767200,103.0,,10.37,
12.78,,0.88,6.122,,12.78,,3.83,,1535770800,62.0,,10.92,
12.46,,0.91,6.016,,12.46,,3.37,,1535774400,68.0,,11.06,
11.86,,0.92,5.959,,11.86,,3.84,,1535778000,76.0,,10.69,
11.9,,0.92,5.896,,11.9,,4.75,,1535781600,105.0,,10.69,
13.57,,0.88,6.109,,13.57,,5.28,,1535785200,88.0,,11.57,
16.42,,0.8,6.216,,16.42,,5.78,,1535788800,133.0,,12.93,
18.82,,0.68,6.216,,18.82,,7.42,,1535792400,153.0,,12.86,
20.99,,0.55,6.216,,20.99,,8.63,0.19,1535796000,161.0,,11.53,
21.84,,0.49,6.216,,21.84,,9.07,0.19,1535799600,166.0,,10.52,
22.36,,0.46,6.216,,22.36,,8.46,0.19,1535803200,174.0,,10.25,
23.17,,0.41,6.216,,23.17,,7.91,0.38,1535806800,192.0,,9.35,
23.53,,0.41,6.216,,23.53,,8.47,0.44,1535810400,200.0,,9.68,
23.65,,0.4,6.216,,23.65,,8.58,0.19,1535814000,193.0,,9.32,
23.05,,0.41,6.216,,23.05,,6.64,,1535817600,182.0,,9.17,
21.44,,0.46,6.216,,21.44,,7.78,,1535824800,169.0,,9.33,
20.1,,0.5,6.216,,20.1,,8.73,,1535828400,180.0,,9.45,
18.3,,0.54,6.216,,18.3,,6.42,0.19,1535832000,185.0,,8.93,
16.73,,0.58,6.216,,16.73,,4.49,,1535839200,142.0,,8.53,
15.17,,0.67,6.216,,15.17,,3.98,,1535842800,129.0,,9.02,
14.18,,0.74,6.216,,14.18,,3.98,,1535846400,116.0,,9.62,
13.81,,0.78,6.216,,13.81,,4.2,,1535850000,100.0,,10.14,
13.4,,0.82,6.216,,13.4,,3.34,,1535853600,69.0,,10.41,
12.67,,0.87,6.122,,12.67,,3.94,,1535857200,67.0,,10.51,
12.45,,0.88,6.061,,12.45,,3.51,,1535860800,47.0,,10.51,
11.66,,0.91,5.686,,11.66,,3.1,,1535864400,69.0,,10.31,
11.89,,0.88,6.061,,11.89,,2.68,,1535868000,82.0,,9.98,
13.79,,0.85,5.738,,13.79,,3.21,,1535871600,122.0,,11.32,
16.11,,0.77,5.791,,16.11,,4.33,,1535875200,106.0,,12.04,
18.49,,0.66,6.129,,18.49,,5.19,,1535878800,105.0,,12.01,
20.24,,0.5,6.216,,20.24,,6.82,0.19,1535882400,120.0,,9.37,
21.23,,0.44,6.216,,21.23,,6.42,0.19,1535886000,125.0,,8.34,
22.22,,0.38,6.216,,22.22,,6.4,,1535889600,103.0,,7.34,
22.99,,0.36,6.216,,22.99,,6.72,,1535893200,128.0,,7.08,
23.14,,0.37,6.216,,23.14,,8.21,,1535896800,101.0,,7.78,
23.19,,0.38,6.216,,23.19,,9.26,,1535900400,104.0,,8.27,
22.8,,0.39,6.216,,22.8,,8.62,,1535904000,97.0,,8.25,
22.1,,0.4,6.216,,22.1,,7.63,,1535907600,104.0,,7.88,
20.82,,0.45,6.216,,20.82,,9.3,,1535911200,96.0,,8.52,
18.36,,0.59,6.216,,18.36,,10.22,,1535914800,98.0,,10.09,
17.57,,0.64,6.216,,17.57,,9.75,,1535918400,107.0,,10.74,
16.52,,0.73,6.216,,16.52,,6.63,,1535922000,114.0,,11.6,
16.0,,0.77,6.216,,16.0,,5.58,,1535925600,108.0,,12.06,
15.37,,0.8,6.216,,15.37,,2.74,,1535929200,61.0,,12.01,
14.29,,0.86,6.216,,14.29,,2.51,,1535932800,12.0,,12.01,
13.93,,0.87,6.171,,13.93,,2.81,,1535936400,348.0,,11.8,
13.52,,0.89,6.042,,13.52,,3.22,,1535940000,83.0,,11.71,
12.66,,0.89,5.959,,12.66,,2.55,,1535943600,345.0,,10.93,
11.83,,0.93,5.364,,11.83,,1.0,0.19,1535947200,316.0,,10.8,
11.97,,0.92,,,11.97,,,,1535950800,,,10.78,
12.07,,0.93,5.366,,12.07,,2.27,0.7,1535954400,354.0,,11.04,
14.63,,0.88,4.858,,14.63,,0.61,,1535958000,112.0,,12.62,
16.88,,0.78,6.044,,16.88,,3.53,,1535961600,302.0,,12.97,
19.63,,0.63,6.216,,19.63,,0.52,,1535965200,161.0,,12.38,
20.56,,0.51,6.216,,20.56,,4.69,,1535968800,105.0,,10.17,
21.09,,0.47,6.216,,21.09,,3.86,0.19,1535972400,94.0,,9.27,
21.15,,0.46,6.216,,21.15,,4.43,0.19,1535976000,118.0,,9.04,
22.24,,0.43,6.216,,22.24,,5.13,0.75,1535979600,114.0,,9.07,
22.99,,0.4,6.216,,22.99,,5.49,,1535983200,24.0,,8.57,
23.75,,0.4,6.216,,23.75,,5.23,,1535990400,51.0,,9.32,
22.83,,0.4,6.216,,22.83,,6.29,,1535994000,47.0,,8.63,
21.53,,0.52,6.216,,21.53,,8.41,0.44,1535997600,84.0,,11.13,
20.18,,0.56,,,20.18,,8.43,,1536001200,73.0,,11.17,
18.52,,0.63,,,18.52,,7.0,,1536004800,81.0,,11.37,
17.52,,0.71,6.216,,17.52,,4.71,0.75,1536008400,65.0,,12.11,
17.24,,0.72,6.216,,17.24,,5.08,,1536012000,67.0,,12.11,
15.35,,0.81,6.216,,15.35,,4.29,,1536015600,349.0,,12.12,
15.12,,0.85,6.154,,15.12,,3.75,0.19,1536019200,349.0,,12.53,
14.93,,0.82,6.092,,14.93,,3.63,,1536022800,345.0,,11.87,
13.96,,0.86,6.122,,13.96,,3.55,,1536026400,340.0,,11.6,
13.78,,0.86,6.154,,13.78,,4.11,,1536030000,331.0,,11.56,
14.16,,0.86,6.009,,14.16,,5.22,0.5,1536033600,3.0,,11.83,
14.38,,0.85,5.985,,14.38,,5.56,0.92,1536037200,357.0,,11.83,
14.21,,0.86,5.315,,14.21,,7.42,0.67,1536040800,9.0,,11.9,
14.49,,0.84,5.472,,14.49,,7.2,0.63,1536044400,356.0,,11.86,
14.95,,0.82,6.129,,14.95,,9.11,0.5,1536048000,357.0,,11.84,
15.49,,0.79,6.216,,15.49,,8.82,0.5,1536051600,359.0,,11.82,
16.33,,0.71,6.216,,16.33,,8.76,0.36,1536055200,3.0,,11.07,
17.74,,0.66,6.216,,17.74,,9.14,,1536058800,356.0,,11.4,
18.14,,0.65,6.216,,18.14,,9.11,0.68,1536062400,39.0,,11.45,
19.01,,0.63,6.216,,19.01,,9.11,0.5,1536066000,20.0,,11.76,
19.33,,0.6,6.216,,19.33,,9.43,0.37,1536069600,6.0,,11.24,
19.92,,0.58,6.216,,19.92,,9.03,0.43,1536073200,11.0,,11.38,
19.73,,0.61,6.216,,19.73,,8.88,0.48,1536076800,15.0,,11.95,
19.07,,0.64,6.216,,19.07,,9.44,0.49,1536080400,359.0,,12.0,
18.59,,0.65,6.216,,18.59,,8.8,0.45,1536084000,6.0,,11.97,
17.72,,0.69,6.216,,17.72,,9.98,0.54,1536087600,12.0,,11.97,
16.69,,0.73,6.216,,16.69,,9.06,0.76,1536091200,8.0,,11.84,
16.46,,0.75,6.216,,16.46,,7.76,0.45,1536094800,3.0,,12.0,
15.95,,0.77,6.216,,15.95,,7.46,0.45,1536098400,13.0,,11.86,
15.93,,0.77,6.216,,15.93,,6.29,0.55,1536102000,10.0,,12.0,
15.88,,0.78,6.216,,15.88,,7.66,0.76,1536105600,358.0,,12.0,
15.7,,0.79,6.216,,15.7,,7.03,0.75,1536109200,355.0,,12.0,
15.51,,0.8,6.216,,15.51,,6.87,0.67,1536112800,354.0,,12.0,
14.74,,0.87,6.216,,14.74,,7.24,0.68,1536116400,3.0,,12.55,
14.6,,0.87,6.216,,14.6,,5.49,0.45,1536120000,0.0,,12.38,
14.51,,0.86,6.216,,14.51,,6.74,0.73,1536123600,346.0,,12.2,
14.45,,0.86,6.129,,14.45,,8.1,0.61,1536127200,3.0,,12.17,
13.98,,0.86,5.987,,13.98,,7.12,0.58,1536130800,335.0,,11.73,
14.25,,0.85,5.73,,14.25,,8.22,0.77,1536134400,343.0,,11.76,
15.22,,0.81,5.844,,15.22,,7.84,0.72,1536138000,343.0,,12.04,
16.35,,0.78,5.844,,16.35,,7.89,0.71,1536141600,354.0,,12.59,
17.85,,0.72,6.216,,17.85,,7.62,0.76,1536145200,12.0,,12.73,
19.01,,0.66,6.216,,19.01,,7.07,0.79,1536148800,5.0,,12.57,
19.55,,0.64,6.216,,19.55,,7.64,0.79,1536152400,358.0,,12.55,
19.66,,0.63,6.216,,19.66,,8.22,0.78,1536156000,345.0,,12.4,
20.43,,0.6,6.216,,20.43,,6.38,0.79,1536159600,5.0,,12.38,
20.11,,0.61,6.216,,20.11,,6.7,0.85,1536163200,5.0,,12.4,
19.94,,0.61,6.216,,19.94,,8.21,0.54,1536166800,27.0,,12.3,
19.16,,0.67,6.216,,19.16,,8.6,0.41,1536170400,49.0,,12.87,
17.97,,0.74,6.216,,17.97,,7.38,0.71,1536174000,59.0,,13.37,
17.57,,0.73,6.216,,17.57,,6.34,0.69,1536177600,24.0,,12.58,
17.41,,0.74,6.216,,17.41,,6.25,0.77,1536181200,3.0,,12.7,
16.71,,0.77,6.216,,16.71,,5.07,0.68,1536184800,349.0,,12.7,
15.65,,0.82,6.189,,15.65,,4.27,0.19,1536188400,343.0,,12.6,
15.29,,0.83,6.163,,15.29,,5.05,0.5,1536192000,316.0,,12.46,
14.55,,0.87,6.021,,14.55,,5.22,0.66,1536195600,320.0,,12.46,
14.24,,0.84,4.981,,14.24,,5.1,0.38,1536199200,313.0,,11.64,
13.6,,0.85,4.631,,13.6,,4.85,0.79,1536202800,332.0,,11.14,
12.87,,0.89,4.321,,12.87,,5.51,0.75,1536206400,304.0,,11.1,
12.68,,0.85,4.348,,12.68,,6.69,0.57,1536210000,300.0,,10.22,
11.9,,0.87,4.759,,11.9,,5.52,0.75,1536213600,298.0,,9.8,
12.06,,0.82,6.129,,12.06,,5.47,0.75,1536217200,300.0,,9.16,
13.57,,0.77,6.129,,13.57,,6.41,0.75,1536220800,307.0,,9.62,
15.83,,0.67,6.216,,15.83,,6.71,0.19,1536224400,302.0,,9.82,
17.31,,0.61,6.216,,17.31,,6.37,0.19,1536228000,318.0,,9.8,
18.96,,0.52,6.216,,18.96,,7.73,0.24,1536231600,282.0,,8.99,
20.07,,0.48,6.216,,20.07,,5.99,0.21,1536235200,315.0,,8.73,
21.17,,0.46,6.216,,21.17,,7.23,0.68,1536238800,260.0,,8.96,
21.31,,0.46,6.216,,21.31,,7.61,0.53,1536242400,270.0,,9.2,
20.58,,0.49,6.216,,20.58,,10.53,0.55,1536246000,256.0,,9.39,
20.42,,0.5,6.216,,20.42,,10.32,0.51,1536249600,253.0,,9.64,
19.39,,0.57,6.216,,19.39,,12.09,0.74,1536253200,255.0,,10.76,
17.27,,0.76,6.025,,17.27,,11.5,0.76,1536256800,261.0,,13.03,
16.77,,0.8,5.785,,16.77,,12.09,0.88,1536260400,279.0,,13.34,
15.5,,0.88,6.216,,15.5,,8.92,0.92,1536264000,300.0,,13.57,
15.08,,0.79,6.216,,15.08,,9.11,0.76,1536267600,327.0,,11.56,
14.48,,0.79,6.036,,14.48,,7.18,0.79,1536271200,313.0,,10.95,
13.46,,0.77,6.216,,13.46,,8.19,0.92,1536274800,313.0,,9.42,
13.17,,0.71,6.216,,13.17,,10.46,0.69,1536278400,302.0,,7.97,
12.03,,0.76,6.216,,12.03,,9.74,0.23,1536282000,300.0,,7.84,
11.85,,0.75,6.216,,11.85,,9.14,,1536285600,291.0,,7.65,
10.71,,0.8,6.216,,10.71,,9.91,,1536289200,284.0,,7.42,
10.34,,0.82,6.216,,10.34,,8.98,,1536292800,287.0,,7.34,
10.25,,0.79,6.216,,10.25,,10.19,,1536296400,282.0,,6.74,
9.64,,0.82,6.216,,7.11,,11.4,,1536300000,275.0,,6.63,
10.92,,0.77,6.216,,10.92,,9.67,,1536303600,260.0,,7.0,
12.19,,0.72,6.216,,12.19,,10.25,0.19,1536307200,283.0,,7.23,
13.68,,0.67,6.216,,13.68,,10.55,0.19,1536310800,263.0,,7.57,
14.88,,0.59,6.216,,14.88,,11.08,0.55,1536314400,264.0,,6.96,
16.15,,0.51,6.216,,16.15,,12.56,0.37,1536318000,261.0,,5.95,
16.98,,0.46,6.216,,16.98,,14.41,0.64,1536321600,269.0,,5.15,
17.86,,0.43,6.216,,17.86,,16.37,0.49,1536325200,259.0,,5.19,
18.55,,0.41,6.216,,18.55,,15.97,0.52,1536328800,257.0,,5.06,
18.08,,0.41,6.216,,18.08,,15.42,0.44,1536332400,266.0,,4.73,
18.49,,0.4,6.216,,18.49,,14.5,0.19,1536336000,276.0,,4.8,
17.82,,0.43,6.216,,17.82,,14.61,,1536339600,273.0,,5.04,
17.41,,0.46,6.216,,17.41,,13.29,,1536343200,278.0,,5.52,
15.92,,0.48,6.216,,15.92,,10.41,,1536346800,283.0,,5.04,
15.22,,0.53,6.216,,15.22,,8.48,,1536350400,276.0,,5.78,
14.17,,0.58,6.216,,14.17,,7.22,,1536354000,255.0,,5.93,
13.25,,0.62,6.216,,13.25,,6.86,,1536357600,271.0,,6.05,
12.31,,0.68,6.216,,12.31,,6.1,,1536361200,258.0,,6.61,
11.66,,0.71,6.216,,11.66,,5.81,0.19,1536364800,232.0,,6.66,
10.61,,0.77,6.216,,10.61,,5.97,,1536368400,240.0,,6.66,
10.25,,0.82,6.216,,10.25,,6.91,0.19,1536372000,240.0,,7.36,
9.7,,0.85,6.216,,8.57,,5.27,0.75,1536375600,234.0,,7.36,
9.99,,0.84,6.216,,8.78,,5.7,0.66,1536379200,218.0,,7.36,
10.25,,0.85,6.216,,10.25,,5.24,0.75,1536382800,223.0,,7.81,
11.21,,0.81,6.216,,11.21,,6.25,0.55,1536386400,223.0,,7.99,
12.36,,0.77,6.216,,12.36,,6.46,0.63,1536390000,215.0,,8.46,
13.6,,0.76,6.216,,13.6,,6.77,0.75,1536393600,225.0,,9.46,
15.52,,0.74,6.216,,15.52,,8.61,0.3,1536397200,227.0,,10.83,
16.96,,0.68,6.216,,16.96,,11.51,0.26,1536400800,225.0,,10.99,
17.7,,0.62,6.216,,17.7,,12.3,0.31,1536404400,224.0,,10.29,
18.44,,0.59,6.216,,18.44,,12.02,0.28,1536408000,223.0,,10.29,
19.19,,0.58,6.216,,19.19,,12.28,0.5,1536411600,227.0,,10.79,
19.32,,0.56,6.216,,19.32,,12.6,0.69,1536415200,227.0,,10.4,
19.02,,0.59,6.216,,19.02,,13.74,0.66,1536418800,227.0,,10.83,
19.48,,0.58,6.216,,19.48,,13.19,0.51,1536422400,224.0,,11.04,
18.7,,0.61,6.216,,18.7,,12.58,0.46,1536426000,229.0,,11.0,
17.86,,0.66,6.216,,17.86,,11.57,0.32,1536429600,226.0,,11.32,
17.34,,0.7,6.216,,17.34,,10.01,0.53,1536433200,229.0,,11.79,
16.83,,0.73,6.216,,16.83,,10.82,0.46,1536436800,226.0,,11.97,
16.51,,0.74,6.216,,16.51,,9.17,0.5,1536440400,225.0,,11.86,
16.5,,0.75,6.216,,16.5,,6.98,0.87,1536444000,234.0,,12.05,
15.7,,0.79,6.216,,15.7,,7.28,0.63,1536447600,224.0,,12.05,
15.54,,0.8,6.216,,15.54,,8.12,0.75,1536451200,232.0,,12.05,
15.56,,0.83,6.216,,15.56,,6.06,1.0,1536454800,219.0,,12.73,
15.51,,0.82,6.216,,15.51,,5.93,1.0,1536458400,211.0,,12.36,
15.23,,0.85,6.216,,15.23,,5.65,0.64,1536462000,192.0,,12.73,
15.18,,0.83,6.216,,15.18,,6.22,0.85,1536465600,215.0,,12.23,
15.29,,0.83,6.216,,15.29,,5.4,0.52,1536469200,209.0,,12.41,
15.59,,0.8,6.216,,15.59,,6.21,0.7,1536472800,209.0,,12.09,
15.78,,0.79,6.216,,15.78,,7.47,0.75,1536476400,209.0,,12.08,
17.45,,0.75,6.216,,17.45,,11.39,0.78,1536480000,215.0,,12.97,
17.99,,0.73,6.216,,17.99,,11.77,0.32,1536483600,217.0,,13.0,
19.3,,0.67,6.216,,19.3,,13.65,0.47,1536487200,220.0,,13.08,
19.8,,0.68,6.216,,19.8,,13.19,0.7,1536490800,224.0,,13.81,
20.63,,0.63,6.216,,20.63,,15.6,0.81,1536494400,236.0,,13.41,
21.96,,0.54,6.216,,21.96,,17.16,0.61,1536498000,236.0,,12.36,
23.03,,0.52,6.216,,23.03,,15.11,0.51,1536501600,243.0,,12.52,
23.43,,0.49,6.216,,23.43,,15.47,0.46,1536505200,243.0,,12.14,
22.57,,0.51,6.216,,22.57,,15.41,0.57,1536508800,243.0,,11.88,
21.8,,0.53,6.216,,21.8,,14.5,0.55,1536512400,243.0,,11.92,
20.9,,0.59,6.216,,20.9,,11.34,0.63,1536516000,253.0,,12.48,
19.75,,0.59,6.216,,19.75,,10.7,0.62,1536519600,277.0,,11.4,
18.78,,0.62,6.216,,18.78,,8.61,,1536523200,266.0,,11.4,
18.11,,0.73,6.216,,18.11,,9.32,0.95,1536526800,243.0,,13.1,
17.31,,0.77,6.216,,17.31,,7.7,0.63,1536530400,243.0,,13.16,
16.95,,0.78,6.216,,16.95,,7.73,0.57,1536534000,245.0,,13.12,
16.27,,0.78,6.184,,16.27,,8.38,0.79,1536537600,254.0,,12.52,
16.05,,0.8,6.154,,16.05,,7.44,0.95,1536541200,240.0,,12.62,
15.09,,0.84,6.184,,15.09,,7.07,0.82,1536544800,243.0,,12.39,
15.11,,0.84,6.216,,15.11,,6.7,0.59,1536548400,246.0,,12.45,
14.89,,0.85,6.216,,14.89,,6.47,0.51,1536552000,237.0,,12.41,
14.34,,0.85,6.216,,14.34,,6.79,0.33,1536555600,234.0,,11.88,
14.45,,0.85,6.216,,14.45,,7.03,0.19,1536559200,232.0,,11.93,
14.48,,0.84,6.216,,14.48,,8.89,0.19,1536562800,243.0,,11.86,
15.49,,0.8,6.216,,15.49,,9.51,0.32,1536566400,247.0,,12.04,
16.87,,0.68,6.216,,16.87,,12.98,0.5,1536570000,253.0,,11.0,
17.83,,0.59,6.216,,17.83,,13.98,0.51,1536573600,249.0,,9.67,
18.48,,0.57,6.216,,18.48,,14.24,0.54,1536577200,255.0,,9.74,
19.24,,0.52,6.216,,19.24,,14.27,0.67,1536580800,266.0,,9.08,
20.61,,0.47,6.216,,20.61,,14.4,0.37,1536584400,239.0,,8.89,
20.99,,0.45,6.216,,20.99,,15.39,0.41,1536588000,244.0,,8.59,
20.96,,0.47,6.216,,20.96,,14.85,0.22,1536591600,231.0,,9.37,
20.84,,0.49,6.216,,20.84,,13.64,0.38,1536595200,238.0,,9.8,
20.76,,0.52,6.216,,20.76,,13.43,0.19,1536598800,238.0,,10.44,
19.62,,0.56,6.216,,19.62,,14.17,0.2,1536602400,229.0,,10.62,
18.38,,0.64,6.216,,18.38,,12.32,0.19,1536606000,228.0,,11.41,
17.37,,0.69,6.216,,17.37,,12.43,,1536609600,227.0,,11.63,
17.34,,0.74,6.216,,17.34,,12.99,,1536613200,225.0,,12.63,
17.15,,0.76,6.216,,17.15,,12.03,,1536616800,228.0,,12.98,
16.63,,0.8,6.216,,16.63,,12.93,0.75,1536620400,227.0,,13.11,
17.46,,0.8,6.216,,17.46,,13.88,0.61,1536624000,229.0,,13.97,
17.55,,0.8,6.216,,17.55,,14.43,0.41,1536627600,238.0,,13.97,
17.55,,0.8,6.216,,17.55,,14.11,0.45,1536631200,239.0,,14.01,
17.6,,0.79,6.216,,17.6,,14.9,0.22,1536634800,229.0,,13.97,
17.55,,0.8,6.216,,17.55,,13.49,0.54,1536638400,230.0,,14.01,
17.49,,0.8,6.216,,17.49,,16.48,0.35,1536642000,225.0,,13.97,
17.49,,0.8,6.216,,17.49,,17.28,0.72,1536645600,225.0,,14.04,
18.49,,0.75,6.216,,18.49,,17.28,0.48,1536649200,224.0,,14.04,
19.45,,0.71,6.216,,19.45,,16.18,0.61,1536652800,231.0,,14.04,
20.3,,0.69,6.216,,20.3,,16.36,0.56,1536656400,230.0,,14.39,
21.08,,0.68,6.216,,21.08,,16.99,0.84,1536660000,233.0,,15.04,
20.46,,0.75,6.216,,20.53,,15.61,0.95,1536663600,228.0,,15.93,
20.94,,0.74,6.216,,21.03,,15.01,0.92,1536667200,231.0,,16.18,
21.48,,0.73,6.216,,21.6,,14.51,0.95,1536670800,222.0,,16.52,
21.77,,0.73,6.189,,21.91,,15.37,0.92,1536674400,222.0,,16.74,
21.68,,0.74,6.216,,21.84,,13.89,0.89,1536678000,220.0,,16.88,
21.78,,0.74,6.196,,21.95,,14.93,0.77,1536681600,215.0,,16.91,
21.48,,0.75,6.177,,21.63,,13.95,0.74,1536685200,218.0,,16.77,
20.52,,0.8,5.976,,20.71,,12.68,0.61,1536688800,218.0,,16.86,
19.7,,0.84,5.796,,19.92,,10.87,0.79,1536692400,225.0,,16.96,
19.07,,0.87,5.229,,19.31,,11.34,0.8,1536696000,235.0,,16.93,
18.79,,0.87,4.849,,18.99,,9.38,0.92,1536699600,236.0,,16.52,
18.16,,0.94,1.797,,18.47,,8.62,0.93,1536703200,260.0,,17.11,
17.24,,0.94,1.94,,17.49,,7.85,0.94,1536706800,294.0,,16.34,
16.69,,0.94,4.403,,16.86,,8.02,0.93,1536710400,285.0,,15.65,
16.53,,0.94,2.722,,16.68,,6.85,0.94,1536714000,293.0,,15.49,
15.21,,0.96,3.612,,15.28,,8.4,0.94,1536717600,315.0,,14.5,
13.71,,0.89,4.831,,13.71,,9.8,0.94,1536721200,330.0,,11.94,
12.78,,0.94,3.903,,12.78,,6.59,0.91,1536724800,344.0,,11.79,
12.64,,0.95,2.652,,12.64,,5.27,0.91,1536728400,352.0,,11.88,
12.53,,0.93,3.552,,12.53,,6.58,0.79,1536732000,358.0,,11.45,
12.67,,0.89,6.157,,12.67,,6.34,0.87,1536735600,18.0,,10.97,
12.68,,0.9,6.216,,12.68,,7.06,0.89,1536739200,48.0,,11.04,
13.48,,0.85,6.216,,13.48,,5.62,0.91,1536742800,17.0,,10.99,
13.84,,0.83,6.216,,13.84,,5.37,0.84,1536746400,31.0,,10.94,
14.49,,0.79,6.216,,14.49,,5.93,0.8,1536750000,10.0,,10.81,
14.56,,0.76,6.216,,14.56,,6.43,0.87,1536753600,356.0,,10.39,
14.83,,0.7,6.216,,14.83,,6.39,0.54,1536757200,3.0,,9.48,
14.86,,0.69,6.216,,14.86,,7.06,0.42,1536760800,7.0,,9.3,
14.86,,0.68,6.216,,14.86,,5.48,0.58,1536764400,359.0,,9.06,
14.86,,0.67,6.216,,14.86,,5.09,0.3,1536768000,9.0,,8.78,
14.86,,0.67,6.216,,14.86,,5.24,0.56,1536771600,9.0,,8.76,
14.54,,0.69,6.216,,14.54,,3.53,0.69,1536775200,3.0,,8.85,
14.12,,0.71,6.216,,14.12,,2.62,,1536778800,341.0,,8.97,
13.09,,0.79,6.216,,13.09,,2.06,,1536782400,325.0,,9.44,
12.38,,0.81,6.216,,12.38,,2.31,,1536786000,335.0,,9.26,
11.43,,0.86,6.117,,11.43,,2.63,,1536789600,329.0,,9.22,
11.21,,0.86,,,11.21,,,,1536793200,,,8.87,
10.32,,0.91,6.148,,10.32,,3.05,0.44,1536796800,318.0,,8.87,
10.14,,0.91,5.777,,10.14,,3.16,0.49,1536800400,317.0,,8.79,
9.68,,0.9,6.216,,9.68,,2.64,0.21,1536804000,251.0,,8.06,
9.28,,0.92,5.953,,8.76,,3.48,0.39,1536807600,235.0,,8.01,
8.69,,0.95,6.216,,8.23,,3.21,0.4,1536811200,241.0,,7.94,
8.53,,0.92,6.216,,7.28,,5.01,0.75,1536814800,243.0,,7.23,
8.41,,0.95,6.216,,7.39,,4.35,0.43,1536818400,240.0,,7.64,
9.22,,0.94,6.216,,8.34,,4.31,0.19,1536822000,240.0,,8.25,
11.49,,0.84,6.216,,11.49,,4.47,0.19,1536825600,264.0,,8.9,
13.94,,0.74,6.216,,13.94,,4.58,,1536829200,245.0,,9.36,
16.08,,0.61,6.216,,16.08,,5.49,0.19,1536832800,271.0,,8.52,
17.71,,0.5,6.216,,17.71,,8.73,0.19,1536836400,257.0,,7.06,
18.38,,0.45,6.216,,18.38,,8.86,0.52,1536840000,253.0,,6.08,
18.84,,0.41,6.216,,18.84,,9.05,0.19,1536843600,252.0,,5.15,
19.84,,0.37,6.216,,19.84,,10.27,0.19,1536847200,252.0,,4.8,
19.84,,0.37,6.216,,19.84,,9.09,0.19,1536850800,249.0,,4.68,
19.52,,0.4,6.216,,19.52,,10.41,0.19,1536854400,267.0,,5.39,
18.74,,0.42,6.216,,18.74,,8.49,,1536858000,263.0,,5.56,
17.68,,0.48,6.216,,17.68,,6.5,0.75,1536861600,286.0,,6.65,
16.58,,0.51,6.216,,16.58,,6.73,,1536865200,279.0,,6.37,
15.25,,0.58,6.216,,15.25,,6.58,,1536868800,279.0,,7.0,
14.79,,0.59,6.216,,14.79,,5.73,1.0,1536872400,272.0,,6.96,
13.6,,0.66,6.216,,13.6,,5.69,0.8,1536876000,229.0,,7.47,
13.45,,0.68,6.216,,13.45,,6.07,0.34,1536879600,244.0,,7.55,
12.57,,0.72,6.216,,12.57,,5.97,1.0,1536883200,227.0,,7.59,
11.93,,0.76,6.216,,11.93,,5.95,0.54,1536886800,234.0,,7.77,
11.34,,0.79,6.216,,11.34,,5.68,0.77,1536890400,241.0,,7.77,
11.3,,0.8,6.216,,11.3,,6.21,0.77,1536894000,237.0,,8.0,
11.35,,0.8,6.216,,11.35,,6.25,0.83,1536897600,239.0,,7.95,
10.8,,0.83,6.216,,10.8,,6.45,0.82,1536901200,232.0,,8.0,
11.46,,0.8,6.216,,11.46,,6.83,0.72,1536904800,233.0,,8.16,
12.51,,0.78,6.216,,12.51,,7.52,0.74,1536908400,232.0,,8.86,
13.51,,0.74,6.216,,13.51,,10.02,0.82,1536912000,241.0,,9.0,
14.83,,0.69,6.216,,14.83,,10.86,0.66,1536915600,245.0,,9.2,
15.87,,0.65,6.216,,15.87,,13.16,0.79,1536919200,245.0,,9.19,
17.01,,0.59,6.216,,17.01,,12.81,0.31,1536922800,237.0,,8.82,
17.57,,0.57,6.216,,17.57,,13.6,0.69,1536926400,237.0,,8.86,
17.83,,0.54,6.216,,17.83,,14.68,0.42,1536930000,255.0,,8.34,
17.43,,0.59,6.216,,17.43,,14.61,0.55,1536933600,252.0,,9.31,
17.37,,0.62,6.216,,17.37,,12.82,0.49,1536937200,250.0,,10.0,
17.45,,0.61,6.216,,17.45,,13.2,0.35,1536940800,246.0,,9.95,
17.09,,0.6,6.216,,17.09,,12.09,0.61,1536944400,241.0,,9.35,
16.64,,0.64,6.216,,16.64,,11.12,0.31,1536948000,245.0,,9.86,
16.05,,0.67,6.216,,16.05,,8.86,0.32,1536951600,233.0,,9.86,
15.26,,0.71,6.216,,15.26,,8.85,0.26,1536955200,235.0,,10.04,
14.99,,0.72,6.193,,14.99,,9.57,0.3,1536958800,238.0,,10.07,
14.36,,0.75,6.216,,14.36,,11.52,0.65,1536962400,248.0,,10.04,
14.1,,0.8,6.216,,14.1,,11.04,0.19,1536966000,255.0,,10.74,
14.01,,0.8,6.216,,14.01,,7.87,0.44,1536969600,244.0,,10.64,
13.12,,0.85,6.216,,13.12,,6.59,0.3,1536973200,243.0,,10.74,
12.7,,0.87,6.216,,12.7,,6.25,,1536976800,242.0,,10.52,
11.79,,0.91,6.036,,11.79,,6.32,,1536980400,249.0,,10.33,
11.78,,0.91,6.126,,11.78,,6.72,,1536984000,243.0,,10.37,
11.73,,0.92,6.148,,11.73,,7.03,,1536987600,244.0,,10.51,
11.84,,0.91,6.148,,11.84,,7.1,0.75,1536991200,237.0,,10.47,
12.33,,0.9,6.177,,12.33,,5.99,0.33,1536994800,231.0,,10.81,
13.87,,0.87,6.216,,13.87,,7.88,0.75,1536998400,255.0,,11.83,
15.69,,0.78,6.216,,15.69,,7.37,0.27,1537002000,246.0,,11.83,
17.69,,0.66,6.216,,17.69,,8.2,0.19,1537005600,248.0,,11.21,
18.02,,0.6,6.216,,18.02,,10.18,0.63,1537009200,253.0,,10.18,
19.22,,0.56,6.216,,19.22,,10.15,0.65,1537012800,248.0,,10.14,
20.1,,0.5,6.216,,20.1,,10.07,0.51,1537016400,249.0,,9.35,
20.05,,0.49,6.216,,20.05,,9.62,0.52,1537020000,243.0,,9.0,
20.77,,0.46,6.216,,20.77,,9.26,0.56,1537023600,242.0,,8.88,
20.57,,0.48,6.216,,20.57,,9.39,0.38,1537027200,233.0,,9.3,
19.59,,0.52,6.216,,19.59,,9.17,0.34,1537030800,219.0,,9.58,
18.62,,0.6,6.216,,18.62,,8.72,0.3,1537034400,205.0,,10.8,
17.65,,0.67,6.216,,17.65,,9.1,0.19,1537038000,207.0,,11.41,
16.53,,0.72,6.216,,16.53,,8.1,0.86,1537041600,210.0,,11.45,
15.99,,0.74,6.216,,15.99,,8.12,0.19,1537045200,206.0,,11.36,
15.53,,0.77,6.216,,15.53,,7.17,0.75,1537048800,204.0,,11.55,
14.5,,0.82,6.216,,14.5,,6.36,1.0,1537052400,216.0,,11.47,
14.46,,0.82,6.216,,14.46,,6.62,1.0,1537056000,209.0,,11.47,
14.46,,0.83,6.216,,14.46,,4.86,1.0,1537059600,218.0,,11.65,
14.14,,0.85,6.216,,14.14,,6.06,0.75,1537063200,191.0,,11.59,
14.09,,0.85,6.216,,14.09,,5.29,0.44,1537066800,204.0,,11.54,
14.09,,0.86,6.122,,14.09,,5.04,1.0,1537070400,193.0,,11.81,
14.14,,0.86,6.216,,14.14,,6.41,0.75,1537074000,179.0,,11.82,
14.7,,0.83,6.216,,14.7,,7.05,,1537077600,185.0,,11.78,
15.25,,0.84,6.216,,15.25,,6.88,,1537081200,180.0,,12.66,
16.31,,0.81,6.216,,16.31,,9.17,0.19,1537084800,186.0,,13.01,
17.84,,0.75,6.216,,17.84,,10.6,0.44,1537088400,200.0,,13.36,
18.87,,0.69,6.216,,18.87,,11.69,,1537092000,206.0,,13.05,
20.77,,0.59,6.216,,20.77,,14.21,,1537095600,209.0,,12.45,
21.82,,0.51,6.216,,21.82,,15.58,0.63,1537099200,208.0,,11.09,
22.65,,0.46,6.216,,22.65,,15.8,0.44,1537102800,213.0,,10.41,
22.84,,0.43,6.216,,22.84,,16.65,0.19,1537106400,206.0,,9.48,
22.94,,0.43,6.216,,22.94,,16.12,0.75,1537110000,221.0,,9.63,
22.65,,0.45,6.216,,22.65,,14.46,0.19,1537113600,221.0,,10.08,
22.34,,0.49,6.216,,22.34,,11.39,,1537117200,226.0,,11.19,
20.66,,0.58,6.216,,20.66,,12.2,0.53,1537120800,228.0,,12.02,
19.82,,0.66,6.216,,19.82,,8.98,0.52,1537124400,219.0,,13.22,
18.38,,0.75,6.216,,18.38,,10.17,0.47,1537128000,209.0,,13.8,
17.65,,0.79,6.216,,17.65,,9.18,0.4,1537131600,212.0,,13.95,
17.9,,0.83,6.216,,17.91,,8.98,0.87,1537135200,223.0,,14.92,
17.95,,0.83,6.216,,17.96,,9.13,0.96,1537138800,227.0,,14.96,
17.95,,0.83,6.216,,17.98,,9.03,0.98,1537142400,225.0,,15.05,
17.95,,0.84,6.216,,18.0,,7.39,0.85,1537146000,223.0,,15.19,
17.95,,0.88,6.216,,18.1,,6.79,0.99,1537149600,220.0,,15.92,
17.95,,0.88,6.216,,18.11,,7.57,0.99,1537153200,207.0,,15.96,
17.95,,0.88,6.216,,18.11,,9.06,0.99,1537156800,211.0,,15.96,
17.99,,0.88,6.216,,18.14,,8.98,0.99,1537160400,210.0,,15.96,
18.34,,0.84,6.216,,18.42,,10.12,0.9,1537164000,215.0,,15.55,
18.5,,0.83,6.216,,18.57,,11.18,0.9,1537167600,206.0,,15.55,
18.8,,0.79,6.216,,18.8,,11.34,0.74,1537171200,205.0,,15.08,
19.64,,0.74,6.216,,19.64,,11.26,0.71,1537174800,204.0,,14.92,
21.61,,0.63,6.216,,21.61,,11.82,0.56,1537178400,205.0,,14.22,
22.79,,0.57,6.216,,22.79,,12.08,0.22,1537182000,198.0,,13.72,
23.86,,0.48,6.216,,23.86,,13.23,0.23,1537185600,178.0,,12.1,
24.82,,0.41,6.216,,24.82,,14.26,0.44,1537189200,187.0,,10.55,
25.3,,0.37,6.216,,25.3,,13.16,,1537192800,183.0,,9.48,
24.7,,0.36,6.216,,24.7,,14.82,,1537196400,181.0,,8.6,
24.36,,0.39,6.216,,24.36,,12.97,,1537200000,189.0,,9.41,
23.34,,0.42,6.216,,23.34,,12.34,,1537203600,191.0,,9.8,
22.2,,0.43,6.216,,22.2,,8.06,,1537207200,183.0,,9.08,
20.73,,0.48,6.216,,20.73,,7.68,,1537210800,147.0,,9.46,
19.4,,0.52,6.216,,19.4,,6.87,,1537214400,134.0,,9.37,
18.81,,0.53,6.216,,18.81,,6.64,,1537218000,132.0,,9.05,
18.77,,0.55,6.216,,18.77,,6.45,,1537221600,132.0,,9.56,
18.75,,0.56,6.216,,18.75,,8.24,,1537225200,139.0,,9.7,
18.88,,0.57,6.216,,18.88,,5.81,,1537228800,147.0,,10.05,
18.69,,0.61,6.216,,18.69,,5.56,,1537232400,180.0,,11.1,
18.74,,0.7,6.216,,18.74,,11.32,0.3,1537236000,215.0,,13.08,
18.7,,0.79,6.216,,18.7,,11.58,0.91,1537239600,205.0,,14.93,
18.97,,0.78,6.216,,18.97,,15.22,0.67,1537243200,208.0,,15.01,
19.36,,0.79,6.216,,19.41,,18.1,0.91,1537246800,213.0,,15.6,
19.18,,0.72,6.216,,19.18,,19.69,0.95,1537250400,214.0,,14.03,
18.34,,0.81,6.008,,18.34,,17.78,0.92,1537254000,216.0,,15.01,
18.34,,0.81,6.049,,18.34,,18.07,0.92,1537257600,228.0,,15.0,
18.81,,0.78,6.162,,18.81,,18.88,0.93,1537261200,224.0,,14.88,
19.8,,0.67,6.216,,19.8,,20.49,0.86,1537264800,230.0,,13.54,
20.52,,0.6,6.216,,20.52,,19.94,0.69,1537268400,235.0,,12.55,
20.71,,0.58,6.216,,20.71,,17.41,0.45,1537272000,239.0,,12.14,
21.97,,0.55,6.216,,21.97,,16.54,0.45,1537275600,235.0,,12.38,
22.11,,0.55,6.216,,22.11,,16.37,0.58,1537279200,236.0,,12.71,
21.48,,0.59,6.216,,21.48,,18.77,0.66,1537282800,232.0,,13.18,
20.57,,0.66,6.216,,20.57,,18.04,0.7,1537286400,230.0,,13.97,
20.46,,0.67,6.216,,20.46,,17.28,0.56,1537290000,226.0,,14.04,
19.38,,0.71,6.216,,19.38,,15.12,0.44,1537293600,217.0,,14.01,
19.31,,0.72,6.216,,19.31,,13.63,0.56,1537297200,212.0,,14.04,
18.43,,0.76,6.216,,18.43,,12.64,0.54,1537300800,216.0,,14.04,
17.83,,0.78,6.216,,17.83,,12.1,0.38,1537304400,217.0,,14.04,
18.35,,0.77,6.216,,18.35,,11.69,0.66,1537308000,216.0,,14.16,
18.56,,0.75,6.216,,18.56,,10.55,0.73,1537311600,217.0,,14.0,
18.56,,0.75,6.216,,18.56,,9.39,0.74,1537315200,214.0,,14.05,
18.38,,0.76,6.216,,18.38,,10.82,0.46,1537318800,208.0,,14.01,
18.51,,0.75,6.216,,18.51,,11.16,0.58,1537322400,211.0,,14.05,
18.0,,0.78,6.216,,18.0,,11.14,0.73,1537326000,204.0,,14.19,
18.19,,0.83,5.311,,18.24,,10.59,0.76,1537329600,204.0,,15.28,
18.02,,0.84,6.216,,18.06,,10.95,0.71,1537333200,210.0,,15.19,
18.13,,0.84,6.129,,18.19,,10.58,0.67,1537336800,206.0,,15.32,
18.49,,0.82,6.216,,18.53,,12.79,0.75,1537340400,210.0,,15.32,
19.18,,0.79,6.189,,19.22,,14.95,0.72,1537344000,210.0,,15.46,
19.99,,0.75,6.216,,19.99,,16.59,0.76,1537347600,208.0,,15.33,
19.75,,0.76,6.216,,19.76,,19.09,0.7,1537351200,210.0,,15.42,
20.78,,0.7,6.216,,20.78,,20.98,0.62,1537354800,213.0,,15.08,
21.5,,0.66,6.216,,21.5,,23.33,0.69,1537358400,220.0,,14.93,
21.85,,0.64,6.216,,21.85,,23.02,0.69,1537362000,226.0,,14.81,
21.98,,0.62,6.216,,21.98,,24.53,0.66,1537365600,219.0,,14.32,
21.83,,0.58,6.216,,21.83,,23.7,0.7,1537369200,225.0,,13.33,
21.52,,0.57,6.216,,21.52,,22.4,0.6,1537372800,225.0,,12.61,
20.38,,0.62,6.216,,20.38,,20.89,0.67,1537376400,223.0,,12.84,
20.34,,0.67,6.216,,20.34,,17.54,0.79,1537380000,220.0,,14.04,
19.27,,0.72,6.216,,19.27,,15.68,0.71,1537383600,224.0,,14.08,
19.23,,0.73,6.067,,19.23,,15.09,0.49,1537387200,224.0,,14.22,
17.82,,0.83,6.14,,17.82,,12.86,0.65,1537390800,229.0,,14.82,
17.83,,0.82,5.914,,17.83,,12.92,0.75,1537394400,228.0,,14.7,
17.74,,0.81,5.737,,17.74,,11.07,0.99,1537398000,233.0,,14.46,
17.74,,0.84,6.035,,17.76,,8.83,0.94,1537401600,230.0,,14.97,
18.07,,0.84,5.93,,18.11,,9.45,0.91,1537405200,213.0,,15.28,
18.07,,0.82,5.958,,18.07,,10.28,0.9,1537408800,209.0,,14.96,
17.91,,0.83,6.059,,17.93,,12.79,0.71,1537412400,202.0,,15.04,
18.52,,0.8,6.085,,18.52,,13.8,0.6,1537416000,210.0,,15.04,
18.37,,0.81,5.779,,18.38,,13.24,0.77,1537419600,214.0,,15.0,
18.18,,0.81,6.216,,18.18,,13.32,0.89,1537423200,208.0,,14.86,
18.45,,0.8,6.216,,18.45,,15.26,0.69,1537426800,205.0,,14.86,
18.99,,0.75,6.216,,18.99,,16.48,0.77,1537430400,216.0,,14.39,
19.27,,0.76,6.216,,19.27,,16.29,0.9,1537434000,216.0,,15.01,
18.99,,0.79,5.758,,19.02,,16.1,0.92,1537437600,215.0,,15.36,
19.3,,0.77,6.216,,19.3,,16.43,0.89,1537441200,208.0,,15.2,
19.64,,0.72,6.216,,19.64,,18.21,0.92,1537444800,209.0,,14.42,
20.0,,0.67,6.216,,20.0,,19.22,0.8,1537448400,214.0,,13.61,
20.8,,0.63,6.216,,20.8,,22.39,0.77,1537452000,219.0,,13.41,
20.83,,0.65,6.216,,20.83,,21.04,0.87,1537455600,218.0,,13.97,
20.8,,0.66,6.216,,20.8,,20.69,0.88,1537459200,215.0,,14.22,
20.52,,0.67,6.216,,20.52,,21.23,0.89,1537462800,213.0,,14.19,
20.34,,0.68,6.216,,20.34,,19.07,0.87,1537466400,210.0,,14.14,
20.27,,0.67,6.216,,20.27,,19.43,0.51,1537470000,202.0,,14.01,
19.29,,0.75,5.615,,19.29,,19.07,0.55,1537473600,204.0,,14.73,
20.18,,0.7,6.216,,20.18,,19.88,0.72,1537477200,205.0,,14.59,
20.14,,0.69,6.216,,20.14,,22.28,0.67,1537480800,207.0,,14.35,
19.14,,0.79,6.038,,19.17,,23.0,0.77,1537484400,198.0,,15.37,
19.14,,0.79,6.111,,19.17,,24.52,0.7,1537488000,201.0,,15.41,
18.23,,0.87,4.032,,18.38,,23.9,0.77,1537491600,207.0,,16.01,
15.56,,0.86,3.671,,15.56,,26.39,0.83,1537495200,250.0,,13.16,
14.19,,0.76,6.216,,14.19,,21.67,0.39,1537498800,248.0,,10.0,
13.41,,0.75,6.216,,13.41,,23.98,0.48,1537502400,253.0,,9.05,
12.51,,0.74,6.216,,12.51,,20.75,0.68,1537506000,265.0,,7.94,
11.59,,0.73,6.216,,11.59,,16.08,0.6,1537509600,267.0,,6.93,
11.13,,0.72,6.216,,11.13,,17.34,0.5,1537513200,262.0,,6.21,
11.52,,0.69,6.216,,11.52,,19.52,0.19,1537516800,253.0,,6.04,
12.8,,0.6,6.216,,12.8,,18.81,0.19,1537520400,255.0,,5.24,
13.83,,0.58,6.216,,13.83,,21.72,0.48,1537524000,258.0,,5.69,
15.46,,0.51,6.216,,15.46,,21.28,0.66,1537527600,246.0,,5.5,
15.69,,0.49,6.216,,15.69,,21.96,0.64,1537531200,251.0,,4.98,
14.29,,0.65,6.216,,14.29,,18.26,0.55,1537534800,253.0,,7.7,
15.08,,0.59,6.216,,15.08,,23.8,0.26,1537538400,249.0,,7.1,
15.85,,0.54,6.216,,15.85,,26.47,0.41,1537542000,254.0,,6.52,
16.35,,0.54,6.216,,16.35,,23.18,0.58,1537545600,260.0,,7.01,
15.83,,0.53,6.216,,15.83,,22.03,0.5,1537549200,259.0,,6.36,
15.31,,0.53,6.216,,15.31,,15.47,0.59,1537552800,261.0,,5.74,
14.92,,0.53,6.216,,14.92,,13.74,0.75,1537556400,252.0,,5.46,
13.92,,0.6,6.216,,13.92,,14.55,,1537560000,250.0,,6.25,
12.96,,0.67,6.216,,12.96,,12.58,0.75,1537563600,247.0,,7.02,
12.41,,0.73,6.216,,12.41,,12.1,0.44,1537567200,248.0,,7.72,
12.32,,0.74,6.216,,12.32,,12.37,,1537570800,242.0,,7.87,
12.07,,0.75,6.216,,12.07,,10.84,0.75,1537574400,241.0,,7.69,
11.47,,0.79,6.216,,11.47,,9.58,0.75,1537578000,238.0,,7.92,
11.47,,0.79,6.216,,11.47,,8.94,1.0,1537581600,239.0,,7.92,
11.62,,0.79,6.216,,11.62,,10.0,0.75,1537585200,243.0,,8.11,
11.62,,0.82,6.216,,11.62,,9.75,0.75,1537588800,247.0,,8.69,
11.52,,0.83,6.216,,11.52,,7.23,1.0,1537592400,238.0,,8.74,
11.55,,0.83,6.216,,11.55,,9.29,,1537596000,243.0,,8.74,
11.49,,0.84,6.216,,11.49,,9.31,0.19,1537599600,242.0,,8.8,
12.49,,0.79,6.216,,12.49,,8.8,1.0,1537603200,244.0,,8.86,
13.02,,0.76,6.216,,13.02,,9.07,0.82,1537606800,236.0,,8.97,
13.6,,0.74,6.216,,13.6,,9.59,0.55,1537610400,249.0,,9.06,
12.62,,0.78,6.216,,12.62,,9.34,0.72,1537614000,257.0,,8.96,
12.56,,0.83,5.382,,12.56,,7.43,0.8,1537617600,267.0,,9.79,
12.42,,0.8,6.216,,12.42,,6.72,0.78,1537621200,254.0,,9.1,
11.97,,0.83,5.731,,11.97,,5.49,0.6,1537624800,214.0,,9.09,
11.67,,0.84,6.076,,11.67,,5.01,0.59,1537628400,132.0,,9.1,
11.49,,0.89,4.801,,11.49,,7.21,0.75,1537632000,109.0,,9.76,
11.01,,0.92,4.352,,11.01,,8.17,0.76,1537635600,110.0,,9.79,
10.85,,0.93,3.942,,10.85,,9.68,0.75,1537639200,98.0,,9.79,
11.45,,0.93,3.147,,11.45,,9.09,0.91,1537642800,79.0,,10.31,
11.33,,0.94,5.328,,11.33,,8.96,0.9,1537646400,73.0,,10.44,
11.55,,0.93,5.844,,11.55,,9.34,0.99,1537650000,72.0,,10.52,
11.55,,0.93,3.818,,11.55,,9.51,0.98,1537653600,76.0,,10.52,
11.55,,0.93,5.745,,11.55,,9.31,0.99,1537657200,58.0,,10.52,
11.51,,0.94,5.366,,11.51,,7.28,0.95,1537660800,51.0,,10.52,
11.56,,0.93,5.329,,11.56,,6.83,0.94,1537664400,43.0,,10.52,
10.69,,0.95,5.285,,10.69,,7.49,0.94,1537668000,34.0,,9.97,
10.96,,0.91,6.024,,10.96,,7.17,0.94,1537671600,29.0,,9.57,
10.6,,0.93,3.047,,10.6,,8.43,0.94,1537675200,51.0,,9.57,
10.05,,0.92,2.401,,10.05,,7.14,0.94,1537678800,38.0,,8.84,
9.68,,0.95,1.661,,7.67,,8.65,0.98,1537682400,37.0,,8.97,
9.56,,0.95,1.926,,8.09,,6.33,0.95,1537686000,12.0,,8.8,
9.6,,0.98,3.029,,7.7,,8.04,0.94,1537689600,357.0,,9.27,
9.7,,0.97,3.198,,7.82,,8.07,0.81,1537693200,337.0,,9.27,
9.63,,0.91,5.766,,6.91,,12.54,0.98,1537696800,347.0,,8.26,
9.49,,0.84,6.216,,6.72,,12.55,0.72,1537700400,346.0,,6.99,
9.75,,0.82,6.216,,7.66,,9.08,0.43,1537704000,326.0,,6.89,
10.87,,0.77,6.216,,10.87,,12.06,0.48,1537707600,310.0,,7.01,
12.65,,0.63,6.216,,12.65,,15.76,0.31,1537711200,311.0,,5.82,
13.57,,0.53,6.216,,13.57,,13.14,0.45,1537714800,314.0,,4.27,
13.72,,0.5,6.216,,13.72,,13.53,0.37,1537718400,317.0,,3.36,
13.61,,0.46,6.216,,13.61,,12.11,0.21,1537722000,319.0,,2.33,
12.46,,0.56,6.216,,12.46,,8.15,0.23,1537725600,346.0,,3.97,
11.42,,0.66,6.216,,11.42,,8.2,0.19,1537729200,343.0,,5.29,
10.34,,0.72,6.216,,10.34,,5.32,0.5,1537732800,326.0,,5.59,
10.21,,0.75,6.216,,10.21,,6.3,0.56,1537736400,314.0,,5.91,
9.7,,0.76,6.216,,8.18,,6.57,0.19,1537740000,294.0,,5.69,
8.56,,0.81,6.216,,7.14,,5.53,,1537743600,289.0,,5.56,
8.61,,0.81,6.216,,7.09,,5.83,,1537747200,295.0,,5.51,
8.25,,0.83,6.216,,6.69,,5.75,,1537750800,287.0,,5.51,
8.01,,0.83,6.216,,6.07,,6.91,,1537754400,282.0,,5.29,
7.24,,0.87,6.216,,5.43,,5.97,,1537758000,278.0,,5.29,
6.54,,0.91,6.216,,4.69,,5.71,,1537761600,268.0,,5.1,
5.77,,0.94,6.216,,3.67,,5.98,,1537765200,233.0,,4.92,
6.12,,0.92,6.216,,4.47,,4.96,0.75,1537768800,241.0,,4.95,
6.47,,0.91,6.216,,4.61,,5.7,,1537772400,245.0,,5.15,
8.91,,0.78,6.216,,7.19,,6.78,,1537776000,277.0,,5.32,
10.49,,0.7,6.216,,10.49,,6.83,,1537779600,319.0,,5.32,
11.87,,0.63,6.216,,11.87,,8.35,0.19,1537783200,301.0,,4.95,
12.88,,0.59,6.216,,12.88,,8.18,0.21,1537786800,316.0,,4.94,
13.88,,0.53,6.216,,13.88,,8.12,0.23,1537790400,328.0,,4.48,
14.33,,0.49,6.216,,14.33,,7.74,0.24,1537794000,344.0,,3.76,
14.88,,0.45,6.216,,14.88,,6.43,0.24,1537797600,319.0,,2.92,
15.14,,0.43,6.216,,15.14,,7.41,0.2,1537801200,341.0,,2.59,
15.14,,0.42,6.216,,15.14,,7.14,0.36,1537804800,337.0,,2.44,
14.8,,0.41,6.216,,14.8,,6.9,0.19,1537808400,355.0,,1.59,
13.22,,0.47,6.216,,13.22,,5.13,0.44,1537812000,3.0,,2.02,
12.35,,0.52,6.216,,12.35,,3.03,,1537815600,6.0,,2.63,
10.97,,0.6,6.216,,10.97,,3.02,,1537819200,63.0,,3.45,
9.08,,0.73,6.216,,9.08,,1.77,,1537822800,103.0,,4.58,
8.09,,0.79,6.216,,8.09,,1.51,,1537826400,221.0,,4.7,
8.07,,0.8,6.216,,8.07,,2.44,0.19,1537830000,269.0,,4.81,
7.43,,0.83,6.216,,7.43,,2.07,0.19,1537833600,299.0,,4.81,
6.56,,0.88,6.216,,6.56,,1.86,,1537837200,329.0,,4.71,
6.34,,0.85,6.216,,6.34,,1.96,,1537840800,315.0,,4.02,
6.25,,0.84,6.216,,6.25,,2.05,,1537844400,246.0,,3.8,
6.07,,0.85,6.216,,6.07,,1.01,,1537848000,293.0,,3.8,
5.24,,0.86,6.216,,5.24,,2.56,,1537851600,253.0,,3.02,
5.18,,0.89,6.216,,5.18,,2.62,,1537855200,222.0,,3.55,
5.67,,0.85,6.216,,4.58,,3.6,,1537858800,223.0,,3.32,
8.72,,0.79,6.216,,8.72,,1.91,,1537862400,147.0,,5.21,
11.47,,0.69,6.216,,11.47,,2.17,,1537866000,137.0,,6.01,
14.22,,0.51,6.216,,14.22,,4.67,0.19,1537869600,116.0,,4.15,
15.71,,0.49,6.216,,15.71,,6.29,0.55,1537873200,153.0,,5.16,
16.52,,0.48,6.216,,16.52,,7.91,0.35,1537876800,203.0,,5.35,
16.8,,0.44,6.216,,16.8,,9.46,0.2,1537880400,210.0,,4.6,
17.02,,0.45,6.216,,17.02,,9.33,0.21,1537884000,207.0,,5.04,
16.79,,0.45,6.216,,16.79,,10.23,0.19,1537887600,179.0,,4.71,
16.83,,0.46,,,16.83,,8.97,,1537891200,181.0,,5.1,
16.31,,0.47,6.216,,16.31,,9.59,0.44,1537894800,210.0,,4.89,
14.81,,0.51,6.216,,14.81,,7.88,,1537898400,191.0,,4.86,
13.6,,0.55,6.216,,13.6,,7.83,,1537902000,186.0,,4.8,
12.22,,0.6,6.216,,12.22,,7.38,,1537905600,202.0,,4.71,
11.22,,0.66,6.216,,11.22,,5.01,,1537909200,216.0,,5.03,
10.2,,0.71,6.216,,10.2,,4.13,,1537912800,217.0,,5.12,
9.85,,0.75,6.216,,9.37,,3.61,,1537916400,183.0,,5.69,
9.45,,0.77,6.216,,8.55,,4.48,,1537920000,220.0,,5.65,
9.0,,0.79,6.216,,8.33,,3.74,,1537923600,218.0,,5.47,
8.41,,0.81,6.216,,8.41,,2.78,,1537927200,225.0,,5.43,
7.91,,0.86,6.216,,7.35,,3.2,,1537930800,244.0,,5.65,
8.14,,0.86,6.216,,7.35,,3.72,,1537934400,205.0,,5.93,
7.46,,0.88,6.216,,6.11,,4.8,,1537938000,219.0,,5.64,
8.03,,0.88,6.216,,6.63,,5.18,,1537941600,211.0,,6.13,
9.05,,0.83,6.216,,8.11,,4.4,,1537945200,227.0,,6.4,
11.49,,0.78,6.216,,11.49,,6.23,,1537948800,230.0,,7.87,
13.97,,0.71,6.216,,13.97,,9.16,,1537952400,252.0,,8.88,
16.22,,0.62,6.216,,16.22,,12.03,,1537956000,255.0,,8.94,
18.04,,0.52,,,18.04,,,,1537959600,,,8.05,
19.23,,0.44,6.216,,19.23,,9.76,,1537963200,245.0,,6.83,
20.83,,0.38,6.216,,20.83,,9.08,1.0,1537966800,240.0,,6.02,
21.2,,0.36,6.216,,21.2,,8.06,0.44,1537970400,254.0,,5.68,
21.99,,0.35,6.216,,21.99,,8.47,0.45,1537974000,236.0,,5.98,
21.66,,0.34,6.216,,21.66,,7.8,,1537977600,244.0,,5.23,
21.47,,0.36,6.216,,21.47,,7.49,,1537981200,228.0,,5.63,
19.86,,0.4,6.216,,19.86,,6.29,,1537984800,233.0,,5.88,
18.21,,0.51,6.216,,18.21,,5.85,,1537988400,221.0,,7.87,
16.43,,0.59,6.216,,16.43,,5.56,,1537992000,221.0,,8.36,
14.94,,0.71,6.216,,14.94,,5.64,,1537995600,220.0,,9.63,
14.69,,0.72,6.216,,14.69,,5.52,0.6,1537999200,223.0,,9.78,
13.76,,0.78,6.184,,13.76,,4.56,0.44,1538002800,228.0,,9.94,
12.85,,0.82,6.184,,12.85,,4.53,0.53,1538006400,224.0,,9.94,
12.45,,0.83,6.092,,12.45,,4.4,0.48,1538010000,218.0,,9.71,
11.67,,0.86,6.154,,11.67,,3.47,0.78,1538013600,216.0,,9.33,
11.8,,0.85,5.949,,11.8,,3.73,0.75,1538017200,220.0,,9.33,
11.34,,0.86,5.721,,11.34,,3.46,0.19,1538020800,226.0,,9.13,
10.43,,0.9,5.949,,10.43,,3.98,0.19,1538024400,218.0,,8.94,
9.95,,0.89,6.012,,9.61,,3.32,0.04,1538028000,201.0,,8.29,
10.76,,0.84,5.759,,10.76,,4.28,0.19,1538031600,218.0,,8.24,
13.02,,0.79,6.162,,13.02,,4.15,0.23,1538035200,235.0,,9.45,
15.21,,0.67,6.216,,15.21,,5.78,,1538038800,221.0,,9.07,
17.58,,0.54,6.216,,17.58,,7.57,,1538042400,232.0,,8.14,
19.09,,0.5,6.216,,19.09,,9.55,,1538046000,245.0,,8.4,
20.04,,0.47,6.216,,20.04,,10.01,,1538049600,245.0,,8.44,
21.68,,0.39,6.216,,21.68,,10.49,,1538053200,248.0,,7.12,
21.8,,0.39,6.216,,21.8,,10.26,,1538056800,267.0,,7.28,
22.52,,0.34,6.216,,22.52,,11.37,,1538060400,251.0,,5.82,
22.49,,0.3,6.216,,22.49,,10.95,,1538064000,259.0,,3.98,
21.57,,0.35,6.216,,21.57,,8.59,,1538067600,266.0,,5.5,
19.86,,0.39,6.216,,19.86,,7.04,,1538071200,279.0,,5.54,
18.57,,0.44,6.216,,18.57,,6.06,,1538074800,273.0,,6.15,
17.49,,0.48,6.216,,17.49,,4.52,,1538078400,265.0,,6.47,
16.49,,0.49,6.216,,16.49,,5.9,,1538082000,293.0,,5.67,
15.69,,0.51,6.216,,15.69,,7.92,,1538085600,334.0,,5.64,
14.34,,0.59,6.216,,14.34,,4.81,,1538089200,359.0,,6.31,
13.41,,0.67,6.216,,13.41,,4.92,0.61,1538092800,2.0,,7.33,
13.58,,0.73,6.216,,13.58,,5.41,0.44,1538096400,3.0,,8.89,
12.85,,0.83,6.216,,12.85,,5.4,0.75,1538100000,10.0,,10.02,
13.68,,0.82,6.216,,13.68,,5.98,0.97,1538103600,10.0,,10.73,
13.46,,0.83,6.216,,13.46,,7.65,0.94,1538107200,14.0,,10.65,
13.44,,0.83,6.216,,13.44,,8.47,0.94,1538110800,17.0,,10.56,
12.63,,0.82,6.216,,12.63,,9.07,0.84,1538114400,15.0,,9.7,
12.5,,0.79,6.216,,12.5,,10.76,0.91,1538118000,43.0,,9.01,
12.61,,0.75,6.216,,12.61,,10.69,0.75,1538121600,38.0,,8.21,
13.09,,0.69,6.216,,13.09,,13.18,0.79,1538125200,31.0,,7.43,
14.32,,0.58,6.216,,14.32,,14.06,0.61,1538128800,51.0,,6.26,
15.69,,0.52,6.216,,15.69,,13.6,0.46,1538132400,49.0,,5.95,
15.79,,0.5,6.216,,15.79,,11.47,0.56,1538136000,21.0,,5.25,
16.07,,0.45,6.216,,16.07,,10.45,0.5,1538139600,44.0,,4.16,
16.29,,0.42,6.216,,16.29,,10.85,0.63,1538143200,43.0,,3.32,
16.04,,0.43,6.216,,16.04,,12.26,0.44,1538146800,52.0,,3.6,
15.81,,0.43,6.216,,15.81,,11.69,0.4,1538150400,43.0,,3.35,
15.3,,0.44,6.216,,15.3,,10.55,0.39,1538154000,47.0,,3.1,
13.99,,0.49,6.216,,13.99,,8.23,0.19,1538157600,56.0,,3.38,
12.67,,0.56,6.216,,12.67,,8.11,,1538161200,53.0,,4.18,
11.84,,0.6,6.216,,11.84,,6.84,0.19,1538164800,53.0,,4.37,
10.86,,0.63,6.216,,10.86,,5.86,,1538168400,49.0,,4.1,
9.88,,0.69,6.216,,8.48,,6.3,,1538172000,55.0,,4.52,
9.16,,0.73,6.216,,8.18,,4.57,,1538175600,57.0,,4.52,
8.52,,0.76,6.216,,8.52,,2.89,,1538179200,18.0,,4.56,
7.8,,0.83,6.216,,6.88,,3.89,,1538182800,356.0,,5.07,
7.47,,0.85,6.216,,6.63,,3.61,,1538186400,325.0,,5.1,
7.25,,0.86,6.216,,7.25,,2.57,,1538190000,343.0,,5.03,
6.62,,0.89,6.216,,5.61,,3.71,,1538193600,328.0,,4.89,
6.39,,0.9,6.216,,6.39,,2.67,,1538197200,339.0,,4.84,
6.29,,0.86,6.216,,6.29,,2.24,,1538200800,317.0,,4.11,
6.63,,0.89,6.216,,6.63,,2.56,,1538204400,318.0,,4.94,
9.15,,0.8,6.216,,9.15,,0.7,,1538208000,333.0,,5.97,
11.82,,0.7,6.216,,11.82,,2.68,,1538211600,336.0,,6.51,
13.93,,0.62,6.216,,13.93,,2.24,0.19,1538215200,161.0,,6.78,
15.1,,0.58,6.216,,15.1,,4.6,0.55,1538218800,148.0,,6.93,
15.77,,0.53,6.216,,15.77,,6.08,0.55,1538222400,164.0,,6.11,
16.83,,0.49,6.216,,16.83,,4.53,0.55,1538226000,207.0,,5.98,
17.04,,0.48,6.216,,17.04,,4.1,0.45,1538229600,231.0,,5.85,
17.35,,0.46,6.216,,17.35,,4.99,0.49,1538233200,280.0,,5.65,
17.49,,0.46,6.216,,17.49,,4.84,,1538236800,267.0,,5.81,
16.77,,0.48,6.216,,16.77,,4.41,,1538240400,261.0,,5.69,
15.05,,0.52,6.216,,15.05,,4.57,,1538244000,253.0,,5.36,
13.45,,0.62,6.216,,13.45,,4.11,,1538247600,72.0,,6.43,
12.01,,0.7,6.216,,12.01,,3.1,,1538251200,26.0,,6.73,
10.93,,0.76,6.216,,10.93,,4.17,,1538254800,122.0,,6.85,
10.38,,0.75,6.216,,10.38,,5.1,,1538258400,235.0,,6.2,
9.28,,0.8,6.216,,8.37,,4.42,,1538262000,238.0,,6.07,
8.87,,0.82,6.216,,7.86,,4.51,,1538265600,225.0,,5.97,
7.97,,0.86,6.216,,6.53,,5.27,,1538269200,243.0,,5.83,
8.01,,0.86,6.216,,6.75,,4.79,,1538272800,253.0,,5.88,
7.37,,0.89,6.216,,5.84,,5.2,,1538276400,236.0,,5.65,
7.2,,0.89,6.148,,5.37,,6.01,,1538280000,256.0,,5.56,
6.71,,0.88,6.216,,5.42,,4.33,,1538283600,240.0,,4.89,
6.32,,0.91,6.171,,4.9,,4.5,0.23,1538287200,241.0,,4.92,
6.77,,0.9,6.196,,5.17,,5.13,0.35,1538290800,239.0,,5.2,
8.44,,0.88,6.216,,7.11,,5.18,0.44,1538294400,260.0,,6.55,
10.91,,0.79,6.216,,10.91,,6.73,0.48,1538298000,253.0,,7.35,
13.42,,0.64,6.216,,13.42,,6.85,0.35,1538301600,273.0,,6.86,
14.37,,0.58,6.216,,14.37,,7.58,0.66,1538305200,299.0,,6.22,
14.56,,0.58,6.216,,14.56,,7.82,0.71,1538308800,305.0,,6.37,
14.83,,0.6,6.216,,14.83,,8.61,0.74,1538312400,300.0,,7.15,
14.68,,0.63,6.216,,14.68,,9.09,0.87,1538316000,310.0,,7.63,
14.7,,0.6,6.216,,14.7,,8.81,0.56,1538319600,316.0,,6.97,
14.61,,0.57,6.216,,14.61,,10.2,0.54,1538323200,302.0,,6.14,
14.49,,0.56,6.216,,14.49,,8.36,0.5,1538326800,314.0,,5.94,
13.53,,0.59,6.216,,13.53,,8.23,0.58,1538330400,310.0,,5.75,
13.49,,0.56,6.216,,13.49,,8.51,0.45,1538334000,307.0,,4.82,
12.99,,0.54,6.216,,12.99,,10.11,0.75,1538337600,301.0,,4.02,
12.02,,0.57,6.216,,12.02,,10.76,0.44,1538341200,307.0,,3.87,
11.15,,0.64,6.216,,11.15,,11.39,0.75,1538344800,304.0,,4.55,
10.88,,0.65,6.216,,10.88,,11.75,0.19,1538348400,301.0,,4.6,
10.1,,0.73,6.216,,10.1,,9.89,,1538352000,303.0,,5.5,
9.55,,0.76,6.216,,7.16,,10.44,,1538355600,307.0,,5.55,
9.1,,0.78,6.216,,6.89,,9.01,,1538359200,304.0,,5.51,
8.38,,0.82,6.216,,5.96,,9.18,0.19,1538362800,307.0,,5.47,
8.16,,0.8,6.216,,6.18,,7.12,,1538366400,317.0,,4.88,
8.07,,0.8,6.216,,5.98,,7.5,,1538370000,307.0,,4.88,
7.78,,0.8,6.216,,5.65,,7.4,,1538373600,312.0,,4.49,
7.91,,0.76,6.216,,5.69,,7.88,,1538377200,312.0,,3.98,
8.75,,0.72,6.216,,6.4,,9.25,,1538380800,316.0,,4.05,
10.49,,0.64,6.216,,10.49,,10.25,0.19,1538384400,342.0,,4.05,
11.64,,0.59,6.216,,11.64,,9.23,0.19,1538388000,344.0,,3.97,
12.0,,0.53,6.216,,12.0,,11.91,0.53,1538391600,336.0,,2.64,
13.02,,0.47,6.216,,13.02,,12.79,0.4,1538395200,310.0,,1.85,
13.83,,0.42,6.216,,13.83,,11.18,0.35,1538398800,312.0,,1.15,
13.72,,0.43,6.216,,13.72,,11.47,0.41,1538402400,304.0,,1.31,
14.65,,0.42,6.216,,14.65,,11.7,0.28,1538406000,305.0,,2.0,
14.18,,0.45,6.216,,14.18,,11.34,0.48,1538409600,304.0,,2.46,
13.84,,0.47,6.216,,13.84,,8.57,0.45,1538413200,303.0,,2.74,
13.41,,0.5,6.216,,13.41,,7.53,0.19,1538416800,287.0,,3.32,
13.24,,0.53,6.216,,13.24,,7.55,,1538420400,265.0,,3.87,
13.06,,0.55,6.216,,13.06,,6.95,0.19,1538424000,239.0,,4.33,
12.45,,0.58,6.216,,12.45,,8.74,,1538427600,237.0,,4.48,
12.32,,0.61,6.216,,12.32,,11.2,1.0,1538431200,258.0,,5.13,
12.14,,0.62,6.216,,12.14,,11.64,0.75,1538434800,263.0,,5.11,
11.46,,0.65,6.216,,11.46,,11.89,0.92,1538438400,251.0,,5.19,
11.14,,0.66,6.216,,11.14,,13.42,0.68,1538442000,255.0,,4.96,
10.73,,0.7,6.216,,10.73,,12.65,0.77,1538445600,244.0,,5.41,
10.96,,0.73,6.216,,10.96,,12.16,0.94,1538449200,243.0,,6.4,
11.51,,0.74,6.069,,11.51,,12.48,0.86,1538452800,251.0,,7.04,
11.64,,0.79,6.216,,11.64,,12.34,0.94,1538456400,249.0,,8.05,
12.82,,0.8,6.216,,12.82,,11.97,0.79,1538460000,251.0,,9.49,
13.71,,0.81,6.216,,13.71,,11.79,0.92,1538463600,251.0,,10.52,
14.32,,0.82,6.216,,14.32,,11.93,0.92,1538467200,248.0,,11.31,
16.25,,0.77,6.216,,16.25,,12.26,0.89,1538470800,261.0,,12.15,
17.65,,0.73,6.216,,17.65,,13.64,0.75,1538474400,285.0,,12.81,
18.74,,0.66,6.216,,18.74,,15.71,0.77,1538478000,290.0,,12.32,
18.81,,0.66,6.216,,18.81,,17.4,0.9,1538481600,287.0,,12.32,
18.99,,0.66,6.216,,18.99,,14.97,0.92,1538485200,289.0,,12.46,
19.65,,0.62,6.216,,19.65,,15.73,0.8,1538488800,286.0,,12.25,
19.79,,0.61,6.216,,19.79,,15.71,0.71,1538492400,291.0,,12.04,
19.49,,0.61,6.216,,19.49,,14.98,0.67,1538496000,288.0,,11.68,
18.61,,0.63,6.216,,18.61,,11.88,0.81,1538499600,290.0,,11.37,
18.3,,0.66,6.216,,18.3,,12.03,0.67,1538503200,285.0,,11.82,
17.49,,0.69,6.216,,17.49,,9.84,0.77,1538506800,279.0,,11.82,
17.1,,0.71,6.216,,17.1,,10.41,0.67,1538510400,294.0,,11.83,
16.51,,0.75,6.216,,16.51,,10.68,0.78,1538517600,275.0,,12.0,
16.06,,0.76,6.216,,16.06,,12.37,0.89,1538521200,276.0,,11.83,
16.06,,0.77,6.216,,16.06,,11.8,0.91,1538524800,293.0,,11.93,
15.48,,0.76,6.216,,15.48,,9.37,0.93,1538528400,299.0,,11.29,
14.85,,0.78,6.216,,14.85,,7.89,0.69,1538532000,298.0,,10.97,
14.48,,0.79,6.216,,14.48,,7.97,0.9,1538535600,299.0,,10.93,
14.26,,0.8,6.216,,14.26,,7.17,0.74,1538539200,301.0,,10.93,
13.69,,0.81,6.216,,13.69,,7.24,0.7,1538542800,287.0,,10.56,
12.85,,0.87,6.216,,12.85,,5.43,0.73,1538546400,283.0,,10.66,
12.97,,0.86,6.216,,12.97,,3.58,0.73,1538550000,263.0,,10.67,
14.29,,0.81,6.216,,14.29,,5.26,0.75,1538553600,228.0,,11.16,
15.45,,0.76,6.216,,15.45,,8.62,0.82,1538557200,272.0,,11.16,
15.92,,0.72,6.216,,15.92,,7.51,0.87,1538560800,283.0,,10.85,
15.98,,0.69,6.216,,15.98,,8.5,0.94,1538564400,278.0,,10.25,
16.69,,0.65,6.216,,16.69,,8.44,0.92,1538568000,278.0,,10.04,
17.46,,0.62,6.216,,17.46,,10.71,0.92,1538571600,260.0,,10.16,
17.24,,0.63,6.216,,17.24,,10.26,0.91,1538575200,279.0,,10.19,
17.97,,0.6,6.216,,17.97,,8.79,0.7,1538578800,275.0,,10.19,
18.1,,0.6,6.216,,18.1,,9.52,0.56,1538582400,298.0,,10.19,
17.95,,0.61,6.216,,17.95,,6.18,0.19,1538586000,292.0,,10.3,
16.33,,0.7,6.216,,16.33,,3.95,,1538589600,270.0,,10.9,
15.53,,0.7,6.216,,15.53,,3.64,,1538593200,255.0,,10.17,
14.78,,0.76,6.216,,14.78,,4.59,,1538596800,204.0,,10.6,
13.83,,0.8,6.216,,13.83,,4.76,,1538600400,223.0,,10.47,
13.24,,0.83,6.216,,13.24,,5.49,,1538604000,227.0,,10.43,
12.73,,0.89,6.216,,12.73,,4.97,,1538607600,219.0,,10.88,
12.65,,0.91,6.163,,12.65,,4.64,,1538611200,226.0,,11.21,
11.92,,0.94,6.137,,11.92,,4.7,,1538614800,237.0,,10.93,
11.69,,0.91,5.956,,11.69,,4.75,0.38,1538618400,233.0,,10.29,
11.49,,0.96,3.885,,11.49,,6.48,0.88,1538622000,249.0,,10.82,
11.36,,0.95,4.1,,11.36,,5.56,0.93,1538625600,260.0,,10.54,
11.51,,0.94,2.287,,11.51,,6.99,0.85,1538629200,257.0,,10.61,
10.7,,0.98,0.684,,10.7,,5.4,0.97,1538632800,242.0,,10.41,
10.85,,0.97,0.904,,10.85,,5.09,1.0,1538636400,233.0,,10.44,
11.28,,0.98,2.093,,11.28,,5.81,1.0,1538640000,236.0,,10.94,
11.94,,0.95,2.876,,11.94,,7.07,,1538643600,226.0,,11.08,
12.88,,0.91,5.015,,12.88,,8.25,0.97,1538647200,221.0,,11.39,
14.18,,0.88,5.271,,14.18,,8.48,0.95,1538650800,219.0,,12.26,
15.25,,0.83,5.431,,15.25,,8.92,0.92,1538654400,219.0,,12.34,
16.33,,0.81,5.823,,16.33,,10.07,0.88,1538658000,222.0,,12.98,
17.15,,0.76,6.216,,17.15,,10.08,0.85,1538661600,221.0,,12.98,
17.09,,0.77,6.216,,17.09,,10.23,0.81,1538665200,217.0,,12.93,
16.89,,0.76,6.216,,16.89,,10.42,0.7,1538668800,209.0,,12.67,
15.9,,0.78,6.216,,15.9,,9.42,0.37,1538672400,214.0,,12.04,
15.38,,0.83,6.216,,15.38,,8.02,0.75,1538676000,209.0,,12.47,
14.77,,0.83,6.216,,14.77,,8.47,0.91,1538679600,222.0,,12.0,
14.77,,0.83,6.216,,14.77,,7.98,0.94,1538683200,199.0,,11.83,
14.23,,0.85,6.13,,14.23,,7.61,0.94,1538686800,197.0,,11.75,
13.77,,0.87,6.049,,13.77,,6.26,0.8,1538690400,208.0,,11.68,
13.18,,0.91,5.886,,13.18,,3.17,1.0,1538694000,197.0,,11.82,
13.09,,0.88,5.833,,13.09,,3.29,0.89,1538697600,219.0,,11.18,
12.5,,0.91,5.085,,12.5,,2.4,0.93,1538701200,227.0,,11.15,
12.58,,0.91,4.355,,12.58,,2.22,1.0,1538704800,225.0,,11.22,
12.58,,0.91,2.696,,12.58,,2.63,1.0,1538708400,179.0,,11.22,
11.88,,0.96,3.574,,11.88,,3.7,0.86,1538712000,199.0,,11.25,
11.7,,0.94,2.939,,11.7,,2.35,0.86,1538715600,41.0,,10.7,
11.45,,0.96,1.643,,11.45,,4.0,0.89,1538719200,109.0,,10.87,
11.62,,0.96,0.748,,11.62,,2.5,0.99,1538722800,113.0,,11.08,
12.48,,0.96,0.829,,12.48,,5.21,0.99,1538726400,122.0,,11.91,
13.27,,0.96,1.799,,13.27,,3.26,0.99,1538730000,129.0,,12.61,
13.99,,0.94,3.272,,13.99,,5.66,0.95,1538733600,118.0,,13.1,
15.33,,0.86,4.117,,15.33,,4.71,0.73,1538737200,139.0,,13.05,
18.1,,0.75,5.844,,18.1,,4.18,0.35,1538740800,159.0,,13.52,
20.22,,0.66,6.216,,20.22,,6.3,0.42,1538744400,208.0,,13.61,
21.46,,0.57,6.216,,21.46,,6.37,0.43,1538748000,201.0,,12.48,
21.18,,0.57,6.216,,21.18,,7.1,0.39,1538751600,225.0,,12.32,
20.81,,0.56,6.216,,20.81,,5.71,0.48,1538755200,217.0,,11.62,
19.73,,0.6,6.216,,19.73,,5.17,0.58,1538758800,252.0,,11.78,
18.36,,0.66,6.216,,18.36,,5.44,0.53,1538762400,203.0,,12.0,
17.01,,0.73,6.065,,17.01,,4.74,0.72,1538766000,216.0,,12.14,
16.45,,0.75,6.189,,16.45,,5.73,0.75,1538769600,224.0,,12.0,
15.55,,0.79,6.189,,15.55,,4.5,0.55,1538773200,209.0,,12.0,
15.12,,0.76,6.189,,15.12,,4.29,0.75,1538776800,208.0,,11.01,
13.91,,0.83,6.021,,13.91,,2.65,0.95,1538780400,236.0,,11.1,
13.09,,0.87,5.742,,13.09,,2.86,0.19,1538784000,240.0,,10.9,
12.67,,0.87,5.488,,12.67,,4.03,0.75,1538787600,209.0,,10.53,
12.53,,0.88,4.633,,12.53,,2.75,0.59,1538791200,221.0,,10.53,
11.77,,0.92,4.55,,11.77,,3.07,0.82,1538794800,240.0,,10.44,
12.36,,0.91,2.588,,12.36,,3.11,0.77,1538798400,262.0,,10.99,
12.51,,0.94,2.346,,12.51,,6.87,1.0,1538802000,356.0,,11.55,
11.91,,0.99,1.106,,11.91,,5.35,1.0,1538805600,8.0,,11.69,
12.15,,0.95,2.156,,12.15,,9.1,1.0,1538809200,24.0,,11.3,
11.59,,0.93,4.308,,11.59,,7.71,1.0,1538812800,2.0,,10.44,
10.84,,0.93,4.934,,10.84,,9.17,1.0,1538816400,357.0,,9.69,
10.7,,0.93,4.993,,10.7,,8.46,1.0,1538820000,353.0,,9.54,
10.25,,0.94,3.155,,10.25,,9.6,0.99,1538823600,359.0,,9.32,
10.36,,0.92,4.907,,10.36,,12.33,0.95,1538827200,2.0,,9.17,
10.18,,0.9,3.608,,10.18,,11.89,0.92,1538830800,8.0,,8.66,
9.7,,0.92,4.948,,7.17,,11.43,0.93,1538834400,5.0,,8.48,
9.7,,0.92,5.518,,7.2,,11.26,0.92,1538838000,5.0,,8.48,
9.56,,0.92,5.957,,6.98,,11.53,0.91,1538841600,13.0,,8.33,
9.53,,0.89,6.044,,6.67,,13.29,0.89,1538845200,12.0,,7.78,
9.49,,0.88,6.216,,6.73,,12.52,0.88,1538848800,9.0,,7.52,
9.49,,0.88,6.216,,6.81,,11.99,0.76,1538852400,14.0,,7.52,
9.45,,0.85,6.216,,6.6,,13.04,0.73,1538856000,13.0,,7.01,
9.45,,0.84,6.216,,6.73,,12.24,0.71,1538859600,12.0,,6.96,
9.15,,0.84,6.216,,6.48,,11.48,0.32,1538863200,359.0,,6.6,
8.57,,0.86,6.216,,5.96,,10.32,0.44,1538866800,0.0,,6.37,
8.48,,0.82,6.216,,5.84,,10.37,0.44,1538870400,1.0,,5.56,
7.56,,0.85,6.216,,4.98,,9.08,0.19,1538874000,5.0,,5.15,
7.53,,0.82,6.216,,4.89,,9.27,,1538877600,356.0,,4.6,
6.74,,0.86,6.216,,4.03,,8.82,,1538881200,353.0,,4.57,
6.56,,0.87,6.216,,4.11,,7.65,0.44,1538884800,349.0,,4.52,
6.29,,0.87,6.216,,3.81,,7.55,0.19,1538888400,347.0,,4.29,
6.16,,0.85,6.216,,3.99,,6.41,,1538892000,349.0,,3.75,
6.32,,0.87,6.216,,4.61,,5.2,,1538895600,338.0,,4.31,
7.53,,0.81,6.216,,5.39,,7.25,,1538899200,346.0,,4.56,
9.61,,0.76,6.216,,7.77,,7.79,,1538902800,349.0,,5.67,
10.96,,0.71,6.216,,10.96,,7.13,,1538906400,6.0,,5.84,
12.62,,0.64,6.216,,12.62,,6.22,0.75,1538910000,356.0,,5.87,
13.11,,0.61,6.216,,13.11,,5.12,0.49,1538913600,2.0,,5.75,
13.65,,0.59,6.216,,13.65,,4.81,0.3,1538917200,341.0,,5.75,
13.72,,0.56,6.216,,13.72,,4.8,0.45,1538920800,289.0,,5.06,
14.45,,0.53,6.216,,14.45,,4.74,0.43,1538924400,290.0,,5.06,
13.5,,0.56,6.216,,13.5,,4.97,0.19,1538928000,279.0,,4.89,
13.11,,0.6,6.216,,13.11,,4.85,,1538931600,273.0,,5.5,
11.84,,0.64,6.216,,11.84,,5.5,,1538935200,244.0,,5.19,
11.52,,0.65,6.216,,11.52,,5.01,,1538938800,237.0,,5.19,
10.38,,0.69,6.216,,10.38,,6.35,,1538942400,246.0,,5.01,
9.8,,0.71,6.216,,8.74,,5.13,,1538946000,226.0,,4.74,
9.29,,0.75,6.216,,7.86,,6.01,,1538949600,227.0,,5.16,
9.02,,0.76,6.216,,7.88,,4.92,,1538953200,218.0,,5.07,
8.61,,0.75,6.216,,7.38,,4.99,,1538956800,223.0,,4.42,
8.01,,0.75,6.216,,6.99,,4.19,0.44,1538960400,215.0,,3.88,
8.23,,0.73,6.216,,7.02,,4.77,0.75,1538964000,220.0,,3.69,
7.56,,0.77,6.216,,6.34,,4.48,0.75,1538967600,216.0,,3.83,
7.47,,0.8,6.216,,6.17,,4.66,0.36,1538971200,214.0,,4.33,
7.52,,0.81,6.216,,6.79,,3.42,0.45,1538974800,218.0,,4.51,
7.81,,0.85,6.216,,6.45,,4.97,0.75,1538978400,211.0,,5.39,
8.63,,0.85,6.216,,7.1,,5.9,0.75,1538982000,215.0,,6.32,
10.28,,0.8,6.216,,10.28,,6.07,0.89,1538985600,214.0,,7.01,
11.7,,0.78,6.216,,11.7,,8.02,0.82,1538989200,220.0,,8.02,
13.49,,0.74,6.216,,13.49,,9.59,0.88,1538992800,227.0,,8.86,
14.22,,0.72,,,14.22,,8.87,,1538996400,216.0,,9.19,
15.57,,0.65,6.216,,15.57,,11.96,0.85,1539000000,229.0,,9.07,
16.31,,0.62,6.216,,16.31,,11.68,0.85,1539003600,226.0,,9.07,
15.83,,0.64,6.216,,15.83,,12.02,0.71,1539007200,234.0,,9.07,
16.67,,0.61,6.216,,16.67,,11.82,0.69,1539010800,231.0,,9.03,
16.31,,0.62,6.216,,16.31,,11.42,0.75,1539014400,244.0,,9.0,
15.34,,0.65,6.216,,15.34,,9.22,0.72,1539018000,241.0,,8.85,
14.57,,0.66,6.216,,14.57,,8.7,0.8,1539021600,239.0,,8.34,
14.11,,0.68,6.216,,14.11,,7.94,0.6,1539025200,235.0,,8.21,
13.43,,0.74,6.216,,13.43,,7.28,0.68,1539028800,231.0,,8.95,
12.55,,0.78,6.216,,12.55,,5.85,0.75,1539032400,219.0,,8.77,
12.31,,0.8,6.216,,12.31,,5.81,0.75,1539036000,209.0,,8.98,
12.16,,0.81,6.216,,12.16,,6.32,0.75,1539039600,213.0,,8.97,
12.07,,0.81,6.216,,12.07,,6.97,0.71,1539043200,224.0,,8.98,
11.8,,0.83,6.216,,11.8,,5.36,0.8,1539046800,212.0,,8.98,
11.5,,0.88,6.216,,11.5,,4.73,0.75,1539050400,206.0,,9.51,
10.62,,0.89,6.216,,10.62,,4.91,0.43,1539054000,225.0,,8.97,
10.35,,0.91,6.216,,10.35,,5.65,,1539057600,220.0,,8.92,
10.92,,0.9,6.171,,10.92,,4.97,0.24,1539061200,203.0,,9.37,
10.26,,0.9,6.216,,10.26,,5.65,0.24,1539064800,200.0,,8.77,
10.74,,0.91,5.988,,10.74,,3.84,0.23,1539068400,194.0,,9.38,
12.32,,0.86,6.216,,12.32,,7.42,0.4,1539072000,185.0,,10.01,
14.55,,0.79,6.216,,14.55,,9.39,,1539075600,198.0,,11.04,
16.49,,0.71,,,16.49,,,0.19,1539079200,,,11.18,
17.84,,0.57,6.216,,17.84,,11.61,0.19,1539082800,206.0,,9.29,
19.02,,0.55,6.216,,19.02,,10.49,,1539086400,205.0,,9.9,
19.87,,0.53,6.216,,19.87,,9.45,,1539090000,210.0,,9.89,
20.76,,0.5,6.216,,20.76,,10.79,,1539093600,205.0,,9.88,
20.62,,0.49,6.216,,20.62,,10.11,,1539097200,201.0,,9.52,
19.79,,0.53,6.216,,19.79,,9.37,,1539100800,200.0,,9.91,
19.13,,0.57,6.216,,19.13,,8.25,,1539104400,181.0,,10.5,
17.26,,0.65,6.216,,17.26,,7.09,,1539108000,173.0,,10.7,
15.86,,0.71,6.216,,15.86,,5.2,,1539111600,155.0,,10.6,
15.08,,0.73,6.162,,15.08,,5.58,,1539115200,149.0,,10.18,
14.05,,0.78,6.189,,14.05,,3.95,,1539118800,147.0,,10.3,
13.19,,0.82,6.189,,13.19,,3.09,,1539122400,115.0,,10.18,
11.99,,0.88,6.184,,11.99,,2.77,,1539126000,109.0,,10.0,
11.95,,0.88,5.032,,11.95,,3.01,,1539129600,86.0,,10.1,
10.99,,0.89,6.092,,10.99,,4.36,,1539133200,97.0,,9.18,
10.84,,0.9,6.092,,10.84,,2.89,,1539136800,101.0,,9.18,
10.8,,0.92,5.557,,10.8,,3.39,,1539140400,66.0,,9.59,
10.07,,0.94,4.335,,10.07,,4.12,,1539144000,86.0,,9.18,
10.53,,0.94,3.752,,10.53,,5.08,,1539147600,98.0,,9.58,
11.0,,0.96,3.298,,11.0,,5.34,0.31,1539151200,99.0,,10.31,
12.48,,0.93,2.772,,12.48,,5.79,0.31,1539154800,86.0,,11.46,
13.76,,0.93,3.207,,13.76,,6.48,0.31,1539158400,96.0,,12.57,
16.19,,0.82,4.336,,16.19,,9.2,,1539162000,94.0,,13.15,
18.71,,0.74,5.76,,18.71,,9.78,,1539165600,103.0,,13.95,
20.06,,0.68,6.216,,20.06,,11.24,,1539169200,98.0,,14.04,
21.19,,0.62,6.216,,21.19,,12.46,,1539172800,96.0,,13.5,
22.21,,0.56,6.216,,22.21,,12.82,,1539176400,105.0,,13.07,
22.31,,0.56,6.216,,22.31,,11.42,,1539180000,103.0,,13.06,
21.79,,0.59,6.216,,21.79,,12.64,,1539183600,99.0,,13.49,
19.16,,0.71,4.567,,19.16,,11.48,0.19,1539190800,89.0,,13.73,
17.11,,0.81,3.466,,17.11,,10.11,0.19,1539194400,90.0,,13.73,
16.11,,0.85,2.872,,16.11,,10.44,0.19,1539198000,91.0,,13.6,
15.74,,0.86,2.59,,15.74,,9.82,0.19,1539201600,93.0,,13.43,
15.32,,0.89,2.292,,15.32,,10.68,0.44,1539205200,105.0,,13.6,
15.73,,0.88,2.437,,15.73,,11.35,0.75,1539208800,105.0,,13.79,
15.55,,0.88,2.626,,15.55,,9.04,0.19,1539212400,101.0,,13.6,
15.28,,0.9,3.371,,15.28,,6.29,0.19,1539216000,99.0,,13.6,
17.11,,0.81,5.957,,17.11,,8.0,0.64,1539219600,140.0,,13.78,
16.6,,0.82,6.103,,16.6,,7.17,0.44,1539223200,141.0,,13.6,
17.06,,0.8,6.092,,17.06,,8.0,0.75,1539226800,150.0,,13.6,
16.55,,0.84,6.137,,16.55,,8.95,,1539230400,145.0,,13.92,
16.55,,0.83,6.216,,16.55,,8.04,,1539234000,149.0,,13.64,
15.83,,0.83,6.216,,15.83,,12.08,0.19,1539237600,147.0,,13.0,
15.88,,0.83,6.216,,15.88,,11.41,0.62,1539241200,150.0,,13.01,
16.52,,0.82,6.216,,16.52,,12.3,0.72,1539244800,155.0,,13.52,
17.77,,0.78,6.216,,17.77,,12.87,0.72,1539248400,162.0,,13.96,
18.8,,0.74,6.216,,18.8,,14.47,0.65,1539252000,161.0,,14.01,
19.9,,0.69,6.216,,19.9,,15.71,0.46,1539255600,163.0,,14.01,
21.25,,0.64,6.216,,21.25,,14.72,0.44,1539259200,160.0,,14.14,
21.1,,0.64,6.216,,21.1,,16.91,0.65,1539262800,167.0,,13.96,
20.1,,0.68,6.216,,20.1,,16.72,0.75,1539266400,182.0,,14.01,
19.59,,0.7,6.216,,19.59,,14.69,0.72,1539270000,180.0,,14.04,
19.36,,0.71,6.216,,19.36,,14.27,0.37,1539273600,174.0,,13.96,
17.74,,0.78,5.658,,17.74,,11.83,0.58,1539280800,187.0,,13.78,
16.75,,0.82,6.216,,16.75,,10.6,0.64,1539284400,186.0,,13.69,
16.64,,0.83,6.216,,16.64,,8.91,0.48,1539288000,190.0,,13.73,
15.87,,0.86,6.216,,15.87,,8.45,0.47,1539291600,210.0,,13.55,
15.16,,0.87,,,15.16,,8.76,,1539295200,210.0,,12.93,
15.14,,0.87,6.216,,15.14,,8.95,0.31,1539298800,202.0,,12.92,
15.11,,0.87,6.216,,15.11,,9.57,0.54,1539302400,193.0,,12.97,
14.64,,0.88,6.216,,14.64,,8.03,0.74,1539306000,190.0,,12.64,
15.19,,0.81,6.216,,15.19,,8.47,0.55,1539309600,185.0,,12.0,
15.16,,0.82,6.216,,15.16,,9.87,0.54,1539313200,176.0,,12.05,
15.33,,0.81,6.216,,15.33,,11.88,0.34,1539316800,180.0,,12.01,
15.56,,0.79,6.216,,15.56,,13.93,0.36,1539320400,177.0,,12.01,
15.49,,0.8,6.216,,15.49,,13.44,0.45,1539324000,179.0,,12.04,
15.84,,0.78,6.216,,15.84,,14.45,0.69,1539327600,179.0,,12.0,
16.76,,0.73,6.216,,16.76,,13.5,,1539331200,180.0,,12.0,
17.49,,0.7,6.216,,17.49,,16.55,0.58,1539334800,185.0,,12.0,
19.0,,0.63,6.216,,19.0,,17.79,0.39,1539338400,194.0,,11.68,
20.41,,0.54,6.216,,20.41,,20.17,0.53,1539342000,197.0,,10.76,
21.03,,0.52,6.216,,21.03,,21.25,0.77,1539345600,190.0,,10.68,
21.67,,0.49,6.216,,21.67,,19.66,0.45,1539349200,187.0,,10.52,
21.22,,0.51,6.216,,21.22,,21.23,0.45,1539352800,188.0,,10.71,
20.56,,0.6,6.216,,20.56,,19.57,0.62,1539356400,183.0,,12.5,
20.52,,0.63,6.216,,20.52,,18.41,0.78,1539360000,189.0,,13.17,
20.52,,0.63,,,20.52,,,,1539363600,,,13.3,
20.52,,0.64,6.216,,20.52,,19.18,0.77,1539367200,200.0,,13.55,
21.28,,0.59,6.216,,21.28,,18.13,0.77,1539370800,194.0,,12.88,
21.49,,0.55,6.216,,21.49,,19.44,0.92,1539374400,193.0,,12.06,
21.49,,0.55,6.216,,21.49,,18.26,0.87,1539378000,197.0,,12.02,
21.31,,0.59,6.216,,21.31,,15.67,0.9,1539381600,185.0,,13.01,
20.6,,0.63,6.216,,20.6,,17.39,0.76,1539385200,200.0,,13.41,
20.56,,0.64,6.216,,20.56,,16.42,0.83,1539388800,199.0,,13.45,
20.6,,0.63,6.216,,20.6,,14.15,0.99,1539392400,198.0,,13.4,
20.5,,0.64,6.216,,20.5,,13.17,0.99,1539396000,185.0,,13.49,
20.47,,0.64,6.216,,20.47,,12.66,0.83,1539399600,192.0,,13.49,
20.51,,0.66,6.216,,20.51,,12.55,0.74,1539403200,178.0,,14.0,
20.51,,0.64,6.216,,20.51,,13.26,0.7,1539406800,184.0,,13.45,
19.59,,0.66,6.216,,19.59,,11.97,0.45,1539410400,168.0,,13.05,
19.52,,0.67,6.216,,19.52,,13.76,0.19,1539414000,178.0,,13.12,
20.38,,0.61,6.216,,20.38,,13.63,0.19,1539417600,179.0,,12.53,
20.78,,0.61,6.216,,20.78,,14.05,0.69,1539421200,195.0,,12.88,
21.82,,0.59,6.216,,21.82,,13.7,0.19,1539424800,184.0,,13.39,
22.44,,0.58,6.216,,22.44,,13.51,,1539428400,188.0,,13.79,
22.92,,0.61,6.216,,22.92,,17.76,,1539432000,192.0,,15.11,
23.55,,0.63,6.216,,23.59,,16.52,,1539435600,185.0,,15.97,
23.55,,0.63,6.216,,23.62,,18.21,,1539439200,184.0,,16.16,
23.25,,0.64,6.216,,23.29,,16.88,0.75,1539442800,186.0,,15.94,
22.55,,0.66,6.216,,22.6,,15.93,0.75,1539446400,180.0,,15.97,
22.02,,0.68,6.216,,22.07,,14.92,0.75,1539450000,187.0,,15.93,
21.53,,0.68,6.216,,21.53,,12.92,0.25,1539453600,185.0,,15.32,
21.18,,0.68,6.216,,21.18,,13.54,0.25,1539457200,190.0,,15.04,
21.79,,0.66,6.216,,21.79,,12.33,0.48,1539460800,189.0,,15.04,
21.75,,0.66,6.216,,21.75,,13.25,0.59,1539464400,204.0,,15.04,
21.1,,0.69,6.216,,21.1,,10.27,0.19,1539468000,208.0,,15.1,
20.23,,0.75,6.216,,20.26,,10.42,0.19,1539471600,206.0,,15.6,
19.79,,0.75,6.216,,19.79,,8.53,0.19,1539475200,206.0,,15.19,
18.83,,0.8,6.216,,18.85,,11.07,0.75,1539478800,242.0,,15.28,
18.0,,0.84,6.216,,18.05,,6.36,0.54,1539482400,229.0,,15.24,
17.23,,0.84,6.216,,17.23,,7.74,0.42,1539486000,251.0,,14.41,
17.0,,0.83,6.216,,17.0,,7.86,0.66,1539489600,261.0,,14.01,
16.23,,0.8,6.184,,16.23,,7.04,0.93,1539493200,308.0,,12.73,
15.23,,0.85,5.077,,15.23,,4.83,0.8,1539496800,310.0,,12.79,
15.13,,0.87,6.125,,15.13,,6.97,0.9,1539500400,356.0,,12.93,
14.31,,0.9,6.022,,14.31,,6.65,0.95,1539504000,344.0,,12.66,
14.18,,0.91,6.216,,14.18,,6.08,0.95,1539507600,350.0,,12.66,
13.7,,0.93,6.216,,13.7,,6.94,0.95,1539511200,11.0,,12.66,
14.13,,0.9,5.632,,14.13,,7.74,0.95,1539514800,333.0,,12.48,
13.48,,0.93,4.357,,13.48,,9.97,0.95,1539518400,327.0,,12.45,
13.45,,0.89,4.672,,13.45,,8.74,0.92,1539522000,348.0,,11.65,
12.63,,0.93,3.245,,12.63,,9.64,0.95,1539525600,354.0,,11.48,
11.74,,0.93,2.939,,11.74,,11.04,0.95,1539529200,359.0,,10.66,
11.63,,0.92,3.169,,11.63,,10.64,0.95,1539532800,9.0,,10.41,
11.22,,0.9,,,11.22,,,,1539536400,,,9.66,
10.7,,0.93,3.225,,10.7,,9.01,0.92,1539540000,20.0,,9.62,
10.66,,0.93,5.091,,10.66,,9.46,0.92,1539543600,39.0,,9.62,
10.66,,0.92,2.51,,10.66,,8.19,0.95,1539547200,19.0,,9.48,
10.7,,0.92,2.07,,10.7,,10.59,0.92,1539550800,27.0,,9.48,
10.64,,0.93,5.77,,10.64,,8.99,0.95,1539554400,43.0,,9.6,
10.64,,0.99,3.963,,10.64,,7.91,0.94,1539558000,43.0,,10.5,
10.67,,0.99,2.866,,10.67,,7.14,0.94,1539561600,44.0,,10.5,
11.59,,0.94,6.096,,11.59,,10.11,0.91,1539565200,56.0,,10.59,
11.59,,0.94,5.216,,11.59,,5.59,0.86,1539568800,21.0,,10.59,
11.64,,0.93,4.505,,11.64,,7.09,0.94,1539572400,28.0,,10.59,
11.64,,0.99,,,11.64,,8.61,,1539576000,51.0,,11.5,
12.59,,0.93,3.685,,12.59,,6.39,1.0,1539579600,59.0,,11.55,
12.52,,0.94,1.611,,12.52,,6.25,0.95,1539583200,33.0,,11.54,
12.7,,0.97,2.499,,12.7,,5.5,0.99,1539586800,24.0,,12.16,
12.7,,0.97,4.976,,12.7,,6.08,0.95,1539590400,5.0,,12.17,
13.31,,0.95,4.734,,13.31,,7.4,0.99,1539594000,26.0,,12.48,
13.7,,0.93,4.893,,13.7,,5.83,1.0,1539597600,21.0,,12.66,
13.7,,0.94,3.081,,13.7,,6.21,1.0,1539601200,24.0,,12.7,
13.75,,0.94,2.214,,13.75,,7.09,1.0,1539604800,41.0,,12.85,
13.75,,0.99,2.684,,13.75,,7.19,1.0,1539608400,42.0,,13.52,
14.5,,0.94,4.431,,14.5,,6.05,0.99,1539612000,48.0,,13.52,
14.52,,0.95,3.968,,14.52,,5.63,0.95,1539615600,25.0,,13.66,
14.39,,0.95,3.471,,14.39,,5.46,0.99,1539619200,27.0,,13.66,
14.36,,0.96,3.351,,14.36,,6.66,1.0,1539622800,47.0,,13.66,
14.36,,0.96,2.151,,14.36,,5.07,0.95,1539626400,41.0,,13.66,
14.32,,0.95,1.802,,14.32,,6.62,1.0,1539630000,35.0,,13.59,
14.36,,0.94,2.626,,14.36,,4.75,0.95,1539633600,55.0,,13.47,
14.36,,0.95,1.915,,14.36,,5.08,1.0,1539637200,68.0,,13.63,
14.48,,0.95,0.968,,14.48,,5.35,1.0,1539640800,88.0,,13.63,
14.56,,0.98,0.581,,14.64,,5.79,1.0,1539644400,100.0,,14.26,
14.56,,0.99,0.743,,14.67,,4.88,1.0,1539648000,93.0,,14.44,
14.51,,0.99,1.144,,14.62,,5.59,1.0,1539651600,87.0,,14.43,
14.56,,0.99,1.541,,14.66,,6.59,1.0,1539655200,91.0,,14.47,
14.59,,0.99,1.527,,14.7,,6.91,1.0,1539658800,118.0,,14.51,
14.59,,0.99,1.788,,14.7,,5.79,1.0,1539662400,124.0,,14.51,
14.63,,0.96,2.713,,14.66,,4.94,1.0,1539666000,134.0,,14.0,
14.59,,0.95,2.631,,14.59,,4.63,0.97,1539669600,151.0,,13.74,
14.56,,0.95,2.302,,14.56,,4.34,0.97,1539673200,151.0,,13.74,
15.0,,0.92,2.433,,15.0,,5.31,0.84,1539676800,153.0,,13.74,
16.19,,0.87,3.413,,16.19,,5.25,0.55,1539680400,165.0,,14.04,
19.3,,0.74,6.109,,19.3,,9.42,0.23,1539687600,168.0,,14.56,
20.21,,0.69,6.216,,20.21,,10.4,0.32,1539691200,179.0,,14.36,
20.36,,0.65,6.216,,20.36,,12.45,0.31,1539694800,183.0,,13.56,
20.1,,0.65,6.216,,20.1,,12.62,0.51,1539698400,203.0,,13.42,
18.84,,0.7,6.216,,18.84,,12.17,0.44,1539702000,204.0,,13.35,
17.4,,0.77,6.216,,17.4,,10.24,0.59,1539705600,207.0,,13.42,
17.2,,0.78,6.216,,17.2,,8.02,0.71,1539709200,181.0,,13.33,
16.63,,0.81,6.189,,16.63,,7.38,0.47,1539712800,185.0,,13.33,
16.35,,0.82,6.216,,16.35,,8.73,0.75,1539716400,212.0,,13.35,
15.99,,0.82,6.216,,15.99,,10.43,0.91,1539720000,219.0,,12.89,
15.19,,0.75,6.177,,15.19,,10.51,0.72,1539723600,238.0,,10.82,
14.96,,0.76,6.216,,14.96,,7.49,0.65,1539727200,225.0,,10.85,
14.14,,0.81,,,14.14,,8.25,,1539730800,235.0,,10.87,
13.56,,0.84,6.216,,13.56,,8.32,0.61,1539734400,233.0,,10.96,
13.46,,0.85,6.216,,13.46,,6.79,0.69,1539738000,237.0,,10.92,
12.51,,0.9,6.102,,12.51,,5.86,0.68,1539741600,225.0,,10.92,
12.28,,0.9,6.216,,12.28,,3.92,0.38,1539745200,221.0,,10.65,
11.54,,0.94,6.184,,11.54,,4.45,0.75,1539748800,213.0,,10.55,
11.82,,0.9,6.1,,11.82,,4.36,0.78,1539752400,220.0,,10.27,
11.74,,0.9,6.06,,11.74,,5.25,0.78,1539756000,205.0,,10.09,
12.43,,0.9,5.621,,12.43,,5.0,0.95,1539759600,216.0,,10.81,
12.7,,0.94,4.851,,12.7,,5.56,0.95,1539763200,213.0,,11.78,
13.52,,0.91,4.183,,13.52,,5.65,0.95,1539766800,215.0,,12.0,
13.68,,0.95,2.385,,13.68,,4.92,0.95,1539770400,230.0,,12.83,
14.05,,0.93,3.761,,14.05,,4.34,0.84,1539774000,246.0,,12.87,
14.24,,0.95,3.835,,14.24,,4.26,0.95,1539777600,236.0,,13.48,
14.4,,0.91,5.027,,14.4,,3.18,0.95,1539781200,267.0,,12.97,
15.21,,0.86,5.818,,15.21,,3.5,0.92,1539784800,244.0,,12.85,
15.36,,0.88,5.988,,15.36,,2.05,0.95,1539788400,333.0,,13.32,
15.16,,0.89,6.082,,15.16,,2.34,0.91,1539792000,0.0,,13.29,
14.83,,0.88,6.216,,14.83,,3.12,0.79,1539795600,357.0,,12.91,
14.77,,0.88,6.216,,14.77,,3.5,0.76,1539799200,23.0,,12.75,
14.47,,0.88,6.216,,14.47,,4.54,0.51,1539802800,29.0,,12.45,
13.5,,0.91,6.216,,13.5,,3.6,0.49,1539806400,17.0,,12.12,
13.62,,0.92,6.177,,13.62,,4.05,0.68,1539810000,15.0,,12.42,
13.88,,0.88,6.193,,13.88,,4.69,0.75,1539813600,16.0,,11.93,
13.67,,0.88,6.163,,13.67,,4.79,0.75,1539817200,20.0,,11.75,
12.89,,0.89,5.747,,12.89,,5.8,0.71,1539820800,10.0,,11.07,
12.82,,0.88,5.939,,12.82,,5.82,0.44,1539824400,23.0,,10.93,
12.58,,0.85,5.908,,12.58,,6.0,0.92,1539828000,20.0,,10.11,
12.39,,0.85,5.904,,12.39,,5.28,0.69,1539831600,8.0,,9.87,
11.48,,0.89,5.744,,11.48,,5.96,0.79,1539835200,5.0,,9.66,
10.56,,0.9,5.863,,10.56,,5.42,0.39,1539838800,12.0,,9.01,
10.3,,0.91,4.612,,10.3,,5.88,0.79,1539842400,32.0,,8.97,
10.53,,0.93,4.28,,10.53,,7.09,0.91,1539846000,38.0,,9.52,
10.79,,0.92,5.053,,10.79,,7.38,0.82,1539849600,34.0,,9.52,
11.49,,0.89,6.103,,11.49,,9.23,0.77,1539853200,47.0,,9.68,
13.42,,0.76,6.148,,13.42,,8.53,0.57,1539856800,43.0,,9.25,
14.34,,0.71,6.216,,14.34,,9.83,0.57,1539860400,53.0,,9.19,
14.93,,0.67,6.216,,14.93,,9.58,0.51,1539864000,49.0,,8.76,
15.09,,0.64,6.216,,15.09,,9.99,0.63,1539867600,50.0,,8.42,
15.61,,0.62,6.216,,15.61,,9.4,0.56,1539871200,68.0,,8.29,
15.42,,0.61,6.216,,15.42,,8.78,0.66,1539874800,63.0,,8.0,
14.47,,0.66,6.216,,14.47,,9.07,0.71,1539878400,52.0,,8.17,
13.83,,0.68,6.216,,13.83,,8.59,0.68,1539882000,53.0,,7.97,
13.09,,0.71,6.216,,13.09,,6.33,0.75,1539885600,53.0,,7.9,
11.81,,0.74,6.216,,11.81,,7.48,0.33,1539889200,48.0,,7.25,
10.94,,0.75,6.216,,10.94,,5.32,,1539892800,52.0,,6.76,
9.86,,0.8,6.216,,8.93,,4.77,,1539896400,58.0,,6.57,
9.03,,0.84,6.216,,8.09,,4.41,,1539900000,46.0,,6.52,
8.09,,0.88,6.216,,8.09,,2.86,,1539903600,359.0,,6.3,
7.76,,0.9,6.216,,7.76,,2.23,,1539907200,340.0,,6.17,
7.71,,0.87,6.216,,6.51,,4.52,,1539910800,316.0,,5.7,
6.93,,0.93,6.148,,5.86,,3.94,,1539914400,297.0,,5.88,
6.79,,0.91,6.148,,5.89,,3.54,0.75,1539918000,355.0,,5.42,
6.61,,0.9,6.126,,5.81,,3.3,0.76,1539921600,316.0,,5.01,
6.48,,0.91,6.002,,5.1,,4.46,0.44,1539925200,309.0,,5.11,
6.52,,0.89,6.025,,6.52,,2.55,0.58,1539928800,333.0,,4.86,
6.67,,0.9,5.828,,5.35,,4.4,0.31,1539932400,310.0,,5.14,
7.36,,0.89,6.177,,5.95,,4.92,0.28,1539936000,301.0,,5.7,
9.51,,0.86,6.216,,9.51,,2.26,0.19,1539939600,9.0,,7.22,
11.51,,0.75,6.216,,11.51,,4.6,,1539943200,349.0,,7.25,
12.57,,0.69,6.216,,12.57,,4.55,0.19,1539946800,324.0,,7.07,
13.97,,0.62,6.216,,13.97,,4.98,0.19,1539950400,343.0,,6.71,
14.81,,0.59,6.216,,14.81,,6.08,0.19,1539954000,339.0,,6.89,
15.1,,0.58,6.216,,15.1,,4.66,0.19,1539957600,319.0,,6.79,
15.74,,0.56,6.216,,15.74,,5.46,0.19,1539961200,334.0,,7.04,
15.6,,0.54,6.216,,15.6,,4.13,0.29,1539964800,346.0,,6.23,
14.1,,0.62,6.216,,14.1,,4.21,0.22,1539968400,334.0,,6.86,
12.67,,0.68,6.216,,12.67,,2.59,0.19,1539972000,296.0,,6.96,
11.3,,0.77,6.216,,11.3,,2.27,,1539975600,311.0,,7.41,
10.51,,0.8,6.216,,10.51,,2.97,,1539979200,296.0,,7.25,
10.1,,0.78,6.216,,10.1,,3.04,0.19,1539982800,266.0,,6.45,
9.24,,0.86,6.062,,9.24,,2.99,,1539986400,209.0,,6.94,
8.68,,0.9,5.816,,8.68,,2.96,,1539990000,264.0,,7.19,
8.46,,0.86,5.546,,8.46,,2.82,0.19,1539993600,250.0,,6.32,
7.69,,0.91,5.477,,7.69,,2.94,0.75,1539997200,266.0,,6.32,
7.64,,0.91,5.552,,6.88,,3.49,0.91,1540000800,240.0,,6.27,
7.69,,0.9,5.667,,7.11,,3.17,1.0,1540004400,222.0,,6.09,
6.73,,0.95,5.366,,6.73,,2.82,0.44,1540008000,259.0,,6.05,
6.78,,0.95,5.785,,6.78,,1.53,0.44,1540011600,294.0,,6.04,
7.32,,0.9,5.528,,6.5,,3.52,0.44,1540015200,228.0,,5.86,
6.66,,0.94,5.502,,6.66,,2.73,0.75,1540018800,250.0,,5.76,
8.39,,0.89,5.628,,7.54,,3.93,0.5,1540022400,220.0,,6.74,
9.92,,0.88,6.027,,9.31,,3.95,,1540026000,213.0,,7.98,
12.89,,0.77,6.216,,12.89,,4.07,,1540029600,263.0,,8.93,
14.76,,0.7,6.216,,14.76,,5.45,,1540033200,211.0,,9.34,
16.16,,0.64,6.216,,16.16,,5.75,,1540036800,217.0,,9.34,
16.99,,0.61,6.216,,16.99,,7.03,,1540040400,249.0,,9.51,
17.79,,0.57,6.216,,17.79,,7.49,,1540044000,249.0,,9.23,
17.83,,0.6,6.216,,17.83,,7.51,,1540047600,256.0,,9.86,
17.46,,0.58,6.216,,17.46,,6.54,,1540051200,254.0,,9.23,
16.24,,0.64,4.624,,16.24,,4.82,,1540054800,235.0,,9.39,
15.39,,0.7,5.627,,15.39,,3.77,,1540058400,224.0,,9.85,
14.37,,0.74,6.216,,14.37,,4.64,,1540062000,221.0,,9.81,
13.82,,0.77,6.216,,13.82,,3.6,,1540065600,240.0,,9.94,
13.51,,0.8,6.216,,13.51,,4.94,,1540069200,236.0,,10.09,
13.18,,0.82,6.184,,13.18,,4.37,0.75,1540072800,242.0,,10.09,
12.74,,0.83,5.789,,12.74,,3.86,0.19,1540076400,214.0,,9.88,
11.65,,0.86,5.593,,11.65,,3.31,,1540080000,219.0,,9.46,
11.28,,0.87,4.869,,11.28,,3.28,,1540083600,212.0,,9.14,
10.54,,0.9,4.672,,10.54,,3.33,0.19,1540087200,232.0,,8.94,
10.23,,0.91,4.166,,10.23,,3.22,0.33,1540090800,223.0,,8.81,
10.05,,0.9,4.001,,10.05,,3.32,0.39,1540094400,229.0,,8.55,
9.35,,0.96,3.714,,8.53,,4.23,0.47,1540098000,230.0,,8.68,
9.45,,0.95,3.975,,8.82,,3.8,0.15,1540101600,218.0,,8.64,
9.57,,0.93,3.409,,9.57,,3.0,0.17,1540105200,226.0,,8.55,
10.37,,0.93,3.582,,10.37,,4.11,0.49,1540108800,218.0,,9.36,
12.04,,0.89,4.42,,12.04,,6.24,0.19,1540112400,240.0,,10.32,
13.98,,0.81,6.216,,13.98,,6.29,0.33,1540116000,259.0,,10.71,
15.84,,0.73,6.193,,15.84,,7.85,0.19,1540119600,257.0,,11.0,
17.06,,0.67,6.216,,17.06,,7.49,,1540123200,265.0,,10.83,
18.09,,0.6,6.216,,18.09,,7.99,,1540126800,259.0,,10.14,
18.82,,0.56,6.216,,18.82,,8.66,,1540130400,251.0,,9.9,
18.82,,0.56,6.216,,18.82,,7.51,,1540134000,261.0,,9.86,
18.59,,0.57,6.216,,18.59,,7.39,0.19,1540137600,265.0,,9.86,
17.22,,0.65,6.216,,17.22,,5.29,0.29,1540141200,294.0,,10.52,
15.76,,0.72,6.216,,15.76,,4.6,0.44,1540144800,292.0,,10.68,
16.02,,0.72,6.216,,16.02,,4.9,0.8,1540148400,296.0,,11.01,
16.41,,0.73,6.078,,16.41,,7.27,0.93,1540152000,312.0,,11.66,
16.23,,0.75,6.099,,16.23,,10.01,0.88,1540155600,334.0,,11.89,
14.25,,0.85,6.216,,14.25,,11.13,0.91,1540159200,331.0,,11.71,
13.56,,0.76,6.154,,13.56,,9.81,0.91,1540162800,331.0,,9.51,
13.14,,0.74,6.216,,13.14,,9.08,0.99,1540166400,349.0,,8.65,
12.51,,0.7,6.216,,12.51,,10.25,0.94,1540170000,358.0,,7.19,
12.18,,0.69,6.216,,12.18,,10.77,0.91,1540173600,357.0,,6.71,
10.49,,0.69,6.216,,10.49,,10.07,0.85,1540177200,7.0,,5.07,
9.48,,0.69,6.216,,7.48,,8.43,0.54,1540180800,358.0,,4.02,
8.21,,0.74,6.216,,6.6,,5.9,0.44,1540184400,352.0,,3.92,
7.5,,0.76,6.216,,4.99,,8.7,,1540188000,353.0,,3.56,
7.28,,0.76,6.216,,4.83,,8.24,,1540191600,353.0,,3.29,
8.31,,0.72,6.216,,6.65,,6.14,,1540195200,352.0,,3.52,
9.53,,0.65,6.216,,7.3,,9.56,,1540198800,1.0,,3.21,
10.81,,0.59,6.216,,10.81,,9.09,,1540202400,28.0,,3.21,
11.84,,0.55,6.216,,11.84,,9.66,,1540206000,30.0,,3.2,
12.13,,0.54,6.216,,12.13,,10.72,0.19,1540209600,22.0,,3.06,
12.88,,0.51,6.216,,12.88,,9.68,,1540213200,24.0,,3.03,
13.02,,0.51,6.216,,13.02,,7.96,,1540216800,15.0,,3.07,
13.02,,0.51,6.216,,13.02,,9.34,,1540220400,357.0,,3.04,
12.63,,0.52,6.216,,12.63,,6.32,0.19,1540224000,343.0,,2.96,
11.42,,0.55,6.216,,11.42,,5.11,,1540227600,338.0,,2.68,
10.49,,0.6,6.216,,10.49,,4.48,0.19,1540231200,309.0,,3.0,
9.62,,0.63,6.216,,9.62,,2.59,,1540234800,273.0,,3.0,
8.67,,0.7,6.216,,8.03,,3.57,,1540238400,277.0,,3.6,
8.84,,0.69,6.216,,7.88,,4.37,,1540242000,282.0,,3.42,
7.66,,0.78,6.216,,6.57,,4.23,,1540245600,252.0,,4.07,
7.07,,0.78,6.216,,5.49,,5.2,,1540249200,237.0,,3.52,
7.33,,0.81,6.216,,5.18,,7.15,,1540252800,235.0,,4.28,
6.91,,0.84,6.216,,4.5,,7.77,,1540256400,244.0,,4.47,
7.14,,0.84,6.216,,4.52,,8.77,,1540260000,248.0,,4.55,
7.14,,0.84,6.216,,4.48,,8.96,,1540263600,243.0,,4.55,
7.23,,0.84,6.216,,4.54,,9.21,0.75,1540267200,254.0,,4.69,
7.31,,0.83,6.216,,4.7,,8.93,0.44,1540270800,249.0,,4.6,
7.56,,0.82,6.216,,4.8,,9.91,,1540274400,238.0,,4.67,
7.84,,0.8,6.216,,4.95,,10.87,,1540278000,246.0,,4.68,
8.67,,0.77,6.216,,6.0,,10.75,,1540281600,252.0,,4.82,
9.53,,0.74,6.216,,7.21,,10.0,,1540285200,261.0,,5.17,
11.0,,0.68,6.216,,11.0,,9.57,,1540288800,255.0,,5.37,
12.84,,0.59,6.216,,12.84,,13.26,,1540292400,289.0,,5.07,
14.47,,0.56,6.216,,14.47,,13.56,0.75,1540296000,289.0,,5.7,
15.42,,0.53,6.216,,15.42,,14.55,,1540299600,289.0,,5.93,
15.46,,0.56,6.216,,15.46,,13.44,,1540303200,292.0,,6.66,
15.53,,0.59,6.216,,15.53,,11.87,,1540306800,288.0,,7.54,
15.3,,0.61,6.216,,15.3,,12.48,,1540310400,292.0,,7.9,
14.49,,0.64,6.216,,14.49,,8.68,,1540314000,289.0,,7.86,
14.45,,0.68,6.216,,14.45,,7.62,0.75,1540317600,290.0,,8.67,
13.93,,0.75,6.216,,13.93,,8.91,0.44,1540321200,290.0,,9.61,
13.81,,0.77,6.216,,13.81,,8.19,0.75,1540324800,292.0,,9.79,
14.05,,0.76,6.216,,14.05,,8.64,0.44,1540328400,286.0,,9.79,
13.57,,0.79,6.216,,13.57,,10.14,0.19,1540332000,286.0,,9.93,
13.33,,0.8,6.216,,13.33,,9.2,,1540335600,289.0,,9.95,
13.1,,0.81,6.216,,13.1,,10.46,0.19,1540339200,286.0,,9.95,
12.56,,0.84,6.216,,12.56,,9.65,0.19,1540342800,293.0,,9.95,
12.63,,0.87,6.216,,12.63,,10.32,0.75,1540346400,294.0,,10.55,
12.77,,0.87,6.216,,12.77,,8.82,0.58,1540350000,293.0,,10.73,
12.78,,0.88,6.216,,12.78,,8.7,0.48,1540353600,289.0,,10.87,
12.59,,0.9,6.216,,12.59,,6.44,,1540357200,282.0,,10.92,
12.53,,0.88,6.216,,12.53,,8.57,0.76,1540360800,282.0,,10.67,
12.53,,0.88,6.216,,12.53,,6.59,0.7,1540364400,282.0,,10.63,
12.84,,0.88,6.216,,12.84,,7.04,0.86,1540368000,280.0,,10.82,
13.35,,0.85,6.216,,13.35,,10.31,0.8,1540371600,293.0,,10.96,
13.52,,0.85,6.216,,13.52,,10.43,0.77,1540375200,299.0,,10.97,
14.68,,0.81,6.216,,14.68,,8.78,0.76,1540378800,291.0,,11.37,
15.83,,0.74,6.216,,15.83,,6.33,0.26,1540382400,284.0,,11.25,
17.41,,0.65,6.216,,17.41,,5.57,0.19,1540386000,268.0,,10.74,
17.38,,0.64,6.216,,17.38,,7.06,0.19,1540389600,255.0,,10.47,
17.39,,0.64,6.216,,17.39,,9.06,,1540393200,269.0,,10.44,
16.21,,0.65,6.216,,16.21,,8.43,,1540396800,273.0,,9.62,
14.6,,0.68,6.216,,14.6,,8.03,,1540400400,292.0,,8.82,
13.69,,0.72,6.216,,13.69,,6.82,,1540404000,293.0,,8.75,
12.54,,0.74,6.193,,12.54,,6.88,,1540407600,285.0,,7.94,
11.5,,0.78,6.216,,11.5,,5.98,,1540411200,281.0,,7.74,
11.24,,0.77,6.216,,11.24,,6.69,,1540414800,287.0,,7.44,
10.49,,0.81,6.216,,10.49,,6.69,0.72,1540418400,300.0,,7.29,
9.34,,0.84,6.193,,7.97,,5.82,0.38,1540422000,300.0,,6.74,
8.72,,0.86,6.126,,7.49,,5.04,0.34,1540425600,290.0,,6.52,
8.12,,0.9,6.103,,6.69,,5.32,0.89,1540429200,269.0,,6.52,
8.63,,0.86,6.007,,6.88,,6.67,0.75,1540432800,273.0,,6.34,
7.61,,0.9,5.526,,5.76,,6.33,0.75,1540436400,262.0,,6.16,
7.58,,0.9,5.035,,6.32,,4.59,0.75,1540440000,244.0,,5.99,
6.8,,0.95,4.93,,5.29,,4.92,1.0,1540443600,236.0,,5.99,
6.4,,0.91,4.622,,4.55,,5.63,0.56,1540447200,243.0,,5.09,
7.26,,0.89,5.313,,5.83,,4.9,0.63,1540450800,259.0,,5.64,
8.19,,0.89,5.978,,6.28,,6.9,0.51,1540454400,284.0,,6.44,
9.57,,0.83,6.138,,8.01,,6.65,0.36,1540458000,287.0,,6.86,
10.83,,0.78,6.216,,10.83,,7.91,0.21,1540461600,301.0,,7.06,
11.83,,0.73,6.216,,11.83,,7.78,0.24,1540465200,293.0,,7.06,
12.82,,0.71,6.216,,12.82,,6.11,0.26,1540468800,303.0,,7.71,
13.63,,0.66,6.216,,13.63,,7.14,0.41,1540472400,302.0,,7.4,
13.82,,0.67,6.216,,13.82,,6.51,0.6,1540476000,291.0,,7.9,
13.55,,0.69,6.216,,13.55,,5.69,0.7,1540479600,283.0,,7.9,
13.02,,0.69,6.216,,13.02,,7.93,0.75,1540483200,263.0,,7.5,
12.1,,0.74,6.216,,12.1,,8.66,0.91,1540486800,266.0,,7.55,
11.99,,0.74,6.216,,11.99,,8.36,0.91,1540490400,284.0,,7.47,
11.47,,0.74,6.216,,11.47,,7.78,0.95,1540494000,292.0,,6.99,
11.15,,0.76,6.216,,11.15,,8.0,0.95,1540497600,280.0,,6.99,
10.52,,0.78,6.216,,10.52,,8.09,0.95,1540501200,281.0,,6.87,
10.52,,0.77,6.216,,10.52,,6.67,0.95,1540504800,290.0,,6.72,
10.5,,0.75,6.216,,10.5,,9.07,0.99,1540508400,276.0,,6.22,
10.5,,0.75,6.216,,10.5,,9.35,0.94,1540512000,276.0,,6.22,
10.32,,0.75,6.216,,10.32,,9.58,0.97,1540515600,275.0,,6.15,
10.14,,0.73,6.216,,10.14,,8.8,0.96,1540519200,268.0,,5.45,
10.15,,0.75,6.216,,10.15,,9.05,1.0,1540522800,253.0,,6.0,
9.6,,0.78,6.216,,7.54,,8.77,1.0,1540526400,244.0,,6.0,
9.63,,0.78,6.216,,7.32,,10.1,1.0,1540530000,243.0,,6.0,
9.83,,0.78,6.216,,7.75,,9.16,0.92,1540533600,244.0,,6.12,
10.41,,0.76,5.977,,10.41,,9.83,0.92,1540537200,250.0,,6.34,
9.63,,0.88,3.259,,7.2,,10.72,0.95,1540540800,259.0,,7.68,
9.67,,0.88,5.527,,7.34,,10.28,0.9,1540544400,285.0,,7.73,
10.19,,0.79,5.612,,10.19,,11.11,0.86,1540548000,292.0,,6.74,
10.15,,0.73,6.216,,10.15,,13.43,0.52,1540551600,299.0,,5.49,
10.76,,0.63,6.216,,10.76,,13.44,0.42,1540555200,306.0,,3.99,
10.54,,0.62,6.216,,10.54,,13.72,0.46,1540558800,299.0,,3.49,
11.21,,0.56,6.216,,11.21,,14.81,0.42,1540562400,301.0,,2.72,
10.59,,0.58,6.216,,10.59,,16.16,0.6,1540566000,295.0,,2.57,
10.1,,0.57,6.216,,10.1,,14.27,0.24,1540569600,306.0,,2.04,
7.99,,0.69,6.216,,5.41,,9.51,0.52,1540576800,300.0,,2.63,
7.69,,0.71,6.216,,5.17,,8.91,0.23,1540580400,291.0,,2.67,
7.28,,0.72,6.216,,4.37,,10.29,,1540584000,294.0,,2.64,
6.81,,0.74,6.216,,3.9,,9.72,0.19,1540587600,293.0,,2.57,
6.1,,0.75,6.216,,2.9,,10.29,0.44,1540591200,298.0,,1.93,
5.92,,0.74,6.216,,2.84,,9.59,0.19,1540594800,303.0,,1.74,
5.19,,0.74,6.216,,2.04,,9.13,0.44,1540598400,304.0,,1.0,
5.15,,0.73,6.216,,2.1,,8.69,0.24,1540602000,300.0,,0.77,
5.06,,0.73,6.216,,1.98,,8.75,0.73,1540605600,305.0,,0.6,
4.14,,0.78,6.216,,1.12,,7.82,0.31,1540609200,306.0,,0.6,
4.1,,0.77,6.216,,0.95,,8.25,,1540612800,306.0,,0.51,
4.1,,0.73,6.216,,0.46,,10.14,0.19,1540616400,308.0,,-0.22,
3.33,,0.77,6.216,,-0.41,,9.76,0.44,1540620000,310.0,,-0.36,
3.14,,0.77,6.216,,-0.48,,9.13,,1540623600,309.0,,-0.48,
3.77,,0.74,6.216,,0.05,,10.12,,1540627200,324.0,,-0.48,
4.26,,0.71,6.216,,0.62,,10.27,0.19,1540630800,329.0,,-0.45,
5.61,,0.67,6.216,,1.94,,12.01,0.19,1540634400,345.0,,0.04,
6.08,,0.68,6.216,,2.65,,11.38,0.28,1540638000,333.0,,0.61,
6.68,,0.67,6.216,,3.56,,10.58,0.64,1540641600,336.0,,1.06,
7.49,,0.66,6.216,,4.42,,11.33,0.87,1540645200,339.0,,1.53,
6.97,,0.68,6.216,,3.94,,10.53,0.92,1540648800,339.0,,1.53,
7.23,,0.68,6.216,,4.14,,11.13,0.92,1540652400,343.0,,1.81,
6.46,,0.76,6.216,,2.93,,12.42,0.92,1540656000,347.0,,2.45,
5.47,,0.82,6.193,,1.83,,11.6,0.95,1540659600,351.0,,2.59,
4.7,,0.85,6.103,,0.72,,12.35,0.95,1540663200,356.0,,2.33,
4.5,,0.87,6.216,,0.78,,10.84,0.8,1540666800,349.0,,2.5,
5.04,,0.84,6.216,,1.69,,9.85,0.75,1540670400,350.0,,2.54,
5.49,,0.86,6.216,,2.03,,10.82,0.68,1540674000,354.0,,3.38,
5.56,,0.84,6.216,,2.58,,8.81,0.42,1540677600,359.0,,3.08,
5.59,,0.87,6.216,,2.2,,10.59,0.77,1540681200,351.0,,3.68,
5.65,,0.87,6.216,,2.36,,10.19,0.69,1540684800,345.0,,3.69,
5.32,,0.87,6.216,,2.08,,9.65,0.44,1540688400,352.0,,3.41,
4.7,,0.91,6.161,,1.36,,9.48,0.38,1540692000,346.0,,3.41,
4.7,,0.88,6.216,,1.57,,8.66,0.75,1540695600,2.0,,2.83,
4.96,,0.92,6.216,,2.63,,6.21,0.81,1540699200,25.0,,3.74,
5.52,,0.89,6.216,,2.79,,7.84,0.75,1540702800,44.0,,3.78,
5.75,,0.88,6.216,,3.3,,7.05,0.71,1540706400,35.0,,3.84,
6.51,,0.84,6.216,,3.05,,12.09,0.51,1540710000,27.0,,3.97,
5.86,,0.85,6.216,,2.26,,11.91,0.69,1540713600,47.0,,3.57,
5.88,,0.88,6.216,,2.45,,11.11,0.76,1540717200,35.0,,4.02,
6.64,,0.84,6.216,,3.61,,10.1,0.7,1540720800,38.0,,4.09,
7.77,,0.8,6.216,,4.63,,12.09,0.63,1540724400,50.0,,4.59,
8.65,,0.76,6.216,,5.98,,10.74,0.5,1540728000,49.0,,4.62,
9.56,,0.66,6.216,,6.84,,12.36,0.63,1540731600,47.0,,3.51,
9.79,,0.59,6.216,,7.14,,12.39,0.45,1540735200,51.0,,2.26,
9.68,,0.58,6.216,,7.09,,11.77,0.56,1540738800,34.0,,1.79,
9.12,,0.62,6.216,,6.51,,11.08,0.3,1540742400,42.0,,2.12,
8.06,,0.69,6.216,,5.6,,9.06,0.21,1540746000,40.0,,2.72,
7.07,,0.73,6.216,,4.34,,9.24,0.24,1540749600,40.0,,2.51,
6.21,,0.79,6.216,,3.71,,7.54,0.19,1540753200,6.0,,2.76,
5.28,,0.82,6.216,,2.54,,7.7,0.19,1540756800,12.0,,2.45,
5.22,,0.79,6.216,,2.59,,7.27,0.19,1540760400,10.0,,1.96,
4.48,,0.84,6.216,,1.61,,7.57,0.19,1540764000,8.0,,1.96,
4.16,,0.85,6.216,,1.45,,6.83,0.75,1540767600,17.0,,1.92,
4.15,,0.84,6.216,,1.47,,6.74,0.43,1540771200,45.0,,1.63,
4.19,,0.85,6.216,,1.47,,6.89,0.74,1540774800,17.0,,1.82,
3.35,,0.88,6.216,,1.03,,5.39,0.7,1540778400,342.0,,1.56,
3.29,,0.88,6.216,,0.42,,6.8,0.19,1540782000,21.0,,1.56,
3.16,,0.89,6.216,,0.48,,6.2,,1540785600,26.0,,1.56,
3.11,,0.89,6.216,,0.06,,7.22,0.19,1540789200,16.0,,1.51,
3.03,,0.89,6.216,,0.08,,6.89,0.19,1540792800,16.0,,1.43,
2.8,,0.87,6.045,,0.31,,5.56,0.39,1540796400,2.0,,0.79,
3.1,,0.85,6.216,,-0.11,,7.71,0.23,1540800000,9.0,,0.82,
4.97,,0.76,6.216,,2.2,,7.56,0.19,1540803600,15.0,,1.1,
6.45,,0.74,6.216,,3.63,,9.0,0.19,1540807200,12.0,,2.21,
7.79,,0.67,6.216,,5.16,,9.55,0.19,1540810800,27.0,,2.12,
8.65,,0.6,6.216,,5.95,,10.93,0.28,1540814400,42.0,,1.31,
8.64,,0.59,6.216,,6.06,,10.31,0.4,1540818000,32.0,,1.12,
8.98,,0.59,6.216,,6.4,,10.69,0.45,1540821600,42.0,,1.38,
8.98,,0.58,6.216,,6.79,,8.75,0.41,1540825200,37.0,,1.2,
8.45,,0.6,6.216,,6.15,,8.74,0.59,1540828800,29.0,,1.2,
8.05,,0.64,6.216,,5.91,,7.7,0.36,1540832400,10.0,,1.69,
7.06,,0.68,6.216,,4.55,,8.28,0.25,1540836000,3.0,,1.51,
4.64,,0.84,6.216,,1.31,,9.33,0.75,1540854000,346.0,,2.12,
5.56,,0.8,6.216,,2.21,,10.36,0.94,1540864800,332.0,,2.44,
5.56,,0.85,6.216,,2.21,,10.37,0.94,1540868400,341.0,,3.23,
5.56,,0.86,6.065,,2.21,,10.36,0.89,1540872000,316.0,,3.45,
5.41,,0.91,4.578,,1.67,,12.07,0.91,1540879200,309.0,,4.14,
6.13,,0.89,5.393,,2.39,,13.09,0.9,1540886400,308.0,,4.39,
7.03,,0.84,6.177,,3.35,,14.16,0.89,1540893600,302.0,,4.59,
7.89,,0.8,6.157,,4.47,,14.04,0.92,1540900800,295.0,,4.73,
9.31,,0.72,6.216,,6.46,,12.79,0.89,1540915200,290.0,,4.48,
8.49,,0.76,6.216,,5.54,,12.12,0.92,1540918800,281.0,,4.55,
8.49,,0.74,6.216,,5.71,,11.14,0.95,1540922400,277.0,,4.05,
8.41,,0.74,6.216,,5.7,,10.64,0.91,1540926000,266.0,,3.97,
8.06,,0.74,6.216,,5.37,,10.15,0.9,1540929600,248.0,,3.64,
7.36,,0.76,6.216,,4.45,,10.33,0.91,1540933200,243.0,,3.44,
6.99,,0.75,6.216,,4.69,,7.42,0.6,1540936800,238.0,,2.81,
6.41,,0.75,,,4.29,,6.43,,1540940400,239.0,,2.38,
5.5,,0.81,6.216,,4.19,,3.96,0.41,1540944000,219.0,,2.49,
4.23,,0.82,6.216,,2.22,,5.05,0.23,1540947600,201.0,,1.41,
3.45,,0.86,6.216,,1.27,,5.12,,1540951200,201.0,,1.32,
2.85,,0.83,6.137,,1.63,,3.16,,1540954800,216.0,,0.21,
2.27,,0.85,6.163,,2.27,,2.68,,1540958400,206.0,,0.07,
2.02,,0.83,6.127,,2.02,,1.64,0.44,1540962000,135.0,,-0.58,
1.89,,0.91,6.122,,0.2,,3.68,0.31,1540965600,4.0,,0.56,
2.54,,0.85,6.148,,0.81,,3.91,0.61,1540969200,107.0,,0.25,
3.37,,0.84,6.216,,1.04,,5.41,0.73,1540972800,100.0,,0.98,
5.57,,0.8,6.216,,3.87,,4.84,0.67,1540976400,92.0,,2.43,
9.15,,0.74,6.216,,7.4,,7.05,0.32,1540980000,114.0,,4.74,
12.42,,0.61,6.216,,12.42,,9.95,0.19,1540983600,144.0,,5.18,
12.77,,0.59,6.216,,12.77,,14.36,0.23,1540987200,152.0,,5.07,
12.84,,0.59,6.216,,12.84,,12.57,0.21,1540990800,157.0,,4.92,
12.68,,0.57,6.216,,12.68,,11.13,0.25,1540994400,144.0,,4.35,
12.48,,0.61,6.216,,12.48,,10.87,0.38,1540998000,132.0,,5.21,
11.19,,0.66,6.216,,11.19,,10.93,0.46,1541001600,123.0,,5.14,
10.58,,0.71,6.216,,10.58,,7.08,,1541005200,103.0,,5.45,
9.76,,0.76,6.216,,8.04,,7.47,,1541008800,107.0,,5.65,
10.23,,0.75,6.216,,10.23,,8.51,0.44,1541012400,96.0,,5.97,
9.89,,0.78,6.216,,8.6,,5.89,0.33,1541016000,95.0,,6.14,
9.81,,0.85,6.216,,8.13,,7.34,0.51,1541019600,96.0,,7.44,
9.81,,0.86,6.216,,7.91,,8.3,0.7,1541023200,92.0,,7.62,
9.81,,0.89,6.171,,8.3,,6.67,0.74,1541026800,90.0,,8.16,
9.91,,0.95,3.882,,8.18,,7.62,0.76,1541030400,102.0,,9.15,
9.77,,0.98,2.62,,8.25,,6.66,0.77,1541034000,101.0,,9.51,
10.6,,0.94,2.189,,10.6,,7.46,0.91,1541037600,98.0,,9.65,
10.64,,0.96,2.228,,10.64,,5.16,0.77,1541041200,107.0,,9.97,
10.64,,0.96,2.079,,10.64,,3.89,0.77,1541044800,106.0,,10.0,
10.64,,0.99,2.293,,10.64,,3.4,0.8,1541048400,87.0,,10.55,
10.64,,0.99,2.38,,10.64,,3.04,0.91,1541052000,102.0,,10.55,
10.7,,0.99,2.777,,10.7,,3.94,0.72,1541055600,152.0,,10.48,
11.21,,0.95,4.848,,11.21,,5.55,0.7,1541059200,195.0,,10.47,
11.36,,0.95,4.814,,11.36,,5.38,0.52,1541062800,188.0,,10.67,
11.52,,0.94,4.701,,11.52,,6.54,0.58,1541066400,196.0,,10.54,
11.52,,0.92,5.659,,11.52,,6.01,0.58,1541070000,172.0,,10.22,
11.66,,0.93,5.548,,11.66,,6.14,0.76,1541073600,199.0,,10.51,
11.4,,0.9,4.603,,11.4,,9.05,0.76,1541077200,268.0,,9.82,
11.17,,0.89,5.585,,11.17,,9.41,0.76,1541080800,294.0,,9.48,
10.82,,0.86,6.061,,10.82,,12.04,0.8,1541084400,296.0,,8.53,
9.53,,0.88,6.011,,6.86,,12.05,0.88,1541088000,300.0,,7.71,
9.46,,0.88,6.216,,7.27,,9.28,0.82,1541091600,298.0,,7.49,
8.79,,0.91,6.216,,6.33,,9.85,0.88,1541095200,298.0,,7.41,
8.65,,0.86,6.216,,6.75,,7.21,0.19,1541098800,289.0,,6.43,
7.66,,0.86,6.216,,5.83,,6.29,,1541102400,289.0,,5.42,
7.1,,0.83,6.216,,5.09,,6.51,,1541106000,282.0,,4.39,
6.42,,0.84,6.216,,4.64,,5.43,,1541109600,275.0,,3.94,
5.94,,0.85,6.162,,3.89,,5.92,,1541113200,277.0,,3.55,
5.32,,0.83,6.154,,2.46,,8.18,,1541116800,273.0,,2.74,
4.36,,0.9,6.154,,2.1,,5.7,,1541120400,247.0,,2.93,
3.45,,0.94,5.275,,0.67,,6.64,,1541124000,250.0,,2.52,
3.32,,0.9,6.216,,1.6,,4.1,,1541127600,243.0,,1.87,
2.77,,0.9,5.877,,0.35,,5.39,,1541131200,244.0,,1.32,
2.77,,0.9,6.216,,0.02,,6.19,,1541134800,242.0,,1.27,
2.77,,0.89,6.216,,0.22,,5.69,,1541138400,251.0,,1.13,
2.66,,0.88,6.216,,0.13,,5.59,0.19,1541142000,241.0,,0.94,
3.06,,0.88,6.216,,0.4,,6.11,0.19,1541145600,247.0,,1.31,
4.61,,0.87,6.216,,2.69,,5.0,,1541149200,245.0,,2.71,
7.44,,0.74,6.216,,5.33,,7.07,,1541152800,267.0,,3.09,
8.6,,0.7,6.216,,6.77,,6.95,,1541156400,246.0,,3.35,
9.87,,0.65,6.216,,8.12,,7.67,0.38,1541160000,257.0,,3.62,
10.79,,0.6,6.216,,10.79,,9.47,0.19,1541163600,284.0,,3.24,
10.87,,0.6,6.216,,10.87,,8.52,0.19,1541167200,264.0,,3.37,
10.84,,0.57,6.216,,10.84,,7.46,0.19,1541170800,270.0,,2.57,
10.35,,0.57,6.216,,10.35,,5.95,0.19,1541174400,260.0,,2.26,
9.12,,0.63,6.216,,7.77,,5.64,,1541178000,226.0,,2.42,
7.34,,0.69,6.216,,5.76,,5.37,,1541181600,227.0,,2.1,
6.64,,0.71,6.216,,4.95,,5.29,,1541185200,216.0,,1.66,
5.67,,0.75,6.216,,3.96,,4.91,,1541188800,216.0,,1.51,
5.3,,0.76,6.065,,3.66,,4.6,,1541192400,208.0,,1.44,
4.8,,0.79,5.959,,3.13,,4.47,0.75,1541196000,214.0,,1.4,
4.96,,0.8,6.012,,3.23,,4.66,0.75,1541199600,179.0,,1.71,
5.73,,0.78,6.092,,4.38,,4.11,0.75,1541203200,208.0,,2.27,
6.51,,0.74,6.092,,5.15,,4.42,1.0,1541206800,205.0,,2.27,
6.1,,0.75,6.061,,4.74,,4.27,0.75,1541210400,193.0,,1.95,
5.78,,0.78,6.061,,4.4,,4.2,,1541214000,162.0,,2.32,
5.77,,0.79,6.216,,3.9,,5.36,0.44,1541217600,166.0,,2.45,
5.99,,0.78,6.216,,4.27,,5.08,,1541221200,178.0,,2.49,
6.36,,0.78,6.216,,4.38,,5.94,0.44,1541224800,169.0,,2.85,
7.19,,0.8,6.216,,5.2,,6.49,0.75,1541228400,162.0,,3.93,
8.18,,0.8,6.216,,6.23,,7.06,0.65,1541232000,158.0,,4.98,
9.34,,0.78,6.216,,7.59,,7.22,0.66,1541235600,160.0,,5.68,
10.84,,0.75,6.216,,10.84,,9.12,0.7,1541239200,173.0,,6.68,
12.72,,0.71,6.216,,12.72,,12.22,0.33,1541242800,187.0,,7.53,
13.49,,0.65,6.216,,13.49,,14.4,0.5,1541246400,197.0,,7.06,
13.61,,0.61,6.216,,13.61,,15.85,0.57,1541250000,198.0,,6.23,
13.66,,0.58,6.216,,13.66,,15.96,0.38,1541253600,203.0,,5.57,
12.84,,0.6,6.216,,12.84,,15.88,0.33,1541257200,197.0,,5.23,
12.31,,0.61,6.216,,12.31,,11.56,,1541260800,191.0,,5.07,
11.31,,0.67,6.216,,11.31,,10.68,0.19,1541264400,176.0,,5.32,
10.35,,0.7,6.216,,10.35,,9.6,,1541268000,177.0,,5.18,
9.64,,0.7,6.216,,7.61,,8.72,,1541271600,174.0,,4.39,
9.34,,0.71,6.216,,7.64,,6.98,,1541275200,167.0,,4.32,
8.71,,0.73,6.216,,6.83,,7.21,,1541278800,164.0,,4.22,
8.5,,0.74,6.216,,6.54,,7.32,,1541282400,157.0,,4.03,
7.98,,0.77,6.216,,6.11,,6.64,0.19,1541286000,135.0,,4.15,
8.02,,0.78,6.216,,5.98,,7.27,0.44,1541289600,141.0,,4.33,
8.78,,0.73,6.216,,7.02,,6.82,0.75,1541293200,151.0,,4.15,
8.25,,0.8,6.216,,6.08,,7.96,0.64,1541296800,141.0,,4.92,
8.34,,0.77,6.216,,6.39,,7.16,0.6,1541300400,148.0,,4.56,
9.03,,0.78,6.216,,7.23,,7.14,0.86,1541304000,164.0,,5.33,
9.66,,0.77,6.216,,7.78,,8.07,0.79,1541307600,177.0,,5.88,
9.26,,0.79,6.216,,7.96,,5.54,0.78,1541311200,183.0,,5.88,
9.25,,0.8,6.216,,8.11,,5.03,0.86,1541314800,162.0,,5.96,
9.3,,0.79,6.216,,7.28,,8.29,0.69,1541318400,136.0,,5.83,
10.26,,0.75,6.216,,10.26,,6.6,0.75,1541322000,155.0,,6.11,
11.26,,0.74,6.216,,11.26,,8.22,0.8,1541325600,150.0,,6.83,
12.81,,0.69,6.216,,12.81,,8.87,0.5,1541332800,172.0,,7.32,
12.8,,0.67,6.216,,12.8,,9.04,0.65,1541336400,160.0,,6.76,
13.45,,0.67,6.216,,13.45,,9.05,0.45,1541340000,159.0,,7.36,
12.65,,0.71,6.216,,12.65,,8.47,0.38,1541343600,145.0,,7.58,
12.31,,0.74,,,12.31,,,,1541347200,,,7.83,
11.34,,0.79,6.216,,11.34,,7.25,0.45,1541350800,124.0,,7.83,
10.29,,0.84,6.135,,10.29,,8.18,0.3,1541354400,117.0,,7.63,
9.74,,0.88,4.833,,7.93,,7.77,0.44,1541358000,109.0,,7.78,
9.81,,0.89,3.941,,8.46,,6.07,0.51,1541361600,118.0,,8.02,
9.93,,0.91,3.77,,8.3,,7.22,0.92,1541365200,108.0,,8.48,
10.4,,0.84,4.294,,10.4,,7.92,0.89,1541368800,91.0,,7.86,
9.26,,0.91,3.73,,7.4,,7.57,0.65,1541372400,95.0,,7.87,
9.45,,0.89,3.281,,7.92,,6.48,0.21,1541376000,85.0,,7.69,
9.08,,0.93,2.643,,7.58,,6.1,0.23,1541379600,79.0,,8.05,
8.73,,0.95,2.118,,7.49,,5.07,0.86,1541383200,53.0,,7.92,
8.4,,0.96,2.161,,7.23,,4.74,0.58,1541386800,54.0,,7.73,
8.41,,0.94,1.927,,6.51,,7.04,0.72,1541390400,83.0,,7.46,
8.26,,0.95,2.064,,6.1,,7.95,0.28,1541394000,94.0,,7.44,
8.18,,0.94,1.702,,6.19,,7.19,0.58,1541397600,79.0,,7.22,
8.6,,0.98,1.903,,7.17,,5.56,0.71,1541401200,72.0,,8.22,
9.55,,0.94,2.55,,7.87,,7.11,0.59,1541404800,87.0,,8.6,
10.24,,0.94,2.789,,10.24,,6.87,0.48,1541408400,94.0,,9.25,
11.88,,0.88,3.343,,11.88,,6.67,0.51,1541412000,99.0,,10.0,
13.04,,0.87,4.657,,13.04,,6.29,0.75,1541415600,92.0,,10.86,
13.39,,0.85,5.173,,13.39,,6.63,0.64,1541419200,83.0,,10.89,
13.96,,0.83,5.293,,13.96,,8.45,0.75,1541422800,97.0,,11.04,
14.62,,0.79,6.02,,14.62,,8.1,0.75,1541426400,96.0,,11.08,
15.09,,0.77,6.196,,15.09,,8.75,,1541430000,88.0,,11.08,
14.0,,0.81,5.588,,14.0,,8.45,,1541433600,96.0,,10.74,
13.43,,0.85,4.984,,13.43,,7.78,0.49,1541437200,99.0,,10.9,
12.99,,0.87,4.127,,12.99,,7.77,0.7,1541440800,99.0,,10.83,
12.61,,0.88,4.03,,12.61,,6.82,0.79,1541444400,99.0,,10.63,
12.28,,0.9,3.298,,12.28,,5.66,0.62,1541448000,97.0,,10.67,
12.04,,0.91,2.213,,12.04,,4.65,0.71,1541451600,80.0,,10.55,
11.45,,0.96,1.977,,11.45,,4.51,0.58,1541455200,100.0,,10.81,
12.13,,0.91,2.204,,12.13,,5.42,0.75,1541458800,95.0,,10.68,
11.38,,0.92,1.644,,11.38,,4.49,0.36,1541462400,86.0,,10.19,
11.38,,0.9,2.338,,11.38,,6.1,0.29,1541466000,132.0,,9.83,
10.78,,0.95,2.151,,10.78,,4.9,0.75,1541469600,61.0,,10.0,
10.31,,0.96,2.547,,10.31,,5.56,0.19,1541473200,84.0,,9.64,
10.73,,0.95,1.486,,10.73,,4.74,0.69,1541476800,87.0,,9.96,
10.21,,0.96,1.942,,10.21,,5.94,0.67,1541480400,105.0,,9.54,
9.99,,0.95,1.973,,8.98,,5.07,0.26,1541484000,96.0,,9.22,
10.5,,0.98,2.326,,10.5,,6.33,0.32,1541487600,105.0,,10.15,
11.14,,0.95,3.559,,11.14,,5.79,0.54,1541491200,144.0,,10.41,
12.15,,0.94,3.881,,12.15,,6.09,0.63,1541494800,149.0,,11.19,
13.22,,0.92,4.971,,13.22,,7.72,0.68,1541498400,147.0,,11.93,
13.72,,0.89,5.568,,13.72,,9.07,0.68,1541502000,145.0,,11.97,
14.65,,0.84,6.103,,14.65,,11.01,0.77,1541505600,157.0,,12.0,
15.33,,0.81,6.216,,15.33,,9.01,0.75,1541509200,155.0,,12.03,
15.71,,0.79,6.216,,15.71,,10.94,0.46,1541512800,145.0,,12.05,
15.52,,0.8,6.216,,15.52,,9.88,0.88,1541516400,151.0,,12.0,
14.85,,0.78,6.216,,14.85,,10.62,0.64,1541523600,153.0,,11.07,
14.68,,0.8,6.216,,14.68,,12.55,0.95,1541527200,163.0,,11.2,
14.52,,0.83,6.216,,14.52,,12.88,0.8,1541530800,168.0,,11.67,
14.49,,0.8,6.216,,14.49,,12.84,0.77,1541534400,167.0,,10.99,
14.2,,0.79,6.216,,14.2,,13.88,0.8,1541538000,160.0,,10.58,
13.64,,0.8,6.216,,13.64,,13.09,0.65,1541541600,169.0,,10.35,
13.83,,0.78,6.216,,13.83,,14.52,0.84,1541545200,163.0,,10.07,
13.82,,0.78,6.216,,13.82,,14.38,0.94,1541548800,159.0,,9.99,
13.56,,0.78,6.216,,13.56,,11.61,0.94,1541552400,151.0,,9.77,
13.51,,0.76,6.154,,13.51,,13.74,0.99,1541556000,157.0,,9.27,
12.63,,0.81,6.092,,12.63,,13.3,0.94,1541559600,146.0,,9.37,
12.44,,0.82,5.297,,12.44,,14.62,0.94,1541563200,147.0,,9.42,
11.63,,0.9,5.363,,11.63,,12.76,0.71,1541566800,139.0,,10.01,
11.6,,0.92,5.366,,11.6,,13.67,0.71,1541570400,136.0,,10.33,
11.94,,0.93,5.159,,11.94,,13.33,0.77,1541574000,154.0,,10.79,
12.49,,0.9,5.622,,12.49,,15.22,0.77,1541577600,159.0,,10.83,
12.61,,0.89,6.216,,12.61,,15.78,0.62,1541581200,157.0,,10.86,
13.49,,0.84,6.216,,13.49,,15.84,0.76,1541584800,156.0,,10.86,
13.8,,0.78,6.189,,13.8,,17.23,0.77,1541588400,161.0,,10.07,
13.99,,0.79,6.216,,13.99,,20.4,0.61,1541592000,160.0,,10.35,
13.38,,0.83,5.672,,13.38,,17.62,0.77,1541595600,167.0,,10.51,
13.26,,0.81,6.216,,13.26,,17.71,0.72,1541599200,185.0,,10.07,
13.22,,0.81,6.171,,13.22,,17.1,0.68,1541602800,196.0,,10.04,
12.52,,0.84,6.135,,12.52,,14.99,0.7,1541606400,199.0,,9.86,
11.58,,0.88,6.216,,11.58,,12.87,0.62,1541610000,198.0,,9.65,
12.03,,0.85,6.216,,12.03,,9.86,0.58,1541613600,195.0,,9.55,
11.52,,0.88,6.109,,11.52,,10.39,0.38,1541617200,200.0,,9.52,
10.99,,0.87,6.216,,10.99,,8.18,0.32,1541620800,189.0,,8.91,
11.33,,0.85,6.216,,11.33,,10.3,0.75,1541624400,201.0,,8.97,
11.01,,0.84,6.216,,11.01,,13.52,0.8,1541628000,235.0,,8.47,
9.41,,0.8,6.216,,6.23,,15.31,0.71,1541631600,248.0,,6.18,
8.36,,0.83,6.216,,5.78,,9.95,0.22,1541635200,238.0,,5.59,
7.88,,0.82,6.216,,5.35,,9.13,,1541638800,226.0,,4.92,
7.7,,0.81,6.216,,5.55,,7.44,,1541642400,229.0,,4.6,
6.74,,0.86,6.184,,5.32,,4.64,,1541646000,211.0,,4.6,
6.79,,0.86,6.216,,4.86,,6.05,,1541649600,171.0,,4.6,
7.19,,0.83,6.216,,5.41,,5.83,0.19,1541653200,170.0,,4.47,
8.08,,0.81,6.216,,5.91,,7.83,0.19,1541656800,167.0,,5.02,
8.74,,0.82,6.216,,6.46,,8.93,0.44,1541660400,170.0,,5.76,
9.43,,0.81,6.216,,7.37,,8.62,,1541664000,162.0,,6.29,
10.77,,0.79,6.216,,10.77,,9.73,,1541667600,165.0,,7.29,
12.69,,0.73,6.216,,12.69,,11.33,0.29,1541671200,174.0,,8.02,
13.64,,0.69,6.216,,13.64,,14.88,0.27,1541674800,189.0,,8.05,
13.83,,0.64,6.216,,13.83,,15.42,0.38,1541678400,183.0,,7.21,
14.31,,0.59,6.216,,14.31,,13.39,0.28,1541682000,187.0,,6.36,
13.99,,0.57,6.216,,13.99,,12.68,0.29,1541685600,183.0,,5.49,
13.64,,0.57,6.216,,13.64,,10.54,0.35,1541689200,171.0,,5.2,
12.31,,0.61,6.216,,12.31,,11.05,0.3,1541692800,156.0,,5.04,
11.31,,0.69,6.216,,11.31,,10.13,0.44,1541696400,144.0,,5.79,
10.17,,0.75,6.216,,10.17,,9.87,0.44,1541700000,133.0,,5.87,
9.35,,0.78,6.216,,6.79,,11.1,,1541703600,133.0,,5.79,
9.35,,0.82,6.216,,6.75,,11.34,,1541707200,135.0,,6.45,
8.99,,0.84,6.216,,6.37,,10.94,,1541710800,133.0,,6.48,
8.81,,0.87,6.216,,6.33,,9.99,0.19,1541714400,137.0,,6.79,
8.65,,0.87,6.216,,6.5,,8.29,,1541718000,127.0,,6.63,
8.25,,0.9,6.085,,5.99,,8.34,0.19,1541721600,121.0,,6.64,
8.15,,0.91,6.014,,6.51,,5.98,,1541725200,98.0,,6.82,
7.97,,0.93,5.75,,5.88,,7.43,0.33,1541728800,78.0,,6.87,
7.46,,0.95,5.653,,5.09,,8.05,0.42,1541732400,87.0,,6.68,
7.49,,0.93,5.604,,5.16,,7.97,0.5,1541736000,87.0,,6.5,
6.72,,0.94,5.097,,4.76,,6.12,0.45,1541739600,108.0,,5.77,
7.64,,0.95,5.493,,5.85,,6.14,0.75,1541743200,104.0,,6.86,
8.15,,0.94,5.689,,6.03,,7.68,0.68,1541746800,111.0,,7.3,
8.53,,0.93,5.558,,6.46,,7.82,0.49,1541750400,109.0,,7.38,
10.71,,0.89,6.089,,10.71,,7.57,0.53,1541754000,137.0,,8.95,
11.9,,0.83,6.193,,11.9,,10.34,0.62,1541757600,140.0,,9.17,
12.54,,0.84,6.216,,12.54,,11.59,0.79,1541761200,143.0,,9.93,
12.77,,0.82,6.162,,12.77,,13.3,0.92,1541764800,149.0,,9.86,
12.6,,0.84,6.216,,12.6,,13.52,0.84,1541768400,192.0,,9.99,
13.73,,0.7,6.216,,13.73,,13.88,0.65,1541772000,200.0,,8.33,
13.27,,0.65,6.216,,13.27,,13.45,0.68,1541775600,192.0,,6.87,
12.35,,0.7,6.216,,12.35,,13.25,0.45,1541779200,170.0,,6.96,
10.46,,0.74,6.216,,10.46,,13.63,0.41,1541782800,162.0,,6.03,
11.84,,0.71,6.216,,11.84,,16.4,0.42,1541786400,152.0,,6.7,
12.53,,0.68,6.216,,12.53,,17.64,0.71,1541790000,155.0,,6.69,
11.52,,0.81,6.017,,11.52,,19.65,0.49,1541793600,157.0,,8.43,
11.52,,0.84,5.915,,11.52,,17.69,0.88,1541797200,171.0,,8.97,
10.85,,0.89,5.158,,10.85,,17.25,0.8,1541800800,171.0,,9.17,
11.55,,0.9,5.131,,11.55,,14.76,0.82,1541804400,171.0,,9.92,
11.55,,0.9,4.421,,11.55,,13.38,0.82,1541808000,171.0,,10.01,
11.74,,0.95,5.369,,11.74,,11.09,1.0,1541811600,181.0,,10.92,
12.56,,0.9,6.035,,12.56,,12.38,0.78,1541815200,202.0,,10.92,
12.33,,0.91,5.977,,12.33,,10.43,0.75,1541818800,217.0,,10.95,
11.54,,0.9,6.021,,11.54,,9.96,0.73,1541822400,211.0,,9.9,
10.27,,0.92,6.216,,10.27,,7.04,0.38,1541826000,228.0,,9.09,
9.63,,0.93,6.154,,8.08,,6.67,0.54,1541829600,225.0,,8.6,
9.59,,0.94,6.066,,7.98,,6.85,0.38,1541833200,191.0,,8.6,
10.1,,0.92,5.906,,10.1,,5.55,0.4,1541836800,178.0,,8.78,
10.87,,0.89,6.052,,10.87,,5.96,0.34,1541840400,171.0,,9.2,
12.1,,0.87,6.193,,12.1,,5.84,0.19,1541844000,178.0,,10.01,
13.0,,0.87,6.173,,13.0,,8.53,,1541847600,191.0,,10.87,
13.83,,0.81,6.216,,13.83,,10.63,0.5,1541851200,179.0,,10.68,
14.15,,0.76,6.216,,14.15,,10.96,0.66,1541854800,185.0,,9.89,
14.19,,0.72,6.216,,14.19,,14.0,0.51,1541858400,195.0,,9.2,
12.61,,0.79,6.216,,12.61,,11.07,0.55,1541862000,199.0,,9.01,
12.01,,0.82,6.138,,12.01,,8.81,0.71,1541865600,206.0,,9.01,
10.89,,0.88,4.432,,10.89,,10.09,0.84,1541869200,212.0,,9.01,
10.19,,0.91,3.652,,10.19,,7.65,0.81,1541872800,231.0,,8.8,
10.01,,0.92,4.45,,10.01,,6.48,0.72,1541876400,161.0,,8.8,
10.01,,0.92,5.824,,10.01,,8.34,0.64,1541880000,156.0,,8.8,
10.49,,0.9,6.064,,10.49,,6.29,0.71,1541883600,160.0,,8.88,
10.55,,0.9,5.018,,10.55,,5.66,0.74,1541887200,165.0,,8.97,
10.55,,0.93,5.599,,10.55,,5.98,0.71,1541890800,161.0,,9.51,
10.55,,0.94,5.416,,10.55,,6.39,0.8,1541894400,178.0,,9.55,
10.55,,0.9,5.134,,10.55,,7.59,0.8,1541898000,191.0,,9.0,
9.63,,0.9,6.216,,8.2,,6.23,0.55,1541901600,171.0,,8.13,
9.28,,0.91,6.216,,8.11,,5.16,0.78,1541905200,175.0,,7.91,
9.1,,0.91,5.552,,7.73,,5.7,0.69,1541908800,153.0,,7.74,
10.52,,0.91,5.653,,10.52,,7.23,0.43,1541916000,176.0,,9.15,
10.56,,0.9,4.469,,10.56,,8.73,0.8,1541919600,198.0,,8.97,
11.14,,0.86,6.216,,11.14,,12.37,0.49,1541923200,205.0,,8.85,
11.56,,0.8,6.216,,11.56,,13.19,0.48,1541926800,221.0,,8.19,
11.72,,0.78,6.216,,11.72,,14.12,0.23,1541930400,216.0,,7.93,
12.68,,0.73,6.216,,12.68,,14.53,0.47,1541934000,221.0,,7.89,
12.84,,0.71,6.216,,12.84,,13.41,0.56,1541937600,225.0,,7.7,
13.63,,0.62,6.216,,13.63,,16.41,0.47,1541941200,229.0,,6.57,
13.13,,0.66,6.216,,13.13,,14.23,0.54,1541944800,232.0,,6.97,
13.31,,0.66,6.216,,13.31,,12.87,0.51,1541948400,224.0,,7.0,
12.31,,0.71,6.216,,12.31,,9.76,0.2,1541952000,216.0,,7.19,
11.35,,0.75,6.216,,11.35,,8.55,0.19,1541955600,207.0,,7.15,
11.04,,0.76,6.216,,11.04,,8.15,0.19,1541959200,199.0,,7.01,
10.38,,0.78,6.216,,10.38,,8.51,0.19,1541962800,195.0,,6.7,
10.1,,0.8,6.216,,10.1,,6.88,0.19,1541966400,195.0,,6.77,
9.91,,0.81,6.216,,8.22,,7.47,0.19,1541970000,167.0,,6.82,
9.96,,0.85,6.216,,8.53,,6.44,0.44,1541973600,165.0,,7.63,
10.2,,0.86,6.216,,10.2,,6.62,0.88,1541977200,163.0,,7.92,
10.47,,0.84,6.216,,10.47,,6.97,0.81,1541980800,172.0,,7.92,
10.47,,0.85,6.216,,10.47,,7.9,0.48,1541984400,175.0,,8.02,
10.55,,0.88,6.216,,10.55,,6.03,0.35,1541988000,172.0,,8.6,
10.52,,0.88,6.216,,10.52,,4.61,0.5,1541991600,161.0,,8.65,
10.28,,0.9,6.216,,10.28,,5.95,0.59,1541995200,152.0,,8.65,
11.15,,0.9,6.154,,11.15,,6.65,0.86,1542002400,172.0,,9.56,
11.3,,0.9,6.216,,11.3,,7.29,0.65,1542006000,173.0,,9.67,
11.45,,0.9,6.193,,11.45,,7.59,0.67,1542009600,175.0,,9.83,
11.85,,0.88,6.216,,11.85,,6.92,0.36,1542013200,177.0,,9.97,
11.08,,0.83,6.216,,11.08,,8.26,0.6,1542016800,220.0,,8.27,
12.41,,0.8,6.216,,12.41,,8.38,0.31,1542020400,184.0,,9.09,
13.99,,0.73,6.216,,13.99,,11.06,0.33,1542024000,205.0,,9.29,
14.35,,0.73,6.216,,14.35,,13.21,0.52,1542027600,196.0,,9.65,
13.42,,0.72,6.216,,13.42,,15.07,0.54,1542031200,223.0,,8.42,
12.4,,0.75,6.216,,12.4,,11.67,0.57,1542034800,210.0,,8.0,
12.09,,0.77,6.216,,12.09,,10.44,0.37,1542038400,208.0,,8.2,
11.94,,0.8,6.216,,11.94,,13.28,0.37,1542042000,203.0,,8.67,
11.67,,0.79,6.216,,11.67,,10.89,0.24,1542045600,202.0,,8.19,
11.44,,0.82,6.162,,11.44,,11.22,0.3,1542049200,201.0,,8.44,
11.42,,0.8,6.216,,11.42,,9.34,0.28,1542052800,192.0,,8.15,
10.96,,0.85,6.216,,10.96,,9.05,0.22,1542056400,197.0,,8.45,
10.96,,0.82,6.216,,10.96,,11.19,0.29,1542060000,195.0,,8.01,
10.49,,0.87,6.216,,10.49,,8.46,0.25,1542063600,193.0,,8.41,
10.51,,0.82,6.216,,10.51,,9.56,0.22,1542067200,210.0,,7.6,
10.33,,0.81,6.216,,10.33,,8.61,0.2,1542070800,219.0,,7.24,
10.15,,0.79,6.216,,10.15,,8.88,0.23,1542074400,215.0,,6.65,
9.6,,0.83,6.216,,7.94,,7.09,0.19,1542078000,225.0,,6.92,
9.37,,0.84,6.216,,7.23,,8.95,,1542081600,223.0,,6.74,
9.15,,0.84,6.216,,6.76,,9.95,,1542085200,224.0,,6.55,
8.96,,0.85,6.216,,6.81,,8.58,,1542088800,223.0,,6.6,
8.98,,0.84,6.216,,6.49,,10.22,0.19,1542092400,232.0,,6.48,
9.1,,0.85,6.216,,6.56,,10.67,,1542096000,234.0,,6.79,
10.42,,0.8,6.216,,10.42,,11.96,0.19,1542099600,244.0,,7.04,
11.49,,0.77,6.216,,11.49,,12.48,0.19,1542103200,239.0,,7.68,
12.65,,0.73,6.216,,12.65,,12.96,0.19,1542106800,243.0,,7.97,
13.45,,0.68,6.216,,13.45,,14.13,0.19,1542110400,252.0,,7.71,
13.52,,0.65,6.216,,13.52,,12.48,0.55,1542114000,238.0,,7.12,
13.66,,0.64,6.216,,13.66,,11.21,0.44,1542117600,239.0,,6.99,
13.64,,0.61,6.216,,13.64,,8.95,0.35,1542121200,230.0,,6.35,
12.42,,0.68,6.216,,12.42,,7.7,0.19,1542124800,217.0,,6.7,
11.9,,0.7,6.216,,11.9,,7.99,0.75,1542128400,200.0,,6.7,
11.38,,0.78,6.216,,11.38,,7.68,,1542132000,202.0,,7.75,
11.42,,0.79,6.216,,11.42,,7.73,0.33,1542135600,211.0,,7.91,
11.16,,0.83,6.216,,11.16,,8.03,0.19,1542139200,202.0,,8.45,
10.59,,0.87,6.216,,10.59,,6.12,,1542142800,209.0,,8.45,
10.38,,0.88,6.216,,10.38,,6.75,,1542146400,187.0,,8.49,
10.33,,0.88,6.216,,10.33,,5.99,0.56,1542150000,181.0,,8.49,
10.38,,0.89,6.216,,10.38,,5.47,0.64,1542153600,160.0,,8.6,
11.12,,0.86,5.532,,11.12,,7.52,0.69,1542157200,180.0,,8.92,
11.2,,0.86,5.187,,11.2,,8.42,0.69,1542160800,185.0,,8.97,
11.15,,0.86,4.848,,11.15,,7.71,0.44,1542164400,183.0,,8.97,
11.38,,0.85,4.264,,11.38,,7.21,0.52,1542168000,183.0,,9.02,
11.19,,0.86,4.505,,11.19,,9.31,0.44,1542171600,197.0,,8.97,
11.41,,0.82,4.505,,11.41,,8.47,0.67,1542175200,196.0,,8.45,
11.36,,0.82,6.216,,11.36,,10.4,0.75,1542178800,198.0,,8.36,
11.17,,0.86,6.216,,11.17,,10.37,0.47,1542182400,199.0,,8.94,
12.01,,0.82,6.216,,12.01,,10.54,0.62,1542186000,196.0,,8.97,
13.15,,0.76,6.216,,13.15,,12.74,0.8,1542189600,195.0,,9.0,
14.15,,0.68,6.216,,14.15,,13.78,0.65,1542193200,196.0,,8.23,
14.34,,0.66,6.216,,14.34,,10.77,0.42,1542196800,201.0,,8.08,
14.34,,0.63,6.216,,14.34,,9.79,0.45,1542200400,199.0,,7.41,
14.65,,0.61,6.216,,14.65,,9.57,0.63,1542204000,195.0,,7.27,
14.35,,0.6,6.216,,14.35,,8.96,,1542207600,176.0,,6.71,
13.46,,0.69,6.216,,13.46,,6.63,,1542211200,154.0,,7.83,
11.47,,0.78,6.216,,11.47,,5.35,,1542214800,135.0,,7.71,
11.25,,0.84,6.216,,11.25,,7.22,0.19,1542218400,146.0,,8.62,
10.58,,0.88,6.216,,10.58,,5.93,0.68,1542222000,132.0,,8.62,
10.8,,0.88,6.097,,10.8,,6.57,0.72,1542225600,121.0,,8.83,
10.55,,0.93,4.766,,10.55,,5.34,0.43,1542229200,113.0,,9.41,
10.32,,0.93,3.258,,10.32,,5.52,0.5,1542232800,130.0,,9.17,
10.4,,0.94,2.488,,10.4,,4.9,0.57,1542236400,140.0,,9.55,
10.37,,0.99,2.701,,10.37,,4.47,0.99,1542240000,88.0,,10.24,
10.87,,0.99,2.812,,10.87,,5.35,0.93,1542243600,109.0,,10.79,
11.69,,0.95,2.994,,11.69,,6.08,0.97,1542247200,118.0,,10.97,
11.83,,0.95,3.049,,11.83,,4.57,0.97,1542250800,135.0,,11.01,
11.97,,0.97,3.141,,11.97,,4.3,0.94,1542254400,131.0,,11.51,
11.77,,0.94,2.749,,11.77,,3.57,0.94,1542258000,98.0,,10.91,
11.95,,0.94,3.232,,11.95,,4.15,0.98,1542261600,100.0,,10.95,
11.97,,0.94,3.554,,11.97,,5.17,0.75,1542265200,112.0,,10.96,
12.49,,0.9,4.022,,12.49,,4.75,0.8,1542268800,138.0,,10.86,
13.29,,0.88,5.074,,13.29,,5.41,0.77,1542272400,141.0,,11.28,
13.64,,0.88,,,13.64,,,,1542276000,,,11.65,
13.83,,0.88,4.434,,13.83,,6.75,0.92,1542279600,139.0,,11.8,
14.02,,0.9,3.543,,14.02,,6.31,0.95,1542283200,146.0,,12.48,
14.49,,0.85,5.094,,14.49,,7.52,0.95,1542286800,159.0,,12.04,
14.65,,0.89,5.153,,14.65,,5.82,0.95,1542290400,139.0,,12.8,
14.65,,0.85,5.146,,14.65,,6.89,0.89,1542294000,139.0,,12.12,
14.26,,0.85,5.185,,14.26,,7.24,0.85,1542297600,139.0,,11.86,
13.03,,0.92,4.033,,13.03,,7.25,0.89,1542301200,128.0,,11.82,
12.39,,0.92,3.182,,12.39,,7.63,0.89,1542304800,142.0,,11.05,
12.02,,0.93,2.797,,12.02,,7.98,0.93,1542308400,141.0,,10.89,
11.36,,0.94,2.248,,11.36,,9.89,1.0,1542312000,131.0,,10.35,
11.32,,0.94,2.097,,11.32,,8.46,1.0,1542315600,135.0,,10.35,
11.1,,0.95,1.806,,11.1,,6.86,1.0,1542319200,144.0,,10.28,
10.98,,0.99,1.552,,10.98,,5.78,0.99,1542322800,153.0,,10.76,
10.96,,0.99,1.937,,10.96,,5.68,0.99,1542326400,158.0,,10.88,
11.52,,0.96,1.892,,11.52,,4.63,0.99,1542330000,158.0,,10.88,
11.0,,0.99,1.578,,11.0,,4.52,0.99,1542333600,140.0,,10.92,
11.0,,0.99,2.097,,11.0,,5.3,1.0,1542337200,125.0,,10.78,
11.0,,0.96,1.988,,11.0,,5.7,1.0,1542340800,119.0,,10.37,
10.96,,0.96,1.874,,10.96,,6.41,0.95,1542344400,121.0,,10.33,
10.91,,0.96,1.202,,10.91,,6.45,0.99,1542348000,107.0,,10.28,
10.32,,0.98,1.304,,10.32,,6.13,0.95,1542351600,107.0,,9.98,
10.32,,0.98,1.203,,10.32,,6.93,0.95,1542355200,103.0,,9.98,
10.32,,0.98,1.653,,10.32,,5.41,0.92,1542358800,99.0,,9.98,
10.32,,0.97,2.367,,10.32,,5.69,0.96,1542362400,82.0,,9.83,
10.32,,0.97,2.211,,10.32,,5.36,0.93,1542366000,114.0,,9.83,
10.32,,0.97,3.121,,10.32,,6.68,0.96,1542369600,98.0,,9.83,
10.05,,0.98,3.967,,10.05,,8.24,1.0,1542373200,97.0,,9.67,
10.01,,0.97,2.705,,10.01,,7.2,0.97,1542376800,91.0,,9.52,
10.01,,0.94,2.225,,10.01,,8.02,0.97,1542380400,94.0,,9.05,
10.01,,0.97,1.972,,10.01,,7.74,0.97,1542384000,90.0,,9.52,
9.83,,0.94,1.346,,8.03,,7.86,1.0,1542387600,86.0,,8.86,
9.72,,0.95,1.469,,7.64,,9.01,0.97,1542391200,92.0,,8.91,
9.05,,0.99,1.495,,6.89,,8.72,0.85,1542394800,96.0,,8.83,
9.09,,0.98,1.319,,6.84,,9.14,0.97,1542398400,90.0,,8.83,
8.98,,0.98,1.624,,6.48,,10.25,0.97,1542402000,99.0,,8.61,
8.84,,0.99,1.538,,6.32,,10.17,0.97,1542405600,85.0,,8.61,
9.31,,0.95,1.101,,7.1,,9.21,0.97,1542409200,91.0,,8.61,
9.5,,0.96,1.633,,7.16,,10.15,0.96,1542412800,93.0,,8.87,
9.5,,0.96,1.874,,7.16,,10.13,0.96,1542416400,94.0,,8.87,
8.96,,0.99,2.116,,6.37,,10.74,1.0,1542420000,89.0,,8.87,
8.96,,0.98,1.798,,6.77,,8.74,0.95,1542423600,82.0,,8.73,
8.91,,0.97,2.054,,6.29,,10.82,0.95,1542427200,77.0,,8.5,
7.96,,0.95,3.825,,4.94,,11.73,0.95,1542430800,89.0,,7.14,
7.82,,0.89,3.273,,4.59,,12.7,0.95,1542434400,89.0,,6.04,
7.63,,0.87,3.698,,4.36,,12.67,0.77,1542438000,99.0,,5.67,
7.38,,0.89,3.087,,4.94,,8.31,0.77,1542441600,95.0,,5.7,
7.61,,0.87,3.105,,4.91,,9.61,0.72,1542445200,92.0,,5.61,
8.63,,0.83,3.964,,6.24,,9.32,0.43,1542448800,88.0,,5.93,
9.28,,0.82,4.509,,6.77,,10.72,0.55,1542452400,90.0,,6.38,
10.79,,0.75,5.915,,10.79,,12.78,0.21,1542456000,81.0,,6.57,
11.52,,0.64,6.193,,11.52,,14.8,0.19,1542459600,79.0,,5.02,
11.18,,0.68,6.216,,11.18,,13.75,0.19,1542463200,79.0,,5.58,
10.66,,0.73,6.216,,10.66,,14.39,0.19,1542466800,76.0,,6.05,
9.62,,0.78,6.044,,6.9,,12.52,0.19,1542470400,73.0,,6.07,
8.77,,0.84,6.216,,6.05,,11.18,,1542474000,71.0,,6.22,
8.2,,0.83,6.169,,5.44,,10.66,,1542477600,73.0,,5.41,
7.68,,0.85,6.098,,5.12,,9.1,,1542481200,69.0,,5.29,
7.85,,0.84,6.079,,5.26,,9.4,,1542484800,64.0,,5.26,
7.84,,0.83,6.019,,5.4,,8.74,,1542488400,72.0,,5.18,
7.84,,0.83,6.015,,5.5,,8.29,,1542492000,71.0,,5.12,
7.84,,0.84,6.045,,5.7,,7.5,,1542495600,71.0,,5.33,
7.44,,0.81,5.888,,5.29,,7.22,,1542499200,61.0,,4.42,
6.89,,0.84,5.916,,4.83,,6.54,,1542502800,66.0,,4.42,
6.26,,0.86,4.854,,4.05,,6.62,,1542506400,61.0,,4.15,
6.3,,0.86,5.676,,3.99,,6.96,,1542510000,71.0,,4.1,
6.2,,0.86,5.769,,3.84,,7.04,,1542513600,66.0,,4.09,
6.1,,0.88,5.876,,3.73,,7.04,,1542517200,65.0,,4.23,
6.1,,0.88,5.727,,3.32,,8.51,1.0,1542520800,61.0,,4.33,
6.11,,0.89,5.525,,3.33,,8.51,0.34,1542524400,62.0,,4.37,
5.95,,0.88,5.661,,3.45,,7.35,0.19,1542528000,58.0,,4.18,
6.83,,0.86,5.724,,4.24,,8.39,0.44,1542531600,53.0,,4.71,
8.55,,0.81,6.05,,5.8,,11.04,,1542535200,70.0,,5.51,
9.64,,0.76,6.148,,6.71,,13.91,0.19,1542538800,70.0,,5.66,
10.52,,0.7,6.216,,10.52,,13.88,0.19,1542542400,77.0,,5.22,
10.87,,0.63,6.216,,10.87,,16.24,,1542546000,74.0,,4.16,
10.87,,0.61,6.216,,10.87,,16.05,,1542549600,74.0,,3.76,
10.62,,0.64,6.216,,10.62,,13.04,,1542553200,60.0,,4.03,
9.76,,0.64,6.216,,7.0,,13.0,,1542556800,62.0,,3.18,
9.21,,0.68,6.216,,6.95,,9.33,,1542560400,56.0,,3.54,
8.25,,0.73,6.216,,5.96,,8.49,,1542564000,53.0,,3.7,
7.36,,0.74,6.216,,5.06,,7.74,,1542567600,48.0,,3.11,
7.28,,0.73,6.216,,4.78,,8.46,,1542571200,52.0,,2.79,
7.22,,0.72,6.216,,4.76,,8.22,,1542574800,52.0,,2.59,
7.2,,0.66,6.216,,4.2,,10.58,,1542578400,50.0,,1.31,
7.36,,0.64,6.216,,4.09,,12.22,,1542582000,51.0,,0.96,
6.62,,0.67,6.216,,3.92,,8.64,0.44,1542585600,53.0,,0.98,
6.01,,0.7,6.216,,2.75,,10.43,0.87,1542589200,48.0,,0.97,
6.18,,0.75,6.216,,3.71,,7.42,0.72,1542592800,56.0,,2.07,
7.51,,0.75,6.189,,4.13,,13.08,0.91,1542596400,68.0,,3.44,
7.56,,0.74,6.189,,3.87,,15.14,0.99,1542600000,68.0,,3.23,
7.56,,0.71,6.216,,4.09,,13.75,0.99,1542607200,68.0,,2.68,
7.76,,0.7,6.216,,4.28,,14.14,0.92,1542610800,70.0,,2.55,
8.2,,0.68,6.216,,4.86,,14.07,0.92,1542614400,69.0,,2.7,
8.27,,0.68,6.216,,5.0,,13.77,0.9,1542618000,67.0,,2.7,
8.35,,0.7,6.216,,4.95,,14.76,0.75,1542621600,60.0,,3.21,
7.6,,0.78,5.989,,3.84,,15.78,0.75,1542625200,63.0,,3.97,
7.9,,0.76,6.216,,4.43,,14.34,0.69,1542628800,69.0,,3.9,
8.22,,0.74,6.216,,5.13,,12.48,0.74,1542632400,61.0,,3.79,
8.33,,0.7,6.216,,5.18,,13.01,0.46,1542636000,59.0,,3.09,
8.37,,0.68,6.216,,5.11,,13.89,0.34,1542639600,50.0,,2.85,
6.99,,0.79,6.162,,3.78,,11.43,0.46,1542643200,52.0,,3.66,
7.24,,0.77,6.109,,4.31,,10.34,0.44,1542646800,50.0,,3.52,
6.27,,0.79,4.577,,2.15,,15.64,0.62,1542650400,59.0,,2.86,
5.65,,0.83,6.058,,1.89,,12.5,0.7,1542654000,50.0,,3.0,
5.52,,0.88,4.045,,1.45,,14.04,0.71,1542657600,66.0,,3.64,
4.97,,0.89,6.216,,1.57,,9.99,0.75,1542661200,59.0,,3.31,
5.27,,0.82,6.216,,1.53,,11.92,0.67,1542664800,61.0,,2.51,
5.19,,0.81,5.915,,1.81,,10.11,0.68,1542668400,52.0,,2.12,
5.51,,0.78,6.216,,1.79,,12.08,0.68,1542672000,53.0,,2.0,
5.51,,0.81,6.216,,2.05,,10.8,0.66,1542675600,52.0,,2.51,
5.51,,0.77,6.193,,2.01,,11.01,0.71,1542679200,58.0,,1.74,
5.51,,0.78,6.216,,1.68,,12.65,0.74,1542682800,58.0,,1.97,
5.51,,0.77,6.184,,2.02,,10.94,0.77,1542686400,56.0,,1.74,
5.56,,0.76,6.128,,1.98,,11.42,0.82,1542690000,58.0,,1.74,
5.01,,0.84,6.041,,1.33,,11.26,0.78,1542693600,56.0,,2.51,
5.31,,0.78,6.044,,1.36,,13.04,0.78,1542697200,53.0,,1.76,
4.83,,0.85,6.216,,0.98,,11.9,0.77,1542700800,52.0,,2.48,
5.49,,0.79,6.216,,2.1,,10.5,0.92,1542704400,53.0,,2.17,
4.83,,0.85,6.129,,1.22,,10.76,0.91,1542708000,51.0,,2.51,
4.83,,0.85,3.938,,0.84,,12.61,0.9,1542711600,54.0,,2.51,
4.54,,0.88,4.956,,0.85,,10.78,0.76,1542715200,58.0,,2.65,
3.92,,0.91,4.855,,-0.13,,11.72,0.92,1542718800,56.0,,2.59,
3.84,,0.91,4.946,,-0.09,,11.07,0.79,1542722400,58.0,,2.47,
3.88,,0.9,5.565,,0.35,,9.48,0.76,1542726000,59.0,,2.33,
3.84,,0.9,5.275,,0.1,,10.28,0.83,1542729600,58.0,,2.33,
3.7,,0.9,4.069,,0.48,,8.19,0.76,1542733200,79.0,,2.29,
4.19,,0.87,4.698,,1.38,,7.16,0.92,1542736800,80.0,,2.29,
4.19,,0.85,3.483,,1.42,,7.03,0.87,1542740400,66.0,,1.81,
3.58,,0.92,3.09,,0.25,,8.46,0.92,1542744000,68.0,,2.33,
2.94,,0.93,2.879,,0.27,,6.08,0.92,1542747600,60.0,,1.86,
2.68,,0.93,2.677,,0.88,,4.08,0.83,1542751200,52.0,,1.72,
2.76,,0.93,2.698,,1.2,,3.67,0.92,1542754800,51.0,,1.72,
2.67,,0.95,2.964,,1.04,,3.77,0.95,1542758400,61.0,,1.95,
2.63,,0.95,3.271,,0.48,,4.74,0.9,1542762000,93.0,,1.91,
2.69,,0.94,3.553,,1.17,,3.59,0.8,1542765600,109.0,,1.87,
2.54,,0.95,3.281,,0.45,,4.58,0.81,1542769200,133.0,,1.87,
2.27,,0.95,2.813,,-0.37,,5.67,0.72,1542772800,110.0,,1.59,
2.22,,0.96,2.289,,-0.84,,6.72,0.7,1542776400,101.0,,1.58,
2.55,,0.95,3.185,,-0.66,,7.33,0.73,1542780000,123.0,,1.77,
2.08,,0.93,4.428,,-0.79,,6.14,0.68,1542783600,120.0,,1.06,
1.96,,0.94,4.641,,-1.25,,7.01,0.39,1542787200,121.0,,1.07,
3.54,,0.89,5.525,,-0.13,,9.65,0.69,1542790800,128.0,,1.9,
4.53,,0.89,6.095,,1.47,,8.25,0.71,1542794400,126.0,,2.95,
6.17,,0.79,6.216,,2.9,,10.68,0.71,1542798000,141.0,,2.83,
7.65,,0.69,6.216,,4.45,,12.29,0.44,1542801600,146.0,,2.29,
7.15,,0.7,6.216,,4.03,,11.2,0.46,1542805200,143.0,,1.99,
6.97,,0.67,6.216,,4.14,,9.54,0.73,1542808800,128.0,,1.25,
6.79,,0.64,6.216,,3.96,,9.4,0.64,1542812400,129.0,,0.55,
5.63,,0.71,6.216,,2.69,,8.69,0.45,1542816000,124.0,,0.71,
5.09,,0.77,6.216,,2.16,,8.25,0.56,1542819600,118.0,,1.34,
4.58,,0.78,6.177,,1.7,,7.66,0.29,1542823200,120.0,,1.13,
3.66,,0.81,5.958,,1.25,,5.73,0.34,1542826800,106.0,,0.71,
3.09,,0.87,5.009,,0.72,,5.4,0.55,1542830400,105.0,,1.11,
2.9,,0.86,4.125,,0.41,,5.62,0.6,1542834000,99.0,,0.85,
3.04,,0.86,3.838,,1.32,,4.04,0.75,1542837600,85.0,,0.93,
1.98,,0.89,3.479,,0.04,,4.11,,1542841200,69.0,,0.43,
1.95,,0.92,2.902,,0.18,,3.81,,1542844800,73.0,,0.79,
0.98,,0.93,2.738,,-0.44,,3.08,,1542848400,28.0,,0.03,
0.79,,0.94,2.756,,0.79,,2.79,,1542852000,22.0,,-0.02,
0.09,,0.94,2.493,,0.09,,2.63,,1542855600,9.0,,-0.75,
0.42,,0.89,2.992,,-1.05,,3.05,,1542859200,11.0,,-1.16,
-0.05,,0.93,2.453,,-0.05,,2.33,0.44,1542862800,1.0,,-1.07,
-0.44,,0.94,2.499,,-0.44,,2.89,0.24,1542866400,340.0,,-1.24,
-0.1,,0.92,3.208,,-2.0,,3.54,0.79,1542870000,331.0,,-1.23,
0.52,,0.93,3.102,,0.52,,2.95,0.83,1542873600,10.0,,-0.48,
1.65,,0.9,3.19,,0.13,,3.34,0.83,1542877200,347.0,,0.21,
2.45,,0.9,2.665,,1.08,,3.3,0.87,1542880800,16.0,,0.98,
3.74,,0.89,2.432,,2.29,,3.74,0.89,1542884400,51.0,,2.11,
4.43,,0.91,2.163,,2.45,,5.05,0.89,1542888000,85.0,,3.15,
5.2,,0.88,2.072,,4.17,,3.36,0.89,1542891600,70.0,,3.41,
5.29,,0.9,2.146,,4.04,,3.78,0.92,1542895200,61.0,,3.83,
5.76,,0.87,2.203,,4.03,,5.01,0.78,1542898800,66.0,,3.79,
5.5,,0.88,2.119,,3.69,,5.09,0.86,1542902400,58.0,,3.65,
5.4,,0.92,2.222,,3.51,,5.25,0.96,1542906000,62.0,,4.27,
5.39,,0.92,2.104,,3.46,,5.36,0.97,1542909600,83.0,,4.12,
5.13,,0.89,1.954,,3.23,,5.13,0.76,1542913200,95.0,,3.38,
5.13,,0.88,2.7,,3.21,,5.19,0.76,1542916800,75.0,,3.35,
4.93,,0.89,2.649,,2.77,,5.71,0.82,1542920400,76.0,,3.27,
4.52,,0.91,2.692,,2.53,,5.12,0.84,1542924000,87.0,,3.19,
4.27,,0.89,2.436,,2.73,,4.06,0.73,1542927600,64.0,,2.64,
4.84,,0.88,2.838,,2.98,,4.92,0.93,1542931200,80.0,,2.96,
4.8,,0.91,2.496,,2.89,,5.04,0.94,1542934800,73.0,,3.53,
4.88,,0.91,2.206,,3.05,,4.87,0.99,1542938400,76.0,,3.61,
4.88,,0.96,1.414,,3.3,,4.32,0.94,1542942000,87.0,,4.29,
5.51,,0.94,1.31,,3.59,,5.35,0.95,1542945600,64.0,,4.55,
5.56,,0.94,1.382,,3.54,,5.64,0.99,1542949200,67.0,,4.6,
5.56,,0.96,1.448,,3.48,,5.81,1.0,1542952800,88.0,,4.92,
5.94,,0.95,1.42,,4.34,,4.76,1.0,1542956400,80.0,,5.27,
6.49,,0.94,1.276,,4.61,,5.74,0.99,1542960000,96.0,,5.52,
6.66,,0.93,1.362,,4.79,,5.8,1.0,1542963600,82.0,,5.65,
6.97,,0.96,1.595,,4.66,,7.48,1.0,1542967200,86.0,,6.45,
7.61,,0.94,1.489,,5.51,,7.16,1.0,1542970800,80.0,,6.63,
7.98,,0.91,2.327,,5.83,,7.67,0.99,1542974400,100.0,,6.68,
7.98,,0.93,2.492,,5.77,,7.9,0.95,1542978000,99.0,,6.97,
8.02,,0.92,2.804,,5.83,,7.86,0.95,1542981600,94.0,,6.82,
7.98,,0.9,3.132,,5.38,,9.61,0.95,1542985200,80.0,,6.51,
7.98,,0.9,3.167,,5.58,,8.7,0.95,1542988800,88.0,,6.51,
7.84,,0.91,3.196,,5.6,,7.92,0.95,1542992400,97.0,,6.51,
8.32,,0.88,3.623,,6.1,,8.23,0.95,1542996000,79.0,,6.51,
8.31,,0.88,3.374,,6.34,,7.23,0.79,1542999600,72.0,,6.38,
8.14,,0.89,2.824,,6.45,,6.15,0.73,1543003200,63.0,,6.46,
7.84,,0.93,2.716,,5.95,,6.57,0.8,1543006800,69.0,,6.75,
7.94,,0.92,2.522,,6.21,,6.13,0.97,1543010400,64.0,,6.75,
7.97,,0.92,2.49,,5.69,,8.19,0.97,1543014000,81.0,,6.79,
8.51,,0.9,2.927,,6.79,,6.46,1.0,1543017600,68.0,,6.95,
7.96,,0.93,2.875,,6.35,,5.77,1.0,1543021200,60.0,,6.95,
7.96,,0.93,2.902,,6.42,,5.54,0.95,1543024800,54.0,,6.95,
7.96,,0.93,2.895,,6.15,,6.41,0.79,1543028400,52.0,,6.95,
8.56,,0.9,3.415,,6.19,,9.14,0.94,1543032000,52.0,,6.99,
8.56,,0.89,3.075,,6.15,,9.3,0.94,1543035600,61.0,,6.81,
8.56,,0.9,3.416,,6.5,,7.78,0.86,1543039200,55.0,,7.04,
8.92,,0.88,3.536,,6.78,,8.47,0.95,1543042800,57.0,,7.04,
8.52,,0.93,2.438,,6.17,,9.03,0.95,1543046400,57.0,,7.48,
8.52,,0.93,2.894,,6.05,,9.6,0.95,1543050000,64.0,,7.52,
8.98,,0.91,3.401,,6.66,,9.4,0.92,1543053600,66.0,,7.64,
8.84,,0.88,4.331,,5.98,,12.12,0.65,1543057200,68.0,,7.04,
9.34,,0.82,4.8,,6.48,,12.91,0.89,1543060800,70.0,,6.41,
8.84,,0.83,5.026,,5.61,,14.43,0.93,1543064400,79.0,,6.12,
8.84,,0.83,5.288,,5.8,,13.2,0.92,1543068000,72.0,,6.09,
8.77,,0.82,5.114,,5.98,,11.59,0.93,1543071600,65.0,,5.85,
8.49,,0.81,5.466,,5.45,,12.61,0.92,1543075200,63.0,,5.4,
8.32,,0.8,5.595,,5.79,,9.63,0.92,1543078800,61.0,,5.04,
7.8,,0.83,5.937,,5.0,,10.35,0.92,1543082400,68.0,,5.04,
7.8,,0.82,6.022,,5.02,,10.23,0.92,1543086000,61.0,,4.92,
7.77,,0.85,5.726,,5.5,,7.96,0.92,1543089600,62.0,,5.36,
7.73,,0.81,5.873,,5.25,,8.78,0.94,1543093200,54.0,,4.7,
7.7,,0.81,5.476,,5.11,,9.23,0.95,1543096800,58.0,,4.7,
7.44,,0.78,5.375,,4.85,,8.99,1.0,1543100400,61.0,,3.89,
7.44,,0.78,5.403,,5.14,,7.79,0.95,1543104000,60.0,,3.89,
7.44,,0.83,4.918,,5.04,,8.17,1.0,1543107600,55.0,,4.65,
7.44,,0.83,4.474,,4.9,,8.76,1.0,1543111200,48.0,,4.65,
6.92,,0.82,4.601,,4.52,,7.76,1.0,1543114800,57.0,,4.11,
6.69,,0.84,4.613,,4.0,,8.68,0.92,1543118400,49.0,,4.11,
6.87,,0.86,3.999,,3.87,,10.24,0.95,1543122000,48.0,,4.65,
6.74,,0.87,3.933,,3.81,,9.75,0.95,1543125600,54.0,,4.65,
6.74,,0.87,3.578,,4.08,,8.61,0.93,1543129200,53.0,,4.65,
6.79,,0.87,3.906,,4.0,,9.22,0.91,1543132800,47.0,,4.82,
7.31,,0.83,4.469,,4.34,,10.64,0.9,1543136400,55.0,,4.7,
7.42,,0.83,4.903,,4.54,,10.29,0.85,1543140000,56.0,,4.7,
8.27,,0.78,5.43,,5.27,,12.08,0.76,1543143600,60.0,,4.74,
8.35,,0.78,5.646,,5.18,,13.26,0.85,1543147200,70.0,,4.74,
8.35,,0.78,5.758,,5.12,,13.61,0.75,1543150800,74.0,,4.7,
8.38,,0.75,6.162,,5.32,,12.65,0.74,1543154400,64.0,,4.23,
8.31,,0.75,6.216,,5.59,,10.55,0.76,1543158000,58.0,,4.05,
7.8,,0.75,6.216,,5.28,,9.02,0.9,1543161600,55.0,,3.57,
7.64,,0.76,6.216,,5.41,,7.7,0.9,1543165200,52.0,,3.71,
7.29,,0.79,6.216,,5.58,,5.69,0.86,1543168800,37.0,,3.86,
7.18,,0.8,6.216,,5.51,,5.5,0.85,1543172400,43.0,,3.91,
6.51,,0.84,6.177,,4.39,,6.49,0.78,1543176000,42.0,,3.94,
6.14,,0.85,6.196,,3.89,,6.66,0.79,1543179600,42.0,,3.85,
5.45,,0.84,6.132,,3.29,,5.98,0.86,1543183200,26.0,,2.95,
5.64,,0.87,6.031,,2.96,,7.76,0.91,1543186800,25.0,,3.68,
6.19,,0.85,6.049,,4.29,,5.64,0.94,1543190400,21.0,,3.87,
6.55,,0.84,6.102,,4.24,,7.16,0.99,1543194000,20.0,,4.01,
6.55,,0.84,6.216,,4.54,,6.17,0.99,1543197600,16.0,,4.01,
6.55,,0.84,6.216,,4.48,,6.37,0.94,1543201200,16.0,,3.97,
6.55,,0.83,6.216,,4.26,,7.07,0.85,1543204800,12.0,,3.79,
6.51,,0.82,6.216,,4.3,,6.76,0.84,1543208400,8.0,,3.65,
5.96,,0.85,6.216,,3.72,,6.52,0.57,1543212000,2.0,,3.61,
5.81,,0.85,6.216,,3.57,,6.43,0.51,1543215600,352.0,,3.56,
6.26,,0.83,6.216,,4.1,,6.46,0.52,1543219200,350.0,,3.59,
6.49,,0.84,6.216,,4.01,,7.67,0.4,1543222800,355.0,,3.91,
6.65,,0.83,6.216,,4.11,,8.07,0.76,1543226400,346.0,,4.05,
6.84,,0.82,6.216,,4.41,,7.79,0.88,1543230000,3.0,,4.05,
7.49,,0.79,6.216,,5.06,,8.34,0.77,1543233600,354.0,,4.05,
7.81,,0.8,6.216,,5.66,,7.51,0.85,1543237200,0.0,,4.51,
7.88,,0.79,6.216,,5.87,,7.04,0.73,1543240800,358.0,,4.55,
7.81,,0.8,6.216,,5.82,,6.9,0.75,1543244400,346.0,,4.59,
7.61,,0.81,6.216,,5.8,,6.2,0.89,1543248000,355.0,,4.55,
7.45,,0.82,6.216,,5.35,,7.08,0.77,1543251600,337.0,,4.59,
7.33,,0.83,6.216,,5.52,,6.02,0.74,1543255200,322.0,,4.59,
7.18,,0.84,6.177,,5.27,,6.24,0.82,1543258800,338.0,,4.72,
6.71,,0.85,6.193,,4.9,,5.67,0.65,1543262400,336.0,,4.32,
5.74,,0.89,5.952,,3.94,,5.17,0.62,1543266000,327.0,,4.04,
5.83,,0.89,5.563,,4.18,,4.81,0.26,1543269600,326.0,,4.17,
4.71,,0.91,4.946,,2.72,,5.19,0.3,1543273200,294.0,,3.35,
4.57,,0.91,4.199,,2.77,,4.67,0.39,1543276800,304.0,,3.2,
4.97,,0.91,3.995,,3.27,,4.6,0.81,1543280400,323.0,,3.57,
4.52,,0.94,2.949,,2.9,,4.3,0.82,1543284000,286.0,,3.72,
5.04,,0.91,3.4,,3.13,,5.12,0.99,1543287600,289.0,,3.72,
4.52,,0.96,1.901,,2.8,,4.5,0.97,1543291200,357.0,,3.89,
3.93,,0.98,0.634,,2.49,,3.75,1.0,1543294800,246.0,,3.66,
3.93,,0.98,1.053,,3.93,,2.64,1.0,1543298400,126.0,,3.7,
3.55,,0.97,0.315,,1.78,,4.26,1.0,1543302000,140.0,,3.17,
3.44,,0.98,0.161,,0.74,,6.41,1.0,1543305600,112.0,,3.22,
3.45,,0.97,0.269,,0.81,,6.24,1.0,1543309200,133.0,,3.07,
3.77,,0.97,0.991,,1.38,,5.77,1.0,1543312800,141.0,,3.41,
4.44,,0.95,3.26,,1.77,,6.88,0.72,1543316400,133.0,,3.75,
5.78,,0.89,5.643,,2.59,,9.93,0.38,1543320000,117.0,,4.05,
6.53,,0.87,4.73,,3.34,,10.71,0.48,1543323600,128.0,,4.57,
6.99,,0.93,3.344,,3.62,,12.26,0.78,1543327200,120.0,,5.93,
7.76,,0.89,5.692,,4.39,,13.46,0.83,1543330800,138.0,,6.01,
7.95,,0.9,5.694,,4.22,,16.29,0.79,1543334400,135.0,,6.36,
8.61,,0.91,5.228,,5.15,,15.63,0.91,1543338000,136.0,,7.29,
8.99,,0.92,4.624,,5.62,,15.88,0.92,1543341600,138.0,,7.84,
9.77,,0.91,5.323,,6.68,,15.46,0.8,1543345200,149.0,,8.33,
10.5,,0.9,5.985,,10.5,,10.14,0.92,1543348800,175.0,,8.88,
10.5,,0.91,6.216,,10.5,,7.9,0.69,1543352400,179.0,,9.01,
10.31,,0.91,5.862,,10.31,,6.7,0.77,1543356000,195.0,,8.86,
10.18,,0.92,5.551,,10.18,,5.82,0.64,1543359600,201.0,,8.94,
9.55,,0.94,5.445,,8.58,,4.73,0.97,1543363200,205.0,,8.6,
9.46,,0.94,5.447,,8.94,,3.56,0.61,1543366800,151.0,,8.6,
9.6,,0.9,4.776,,8.67,,4.63,0.74,1543370400,189.0,,8.05,
10.38,,0.91,3.128,,10.38,,5.38,0.47,1543374000,167.0,,8.97,
11.12,,0.92,2.587,,11.12,,7.84,0.76,1543377600,173.0,,9.88,
10.59,,0.96,1.637,,10.59,,9.4,0.88,1543381200,162.0,,9.96,
10.96,,0.94,4.591,,10.96,,11.18,0.88,1543384800,156.0,,10.01,
11.71,,0.95,5.287,,11.71,,11.43,0.77,1543388400,164.0,,10.97,
12.64,,0.92,5.208,,12.64,,10.44,0.8,1543392000,184.0,,11.42,
13.46,,0.91,3.939,,13.46,,13.87,0.92,1543395600,203.0,,11.97,
13.49,,0.9,4.489,,13.49,,15.27,0.92,1543399200,198.0,,11.86,
13.52,,0.91,5.363,,13.52,,16.76,0.92,1543402800,199.0,,12.0,
13.52,,0.9,4.032,,13.52,,16.0,0.92,1543406400,193.0,,11.86,
13.52,,0.9,4.24,,13.52,,18.53,0.92,1543410000,200.0,,11.86,
13.52,,0.9,4.521,,13.52,,18.21,0.92,1543413600,197.0,,11.86,
13.52,,0.88,4.695,,13.52,,20.32,0.92,1543417200,198.0,,11.54,
13.49,,0.87,5.398,,13.49,,20.75,0.95,1543420800,200.0,,11.35,
13.6,,0.89,4.292,,13.6,,17.4,0.89,1543424400,208.0,,11.86,
13.05,,0.92,4.537,,13.05,,16.27,0.9,1543428000,206.0,,11.7,
13.53,,0.9,6.077,,13.53,,18.93,0.89,1543431600,201.0,,11.96,
13.8,,0.86,6.216,,13.8,,17.13,0.76,1543435200,217.0,,11.58,
14.19,,0.84,6.216,,14.19,,16.88,0.71,1543438800,211.0,,11.51,
13.52,,0.84,6.216,,13.52,,16.07,0.71,1543442400,205.0,,10.88,
13.52,,0.83,6.053,,13.52,,13.45,0.76,1543446000,210.0,,10.69,
13.33,,0.84,6.128,,13.33,,10.05,0.7,1543449600,210.0,,10.64,
13.46,,0.83,5.942,,13.46,,11.28,0.82,1543453200,195.0,,10.64,
12.59,,0.93,3.245,,12.59,,8.78,0.93,1543456800,183.0,,11.56,
12.59,,0.95,5.507,,12.59,,11.1,0.93,1543460400,183.0,,11.78,
12.63,,0.9,6.126,,12.63,,12.66,0.94,1543464000,182.0,,11.04,
12.63,,0.9,5.164,,12.63,,14.71,0.99,1543467600,182.0,,10.99,
12.59,,0.87,5.494,,12.59,,14.17,0.94,1543471200,187.0,,10.44,
12.77,,0.88,6.135,,12.77,,16.73,0.8,1543474800,175.0,,10.83,
12.65,,0.89,6.216,,12.65,,19.87,0.92,1543478400,174.0,,10.85,
12.8,,0.84,5.737,,12.8,,17.96,0.75,1543482000,175.0,,10.21,
13.32,,0.82,6.135,,13.32,,20.42,0.77,1543485600,189.0,,10.31,
13.68,,0.74,6.216,,13.68,,20.93,0.56,1543489200,190.0,,9.11,
13.82,,0.74,6.216,,13.82,,26.41,0.92,1543492800,208.0,,9.24,
13.52,,0.67,6.216,,13.52,,25.66,0.74,1543496400,232.0,,7.44,
12.52,,0.72,6.216,,12.52,,19.05,0.55,1543500000,227.0,,7.69,
12.35,,0.71,6.216,,12.35,,14.91,0.54,1543503600,224.0,,7.16,
12.23,,0.72,6.216,,12.23,,13.89,0.52,1543507200,213.0,,7.36,
11.94,,0.78,6.216,,11.94,,15.51,0.74,1543510800,207.0,,8.14,
12.13,,0.8,6.135,,12.13,,14.59,0.76,1543514400,210.0,,8.85,
11.52,,0.79,6.216,,11.52,,13.11,0.49,1543518000,215.0,,8.03,
11.41,,0.78,6.216,,11.41,,12.27,0.37,1543521600,220.0,,7.74,
10.79,,0.82,6.216,,10.79,,13.11,0.48,1543525200,215.0,,7.81,
10.7,,0.82,5.037,,10.7,,13.73,0.38,1543528800,219.0,,7.78,
10.35,,0.78,6.216,,10.35,,12.74,0.35,1543532400,215.0,,6.68,
10.01,,0.81,6.102,,10.01,,10.31,0.45,1543536000,209.0,,6.97,
9.55,,0.84,6.216,,7.2,,10.22,0.23,1543539600,217.0,,7.01,
9.38,,0.85,6.154,,6.84,,11.02,0.75,1543543200,214.0,,6.97,
9.19,,0.86,6.216,,6.97,,9.13,0.28,1543546800,202.0,,6.97,
9.01,,0.85,6.216,,7.11,,7.53,0.19,1543550400,205.0,,6.6,
8.28,,0.89,6.216,,6.16,,7.81,0.58,1543554000,209.0,,6.6,
8.24,,0.89,6.216,,6.2,,7.44,0.19,1543557600,217.0,,6.6,
8.13,,0.89,6.135,,6.01,,7.65,0.19,1543561200,218.0,,6.4,
8.25,,0.85,6.216,,5.58,,10.28,0.19,1543564800,227.0,,5.93,
9.1,,0.81,6.216,,6.62,,10.3,0.19,1543568400,228.0,,6.04,
9.64,,0.79,6.216,,6.93,,12.49,,1543572000,232.0,,6.2,
10.84,,0.77,6.216,,10.84,,10.59,0.19,1543575600,232.0,,6.99,
11.49,,0.71,6.216,,11.49,,12.65,0.21,1543579200,240.0,,6.34,
11.56,,0.66,6.216,,11.56,,15.2,0.59,1543582800,245.0,,5.39,
11.67,,0.64,6.216,,11.67,,13.95,0.6,1543586400,247.0,,5.12,
11.3,,0.62,6.216,,11.3,,11.86,0.55,1543590000,240.0,,4.24,
10.92,,0.63,6.216,,10.92,,9.68,0.53,1543593600,233.0,,4.2,
10.08,,0.67,6.216,,10.08,,9.06,0.38,1543597200,226.0,,4.32,
9.76,,0.68,6.216,,7.54,,9.8,0.57,1543600800,225.0,,4.12,
8.96,,0.74,6.216,,6.52,,9.94,0.22,1543604400,229.0,,4.6,
8.38,,0.78,6.216,,6.06,,8.72,0.19,1543608000,219.0,,4.78,
8.18,,0.79,6.216,,5.83,,8.66,0.29,1543611600,217.0,,4.78,
7.5,,0.81,6.216,,5.16,,8.0,0.36,1543615200,218.0,,4.52,
7.32,,0.82,6.216,,4.88,,8.22,0.44,1543618800,216.0,,4.52,
7.15,,0.81,4.505,,4.92,,7.31,0.67,1543622400,220.0,,4.06,
7.19,,0.84,4.264,,5.02,,7.14,0.5,1543626000,225.0,,4.74,
7.24,,0.85,6.216,,5.62,,5.41,0.68,1543629600,206.0,,4.97,
7.56,,0.84,6.216,,5.44,,7.24,0.75,1543633200,204.0,,4.97,
8.44,,0.84,6.216,,6.72,,6.41,0.78,1543636800,195.0,,5.88,
8.44,,0.84,4.848,,7.14,,5.09,0.73,1543640400,165.0,,5.97,
8.62,,0.86,4.333,,6.96,,6.31,0.56,1543644000,152.0,,6.38,
9.52,,0.9,4.817,,8.13,,6.04,0.57,1543647600,164.0,,7.9,
9.79,,0.89,4.113,,7.39,,10.82,0.64,1543651200,174.0,,8.1,
10.26,,0.91,5.953,,10.26,,12.5,0.83,1543654800,166.0,,8.8,
10.49,,0.9,5.427,,10.49,,14.95,0.82,1543658400,166.0,,8.88,
10.65,,0.94,4.818,,10.65,,14.2,0.95,1543662000,169.0,,9.67,
11.49,,0.9,4.618,,11.49,,15.72,0.95,1543665600,178.0,,9.83,
11.81,,0.91,4.422,,11.81,,13.0,0.8,1543669200,192.0,,10.36,
12.79,,0.91,4.274,,12.79,,13.59,0.97,1543672800,202.0,,11.32,
12.98,,0.92,5.225,,12.98,,12.91,0.8,1543676400,212.0,,11.79,
12.86,,0.92,6.216,,12.86,,11.14,0.77,1543680000,213.0,,11.51,
13.3,,0.86,6.216,,13.3,,11.87,0.77,1543683600,222.0,,11.04,
12.7,,0.85,6.216,,12.7,,11.88,0.77,1543687200,221.0,,10.21,
12.52,,0.85,6.216,,12.52,,11.42,0.92,1543690800,226.0,,10.1,
12.52,,0.84,6.216,,12.52,,10.53,0.89,1543694400,217.0,,9.86,
12.01,,0.84,6.216,,12.01,,10.2,0.8,1543698000,218.0,,9.39,
12.01,,0.83,6.216,,12.01,,13.8,0.82,1543701600,225.0,,9.12,
11.64,,0.89,5.653,,11.64,,10.23,0.73,1543705200,221.0,,9.97,
11.6,,0.95,3.75,,11.6,,7.47,0.76,1543708800,205.0,,10.79,
12.53,,0.94,5.651,,12.53,,8.39,0.75,1543712400,207.0,,11.57,
13.48,,0.91,6.137,,13.48,,10.13,0.85,1543716000,220.0,,11.97,
13.56,,0.91,6.062,,13.56,,12.45,0.94,1543719600,229.0,,12.05,
13.92,,0.92,6.216,,13.92,,12.19,0.94,1543723200,230.0,,12.6,
14.51,,0.88,5.891,,14.51,,13.74,0.94,1543726800,241.0,,12.6,
13.63,,0.93,6.184,,13.63,,14.25,0.91,1543730400,233.0,,12.6,
13.63,,0.9,5.765,,13.63,,13.71,0.77,1543734000,242.0,,12.05,
13.66,,0.89,6.216,,13.66,,13.66,0.89,1543737600,239.0,,11.82,
13.97,,0.88,6.092,,13.97,,13.1,0.88,1543741200,236.0,,11.97,
13.86,,0.88,6.216,,13.86,,12.61,0.89,1543744800,236.0,,11.93,
14.52,,0.85,6.216,,14.52,,12.87,0.91,1543748400,235.0,,11.97,
14.77,,0.84,6.216,,14.77,,15.91,0.89,1543752000,238.0,,12.0,
14.64,,0.82,6.216,,14.64,,16.13,0.72,1543755600,241.0,,11.67,
14.45,,0.77,6.216,,14.45,,15.88,0.78,1543759200,235.0,,10.39,
14.45,,0.81,6.216,,14.45,,13.74,0.72,1543762800,227.0,,11.16,
14.24,,0.81,6.216,,14.24,,13.56,0.75,1543766400,224.0,,11.04,
14.27,,0.81,6.171,,14.27,,13.14,0.92,1543770000,221.0,,11.07,
14.41,,0.84,6.216,,14.41,,14.91,0.93,1543773600,227.0,,11.79,
14.45,,0.84,6.089,,14.45,,14.43,0.92,1543777200,227.0,,11.71,
14.45,,0.84,6.216,,14.45,,15.11,0.77,1543780800,234.0,,11.84,
14.49,,0.82,6.216,,14.49,,15.81,0.84,1543784400,237.0,,11.51,
14.27,,0.81,6.216,,14.27,,14.14,0.52,1543788000,235.0,,11.04,
13.56,,0.85,6.148,,13.56,,13.86,0.67,1543791600,232.0,,11.0,
13.56,,0.83,6.216,,13.56,,15.07,0.66,1543795200,242.0,,10.64,
12.61,,0.82,6.216,,12.61,,16.2,0.48,1543798800,241.0,,9.68,
12.56,,0.79,6.216,,12.56,,15.61,0.5,1543802400,242.0,,9.05,
12.56,,0.78,6.184,,12.56,,14.57,0.69,1543806000,241.0,,8.83,
12.52,,0.78,6.184,,12.52,,13.75,0.57,1543809600,238.0,,8.79,
11.55,,0.82,6.154,,11.55,,12.27,0.43,1543813200,237.0,,8.65,
11.64,,0.84,6.184,,11.64,,12.89,0.31,1543816800,227.0,,9.02,
11.67,,0.84,6.189,,11.67,,11.34,0.53,1543820400,222.0,,9.05,
12.42,,0.81,6.102,,12.42,,12.1,0.71,1543824000,218.0,,9.32,
13.16,,0.78,6.216,,13.16,,12.36,0.61,1543827600,226.0,,9.43,
13.64,,0.78,6.162,,13.64,,14.7,0.5,1543831200,225.0,,9.86,
13.49,,0.8,5.493,,13.49,,15.43,0.75,1543834800,228.0,,10.19,
13.67,,0.82,6.216,,13.67,,14.19,0.71,1543838400,245.0,,10.6,
13.21,,0.81,5.645,,13.21,,14.63,0.77,1543842000,251.0,,10.01,
13.17,,0.83,6.216,,13.17,,14.81,0.73,1543845600,253.0,,10.3,
12.45,,0.84,6.099,,12.45,,17.83,0.71,1543849200,261.0,,9.8,
11.41,,0.82,6.216,,11.41,,15.66,0.74,1543852800,291.0,,8.52,
10.19,,0.8,6.216,,10.19,,13.25,0.62,1543856400,303.0,,6.86,
9.3,,0.76,6.216,,6.72,,11.14,0.39,1543860000,301.0,,5.37,
8.64,,0.72,6.216,,6.34,,8.89,0.65,1543863600,290.0,,3.88,
8.43,,0.75,6.216,,6.26,,8.12,0.71,1543867200,281.0,,4.34,
8.24,,0.75,6.216,,5.82,,9.06,0.69,1543870800,290.0,,4.15,
7.89,,0.75,6.216,,5.62,,8.05,0.51,1543874400,289.0,,3.83,
7.04,,0.8,6.216,,5.09,,6.26,0.75,1543878000,294.0,,3.75,
6.08,,0.85,6.216,,4.23,,5.45,0.56,1543881600,285.0,,3.71,
5.75,,0.86,6.216,,3.67,,5.92,0.63,1543885200,284.0,,3.58,
6.12,,0.83,6.216,,4.44,,5.04,0.31,1543888800,284.0,,3.39,
5.3,,0.87,6.098,,3.28,,5.52,0.44,1543892400,279.0,,3.34,
4.38,,0.87,5.832,,2.28,,5.3,,1543896000,277.0,,2.41,
3.73,,0.94,6.216,,2.17,,3.93,,1543899600,245.0,,2.87,
3.65,,0.94,6.171,,1.76,,4.54,,1543903200,227.0,,2.8,
3.58,,0.89,6.216,,1.21,,5.63,,1543906800,231.0,,1.97,
3.49,,0.89,6.058,,1.07,,5.7,0.19,1543910400,246.0,,1.86,
3.75,,0.9,6.216,,1.5,,5.39,0.19,1543914000,246.0,,2.28,
5.5,,0.88,6.196,,3.55,,5.43,,1543917600,244.0,,3.65,
6.66,,0.82,6.216,,5.57,,3.89,0.19,1543921200,236.0,,3.84,
7.79,,0.76,6.216,,7.21,,3.21,0.75,1543924800,244.0,,3.82,
7.67,,0.75,6.216,,6.71,,3.94,,1543928400,217.0,,3.53,
8.13,,0.75,6.216,,8.13,,2.49,,1543932000,218.0,,4.01,
7.68,,0.77,6.216,,6.5,,4.46,0.19,1543935600,187.0,,3.86,
7.47,,0.79,6.216,,6.43,,4.03,0.44,1543939200,157.0,,4.01,
7.47,,0.79,6.216,,6.26,,4.41,,1543942800,154.0,,3.98,
7.42,,0.79,6.157,,6.24,,4.35,,1543946400,172.0,,4.01,
8.06,,0.75,6.196,,6.86,,4.67,0.44,1543950000,148.0,,3.97,
7.9,,0.76,6.216,,6.21,,5.97,0.87,1543953600,185.0,,3.87,
6.97,,0.81,6.216,,5.17,,5.77,0.71,1543957200,189.0,,3.91,
7.1,,0.78,6.216,,5.86,,4.38,0.57,1543960800,166.0,,3.55,
6.63,,0.84,6.216,,5.13,,4.78,0.69,1543964400,128.0,,4.07,
6.55,,0.89,6.216,,4.4,,6.6,0.79,1543968000,98.0,,4.92,
6.55,,0.89,5.928,,4.4,,6.62,0.48,1543971600,100.0,,4.92,
6.55,,0.89,3.973,,3.65,,9.43,0.79,1543975200,103.0,,4.92,
6.55,,0.95,4.469,,3.45,,10.36,0.86,1543978800,103.0,,5.79,
6.73,,0.95,5.718,,3.08,,13.52,0.95,1543982400,112.0,,5.92,
6.92,,0.94,4.333,,3.27,,13.83,1.0,1543986000,105.0,,5.97,
7.05,,0.99,2.744,,3.59,,12.91,0.95,1543989600,101.0,,6.97,
8.09,,0.94,2.15,,5.27,,10.81,0.94,1543993200,106.0,,7.11,
8.7,,0.96,2.462,,6.59,,8.13,0.97,1543996800,121.0,,8.17,
9.51,,0.98,2.362,,7.9,,6.78,1.0,1544000400,127.0,,9.25,
11.53,,0.95,2.763,,11.53,,8.05,0.93,1544004000,172.0,,10.84,
12.51,,0.94,5.226,,12.51,,9.33,0.89,1544007600,175.0,,11.57,
12.77,,0.89,6.018,,12.77,,9.94,0.89,1544011200,181.0,,11.04,
12.84,,0.89,6.216,,12.84,,10.23,0.92,1544014800,195.0,,11.03,
13.41,,0.85,6.216,,13.41,,11.74,0.81,1544018400,199.0,,10.99,
12.99,,0.87,5.709,,12.99,,11.35,0.75,1544022000,200.0,,10.86,
12.49,,0.87,5.936,,12.49,,11.78,0.88,1544025600,194.0,,10.35,
12.49,,0.9,5.069,,12.49,,10.09,0.92,1544029200,194.0,,10.9,
12.49,,0.91,5.03,,12.49,,10.76,0.89,1544032800,193.0,,11.04,
12.63,,0.94,6.127,,12.63,,8.99,0.92,1544036400,217.0,,11.67,
12.66,,0.93,5.983,,12.66,,8.48,0.88,1544040000,227.0,,11.51,
12.66,,0.93,5.937,,12.66,,8.16,0.71,1544043600,218.0,,11.51,
12.66,,0.93,6.124,,12.66,,10.7,0.76,1544047200,252.0,,11.51,
12.52,,0.9,6.169,,12.52,,11.6,0.84,1544050800,259.0,,10.9,
12.51,,0.86,6.184,,12.51,,10.54,0.93,1544054400,257.0,,10.3,
12.32,,0.85,6.092,,12.32,,8.62,0.89,1544058000,253.0,,9.93,
11.21,,0.9,6.061,,11.21,,8.44,0.81,1544061600,247.0,,9.66,
10.61,,0.93,5.928,,10.61,,9.21,0.6,1544065200,246.0,,9.58,
10.62,,0.9,5.968,,10.62,,7.69,0.99,1544068800,252.0,,9.04,
10.95,,0.94,6.061,,10.95,,8.28,0.99,1544072400,236.0,,9.95,
11.36,,0.91,6.216,,11.36,,7.09,0.93,1544076000,231.0,,9.96,
11.49,,0.9,6.216,,11.49,,8.69,0.92,1544079600,232.0,,9.83,
11.49,,0.9,6.216,,11.49,,10.62,0.93,1544083200,237.0,,9.86,
11.49,,0.9,6.216,,11.49,,10.88,0.92,1544086800,230.0,,9.9,
12.35,,0.86,6.216,,12.35,,9.76,0.93,1544090400,231.0,,10.04,
12.49,,0.85,6.216,,12.49,,12.76,0.92,1544094000,231.0,,10.04,
12.84,,0.85,6.216,,12.84,,13.67,0.91,1544097600,231.0,,10.31,
12.84,,0.88,6.216,,12.84,,13.28,0.92,1544101200,238.0,,10.93,
13.31,,0.81,6.138,,13.31,,12.12,0.66,1544104800,234.0,,10.07,
13.31,,0.8,6.216,,13.31,,14.1,0.54,1544108400,226.0,,9.99,
13.31,,0.81,6.162,,13.31,,14.35,0.92,1544112000,229.0,,10.16,
12.84,,0.88,6.162,,12.84,,16.38,0.93,1544115600,226.0,,10.96,
12.84,,0.89,6.14,,12.84,,15.03,0.89,1544119200,224.0,,11.04,
13.45,,0.85,6.216,,13.45,,14.73,0.89,1544122800,225.0,,11.04,
13.49,,0.86,6.216,,13.49,,14.44,0.95,1544126400,226.0,,11.16,
13.49,,0.89,6.097,,13.49,,12.92,0.95,1544130000,225.0,,11.7,
13.49,,0.9,6.216,,13.49,,11.34,0.95,1544133600,224.0,,11.86,
13.49,,0.9,6.006,,13.49,,11.29,0.84,1544137200,224.0,,11.86,
13.56,,0.9,6.092,,13.56,,9.95,0.99,1544140800,219.0,,12.0,
13.56,,0.9,5.524,,13.56,,11.04,0.99,1544144400,225.0,,12.0,
13.56,,0.9,5.841,,13.56,,10.61,0.99,1544148000,217.0,,12.0,
13.56,,0.9,5.549,,13.56,,14.82,0.94,1544151600,224.0,,12.0,
13.56,,0.9,5.591,,13.56,,16.25,0.89,1544155200,226.0,,12.0,
13.51,,0.87,6.092,,13.51,,15.87,0.94,1544158800,226.0,,11.3,
13.45,,0.86,5.416,,13.45,,17.82,0.92,1544162400,214.0,,11.07,
13.17,,0.87,5.501,,13.17,,18.66,0.92,1544166000,219.0,,11.04,
12.56,,0.9,5.495,,12.56,,17.88,0.92,1544169600,218.0,,10.99,
12.56,,0.89,5.404,,12.56,,16.2,0.95,1544173200,211.0,,10.86,
12.52,,0.89,4.877,,12.52,,18.28,0.95,1544176800,219.0,,10.74,
11.16,,0.84,5.428,,11.16,,12.98,0.84,1544180400,268.0,,8.55,
10.49,,0.84,6.216,,10.49,,15.87,0.71,1544184000,253.0,,7.86,
9.69,,0.8,6.216,,6.37,,17.09,0.64,1544187600,272.0,,6.47,
10.31,,0.69,6.216,,10.31,,16.25,0.42,1544191200,283.0,,4.9,
9.61,,0.67,6.216,,6.31,,16.68,0.35,1544194800,265.0,,3.82,
9.04,,0.64,6.193,,5.45,,17.69,0.43,1544198400,263.0,,2.5,
8.31,,0.69,6.216,,4.74,,15.87,0.32,1544202000,252.0,,2.97,
7.9,,0.67,6.216,,4.3,,15.19,0.33,1544205600,248.0,,2.19,
7.49,,0.7,6.216,,3.31,,18.7,0.44,1544209200,250.0,,2.35,
7.45,,0.73,6.216,,3.35,,17.99,0.19,1544212800,247.0,,2.97,
7.49,,0.75,6.216,,3.46,,17.48,0.19,1544216400,247.0,,3.28,
7.49,,0.74,6.216,,3.54,,16.93,0.58,1544220000,238.0,,3.16,
7.49,,0.78,6.216,,3.71,,15.64,0.34,1544223600,231.0,,3.84,
7.61,,0.78,6.216,,3.7,,16.85,0.59,1544227200,238.0,,4.01,
8.52,,0.74,6.216,,4.8,,17.48,0.72,1544230800,241.0,,4.2,
8.56,,0.75,6.216,,4.82,,17.68,0.44,1544234400,240.0,,4.38,
8.65,,0.78,6.216,,4.79,,18.93,0.58,1544238000,241.0,,5.0,
8.97,,0.77,6.216,,5.39,,17.4,0.76,1544241600,242.0,,5.14,
9.22,,0.74,6.216,,5.63,,18.18,0.92,1544245200,253.0,,4.83,
9.59,,0.68,6.216,,5.71,,21.97,0.67,1544248800,260.0,,4.06,
9.55,,0.69,6.216,,5.66,,21.98,0.28,1544252400,257.0,,4.06,
9.45,,0.69,6.216,,5.59,,21.34,0.23,1544256000,256.0,,4.02,
9.45,,0.7,6.216,,5.55,,21.74,0.32,1544259600,255.0,,4.21,
9.98,,0.69,6.216,,6.63,,17.94,0.5,1544263200,250.0,,4.54,
10.76,,0.68,6.216,,10.76,,18.49,0.52,1544266800,249.0,,5.01,
11.01,,0.71,6.216,,11.01,,15.16,0.69,1544270400,238.0,,5.93,
10.97,,0.77,6.125,,10.97,,16.79,0.92,1544274000,235.0,,7.04,
11.76,,0.76,5.996,,11.76,,17.31,0.94,1544277600,227.0,,7.61,
11.84,,0.88,5.966,,11.84,,16.78,0.81,1544281200,231.0,,9.97,
11.82,,0.81,6.216,,11.82,,18.92,0.71,1544284800,250.0,,8.7,
11.49,,0.8,6.216,,11.49,,21.39,0.61,1544288400,253.0,,8.06,
11.45,,0.7,6.14,,11.45,,23.19,0.28,1544292000,253.0,,6.24,
10.48,,0.78,5.548,,10.48,,22.93,0.49,1544295600,257.0,,6.75,
9.59,,0.77,6.216,,5.81,,20.99,0.54,1544299200,255.0,,5.74,
9.53,,0.77,6.216,,5.84,,19.83,0.26,1544302800,255.0,,5.71,
9.59,,0.76,6.056,,6.09,,18.31,0.32,1544306400,253.0,,5.65,
9.55,,0.74,6.216,,5.96,,19.08,0.67,1544310000,254.0,,5.15,
9.55,,0.76,6.216,,5.97,,18.99,0.7,1544313600,253.0,,5.6,
9.55,,0.73,6.216,,5.8,,20.59,0.6,1544317200,254.0,,4.97,
9.51,,0.73,6.216,,5.94,,18.71,0.68,1544320800,254.0,,4.97,
9.55,,0.73,6.216,,6.0,,18.67,0.74,1544324400,247.0,,4.97,
9.55,,0.73,6.216,,5.91,,19.54,0.69,1544328000,252.0,,4.97,
9.87,,0.73,6.216,,6.15,,21.21,0.92,1544331600,254.0,,5.19,
9.92,,0.77,6.216,,6.38,,19.63,0.78,1544335200,265.0,,6.0,
10.47,,0.74,6.021,,10.47,,22.63,0.76,1544338800,266.0,,6.0,
10.42,,0.75,6.14,,10.42,,19.48,0.72,1544342400,268.0,,6.2,
10.33,,0.76,6.135,,10.33,,16.9,0.75,1544346000,275.0,,6.32,
9.56,,0.84,5.84,,6.41,,15.39,0.78,1544349600,281.0,,6.93,
10.28,,0.76,6.216,,10.28,,16.6,0.81,1544353200,295.0,,6.19,
10.49,,0.7,6.216,,10.49,,15.43,0.66,1544356800,305.0,,5.29,
10.53,,0.66,6.216,,10.53,,17.13,0.61,1544360400,304.0,,4.35,
10.53,,0.66,6.216,,10.53,,15.29,0.63,1544364000,304.0,,4.35,
10.53,,0.68,6.216,,10.53,,16.09,0.71,1544367600,297.0,,4.83,
10.26,,0.67,,,10.26,,,,1544371200,,,4.43,
9.5,,0.69,6.216,,6.68,,12.96,0.3,1544374800,295.0,,4.18,
9.1,,0.72,6.216,,6.49,,11.06,0.71,1544378400,287.0,,4.33,
9.21,,0.73,6.216,,6.65,,10.93,0.73,1544382000,287.0,,4.66,
8.98,,0.74,6.216,,6.77,,8.87,0.83,1544385600,294.0,,4.63,
8.17,,0.77,6.216,,5.76,,8.92,0.74,1544389200,285.0,,4.45,
7.68,,0.8,6.216,,4.95,,9.83,0.27,1544392800,281.0,,4.45,
7.19,,0.8,6.216,,4.38,,9.69,0.26,1544396400,270.0,,4.01,
7.0,,0.81,6.216,,4.51,,8.13,0.44,1544400000,261.0,,4.01,
6.54,,0.87,6.216,,3.43,,10.36,0.38,1544403600,259.0,,4.6,
6.68,,0.87,6.216,,3.36,,11.6,0.77,1544407200,259.0,,4.74,
7.0,,0.87,6.216,,3.87,,11.01,0.94,1544410800,262.0,,4.97,
7.16,,0.84,6.216,,4.11,,10.8,0.63,1544414400,272.0,,4.6,
7.48,,0.84,6.216,,5.05,,8.35,0.79,1544418000,261.0,,4.92,
7.52,,0.84,6.216,,4.44,,11.43,0.61,1544421600,265.0,,4.96,
7.49,,0.82,6.216,,4.49,,10.99,0.79,1544425200,272.0,,4.56,
7.21,,0.83,6.216,,4.85,,7.86,0.63,1544428800,258.0,,4.56,
7.44,,0.83,6.216,,5.06,,8.14,0.83,1544432400,259.0,,4.71,
8.49,,0.78,6.216,,6.11,,9.14,0.86,1544436000,269.0,,4.86,
8.57,,0.78,6.216,,5.77,,11.32,0.91,1544439600,276.0,,5.0,
8.72,,0.77,6.216,,6.01,,11.09,0.9,1544443200,282.0,,4.86,
8.88,,0.77,6.216,,6.34,,10.34,0.86,1544446800,287.0,,5.0,
9.35,,0.74,6.216,,6.96,,10.14,0.86,1544450400,279.0,,4.86,
9.02,,0.75,6.216,,6.98,,8.13,0.83,1544454000,293.0,,4.86,
8.65,,0.76,6.216,,6.84,,6.9,0.67,1544457600,288.0,,4.71,
8.53,,0.77,6.216,,6.89,,6.24,0.61,1544461200,288.0,,4.67,
8.37,,0.77,6.216,,6.44,,7.12,0.74,1544464800,278.0,,4.63,
8.33,,0.76,6.216,,6.21,,7.82,0.67,1544468400,278.0,,4.36,
8.14,,0.76,6.216,,6.18,,7.04,0.94,1544472000,286.0,,4.2,
8.0,,0.79,6.216,,6.37,,5.86,0.91,1544475600,288.0,,4.64,
7.84,,0.8,6.216,,6.67,,4.51,0.27,1544479200,285.0,,4.61,
7.14,,0.83,6.216,,5.8,,4.61,0.34,1544482800,276.0,,4.45,
6.74,,0.86,6.216,,5.63,,3.94,1.0,1544486400,273.0,,4.52,
5.92,,0.89,6.216,,5.92,,2.81,0.66,1544490000,242.0,,4.29,
4.68,,0.93,6.216,,3.62,,3.29,0.44,1544493600,212.0,,3.64,
4.32,,0.91,5.933,,3.09,,3.49,0.19,1544497200,213.0,,2.93,
3.5,,0.94,5.757,,3.5,,2.14,0.44,1544500800,221.0,,2.7,
3.5,,0.95,4.605,,3.5,,1.67,0.7,1544504400,310.0,,2.79,
3.43,,0.96,5.633,,2.2,,3.28,0.96,1544508000,219.0,,2.8,
3.51,,0.93,5.86,,3.51,,1.01,0.28,1544511600,137.0,,2.52,
3.48,,0.94,5.58,,2.18,,3.4,0.28,1544515200,166.0,,2.65,
3.62,,0.95,5.537,,2.29,,3.48,0.23,1544518800,102.0,,2.93,
5.05,,0.9,5.519,,3.97,,3.41,0.19,1544522400,114.0,,3.49,
6.55,,0.88,6.109,,5.6,,3.58,,1544526000,116.0,,4.67,
7.98,,0.81,6.177,,6.48,,5.44,,1544529600,112.0,,4.96,
8.83,,0.75,6.196,,7.36,,5.82,0.26,1544533200,125.0,,4.71,
9.11,,0.74,6.177,,7.8,,5.47,0.27,1544536800,138.0,,4.71,
8.66,,0.72,6.138,,7.27,,5.48,0.24,1544540400,140.0,,3.96,
7.52,,0.77,6.135,,6.19,,4.76,0.19,1544544000,136.0,,3.71,
7.03,,0.82,6.043,,5.1,,6.19,,1544547600,117.0,,4.18,
6.17,,0.84,5.964,,3.7,,7.39,0.19,1544551200,112.0,,3.69,
5.53,,0.89,5.51,,3.18,,6.6,0.2,1544554800,103.0,,3.8,
5.49,,0.91,5.339,,3.4,,5.82,0.32,1544558400,91.0,,4.07,
5.43,,0.9,5.389,,2.68,,7.83,0.45,1544562000,98.0,,3.94,
5.6,,0.89,4.769,,3.08,,7.18,0.48,1544565600,102.0,,3.99,
6.27,,0.88,4.707,,3.77,,7.58,0.67,1544569200,121.0,,4.5,
6.05,,0.95,3.974,,3.68,,7.0,0.83,1544572800,121.0,,5.38,
7.02,,0.87,4.959,,4.78,,7.21,0.89,1544576400,118.0,,4.92,
7.27,,0.86,5.17,,4.88,,8.02,0.94,1544580000,108.0,,5.07,
7.29,,0.85,5.696,,4.76,,8.56,0.84,1544583600,110.0,,4.93,
7.11,,0.86,5.696,,4.78,,7.63,0.91,1544587200,110.0,,4.93,
7.16,,0.86,5.953,,4.64,,8.41,0.91,1544590800,111.0,,4.93,
6.87,,0.92,4.135,,3.9,,10.1,0.84,1544594400,105.0,,5.71,
6.94,,0.9,4.67,,4.04,,9.86,0.83,1544598000,111.0,,5.45,
6.77,,0.88,5.278,,4.32,,7.83,0.85,1544601600,123.0,,4.91,
6.77,,0.87,5.445,,3.91,,9.48,0.87,1544605200,122.0,,4.74,
6.81,,0.84,6.103,,3.9,,9.71,0.75,1544608800,106.0,,4.23,
7.04,,0.78,6.216,,4.04,,10.42,0.72,1544612400,116.0,,3.53,
7.31,,0.68,6.216,,4.19,,11.41,0.71,1544616000,124.0,,1.89,
7.31,,0.64,6.216,,4.32,,10.73,0.85,1544619600,129.0,,0.9,
7.27,,0.57,6.216,,3.73,,13.72,0.55,1544623200,134.0,,-0.78,
6.35,,0.58,6.216,,2.55,,13.77,0.34,1544626800,132.0,,-1.28,
5.35,,0.6,6.216,,1.95,,10.36,0.38,1544630400,124.0,,-1.8,
4.47,,0.64,6.216,,1.54,,7.77,,1544634000,116.0,,-1.84,
4.02,,0.66,6.216,,1.18,,7.14,0.19,1544637600,103.0,,-1.84,
3.42,,0.7,6.216,,0.14,,8.17,0.44,1544641200,112.0,,-1.55,
3.37,,0.71,6.216,,-0.14,,8.95,0.53,1544644800,112.0,,-1.39,
3.36,,0.73,6.216,,-0.63,,10.83,1.0,1544648400,107.0,,-1.07,
3.5,,0.75,6.216,,-0.87,,12.73,1.0,1544652000,107.0,,-0.58,
3.38,,0.78,6.216,,-0.89,,12.11,1.0,1544655600,106.0,,-0.07,
3.29,,0.82,6.216,,-1.17,,12.92,0.53,1544659200,104.0,,0.49,
2.61,,0.87,6.01,,-2.03,,12.9,0.44,1544662800,105.0,,0.68,
2.21,,0.91,5.636,,-1.95,,10.34,0.75,1544666400,107.0,,0.9,
2.49,,0.87,4.587,,-1.83,,11.31,0.33,1544670000,97.0,,0.55,
2.45,,0.88,4.379,,-2.11,,12.33,0.29,1544673600,95.0,,0.69,
2.71,,0.85,4.916,,-2.17,,14.24,0.19,1544677200,95.0,,0.51,
2.4,,0.84,5.747,,-2.55,,14.15,0.19,1544680800,107.0,,-0.08,
2.23,,0.86,5.932,,-2.58,,13.22,0.19,1544684400,102.0,,0.21,
2.19,,0.84,6.065,,-2.33,,11.84,0.45,1544688000,102.0,,-0.22,
2.62,,0.85,6.14,,-1.99,,12.78,0.75,1544691600,97.0,,0.43,
3.83,,0.79,6.216,,-0.62,,13.55,0.44,1544695200,103.0,,0.55,
4.7,,0.71,6.216,,0.19,,15.3,0.47,1544698800,107.0,,-0.13,
4.91,,0.69,6.216,,0.27,,16.41,0.55,1544702400,101.0,,-0.29,
5.42,,0.66,6.216,,0.99,,16.04,0.25,1544706000,100.0,,-0.48,
4.86,,0.63,6.216,,0.11,,17.12,0.28,1544709600,90.0,,-1.62,
4.63,,0.65,6.216,,0.2,,14.72,0.26,1544713200,97.0,,-1.48,
3.5,,0.67,6.216,,-0.75,,12.13,0.28,1544716800,94.0,,-2.1,
3.11,,0.74,6.216,,-0.96,,10.91,0.38,1544720400,80.0,,-1.09,
3.54,,0.74,6.216,,0.19,,8.5,0.71,1544724000,77.0,,-0.71,
3.03,,0.76,6.216,,-0.34,,8.2,0.75,1544727600,77.0,,-0.78,
2.23,,0.77,6.216,,-1.65,,9.36,0.24,1544731200,96.0,,-1.38,
1.88,,0.76,6.216,,-1.36,,7.02,0.58,1544734800,106.0,,-1.83,
0.89,,0.8,6.216,,0.89,,,,1544738400,,,-2.11,
1.57,,0.76,6.216,,-1.15,,5.55,0.76,1544742000,104.0,,-2.15,
1.58,,0.77,6.154,,-1.45,,6.32,0.77,1544745600,93.0,,-1.96,
1.8,,0.79,6.154,,-0.7,,5.17,0.68,1544749200,94.0,,-1.43,
1.68,,0.75,6.158,,-0.43,,4.34,0.85,1544752800,101.0,,-2.29,
1.7,,0.76,6.189,,-1.08,,5.77,0.8,1544756400,81.0,,-2.16,
1.51,,0.78,5.867,,-0.68,,4.45,0.96,1544760000,65.0,,-1.98,
1.8,,0.81,6.041,,0.11,,3.65,1.0,1544763600,333.0,,-1.16,
1.94,,0.8,6.128,,0.42,,3.41,0.99,1544767200,331.0,,-1.16,
1.82,,0.79,6.113,,1.82,,2.34,0.89,1544770800,15.0,,-1.37,
2.19,,0.78,6.117,,2.19,,2.37,0.74,1544774400,35.0,,-1.27,
1.98,,0.77,5.967,,-0.07,,4.33,0.77,1544778000,75.0,,-1.6,
2.59,,0.76,6.065,,0.4,,4.8,0.88,1544781600,87.0,,-1.19,
3.03,,0.76,5.872,,0.86,,4.93,0.92,1544785200,106.0,,-0.87,
3.64,,0.71,5.935,,1.57,,4.92,0.92,1544788800,234.0,,-1.14,
3.94,,0.7,6.118,,1.93,,4.92,0.87,1544792400,210.0,,-1.09,
4.0,,0.69,6.216,,1.68,,5.66,0.75,1544796000,178.0,,-1.24,
3.6,,0.68,6.216,,1.6,,4.76,0.45,1544799600,143.0,,-1.85,
3.23,,0.69,6.216,,1.14,,4.81,0.66,1544803200,132.0,,-1.9,
3.27,,0.69,6.189,,1.6,,3.99,0.89,1544806800,151.0,,-1.86,
3.09,,0.7,6.189,,0.86,,5.07,0.89,1544810400,132.0,,-1.9,
3.05,,0.7,6.216,,1.22,,4.24,0.92,1544814000,150.0,,-1.86,
2.74,,0.71,6.189,,-0.33,,7.04,0.92,1544817600,137.0,,-2.02,
2.75,,0.67,6.216,,-0.17,,6.65,0.95,1544821200,152.0,,-2.81,
2.47,,0.67,6.216,,-0.92,,7.88,0.95,1544824800,141.0,,-2.99,
2.44,,0.65,6.216,,-1.22,,8.72,0.95,1544828400,139.0,,-3.53,
2.5,,0.63,6.216,,-1.93,,11.81,0.85,1544832000,131.0,,-3.86,
1.95,,0.66,6.216,,-2.69,,12.11,0.99,1544835600,119.0,,-3.72,
1.95,,0.66,6.216,,-2.62,,11.79,0.99,1544839200,118.0,,-3.8,
1.88,,0.66,6.216,,-3.28,,14.47,1.0,1544842800,125.0,,-3.8,
1.91,,0.67,6.216,,-2.65,,11.7,1.0,1544846400,123.0,,-3.54,
1.73,,0.71,6.216,,-3.05,,12.48,1.0,1544850000,115.0,,-2.97,
1.93,,0.71,6.216,,-2.66,,11.83,1.0,1544853600,118.0,,-2.84,
1.93,,0.75,6.216,,-2.63,,11.7,0.85,1544857200,124.0,,-2.07,
1.94,,0.74,6.216,,-2.71,,12.15,0.64,1544860800,124.0,,-2.16,
2.42,,0.72,6.216,,-2.76,,15.38,0.62,1544864400,132.0,,-2.03,
2.81,,0.71,6.216,,-2.34,,15.84,0.46,1544868000,135.0,,-1.98,
2.95,,0.73,6.189,,-2.07,,15.33,0.68,1544871600,131.0,,-1.37,
3.45,,0.74,6.076,,-1.15,,13.83,0.67,1544875200,139.0,,-0.83,
3.35,,0.79,5.7,,-2.05,,18.46,0.72,1544878800,134.0,,0.1,
2.87,,0.87,4.313,,-2.35,,16.39,0.79,1544882400,133.0,,0.92,
2.81,,0.9,3.15,,-2.79,,18.59,0.92,1544886000,127.0,,1.28,
2.99,,0.93,2.177,,-2.06,,15.57,0.95,1544889600,134.0,,1.92,
3.73,,0.9,2.836,,-1.45,,17.71,0.95,1544893200,133.0,,2.22,
4.04,,0.92,5.508,,-0.98,,17.3,0.95,1544896800,142.0,,2.93,
4.78,,0.9,5.114,,0.03,,16.93,0.92,1544900400,147.0,,3.33,
5.82,,0.9,4.645,,1.55,,15.77,0.87,1544904000,161.0,,4.31,
6.72,,0.93,6.189,,3.77,,9.85,0.71,1544907600,178.0,,5.67,
7.77,,0.93,6.094,,5.37,,8.46,0.58,1544911200,196.0,,6.7,
8.08,,0.86,6.216,,5.39,,10.12,0.4,1544914800,228.0,,5.92,
8.11,,0.81,6.216,,5.5,,9.75,0.47,1544918400,226.0,,5.0,
7.33,,0.85,6.216,,4.6,,9.53,0.33,1544922000,234.0,,4.96,
7.16,,0.84,6.216,,4.74,,8.05,0.19,1544925600,239.0,,4.66,
6.9,,0.85,5.98,,4.34,,8.33,,1544929200,235.0,,4.47,
6.7,,0.82,6.216,,4.55,,6.69,,1544932800,228.0,,3.92,
5.98,,0.87,6.216,,3.9,,6.05,,1544936400,216.0,,3.97,
5.7,,0.87,6.216,,3.41,,6.52,,1544940000,222.0,,3.71,
4.92,,0.9,6.193,,3.15,,4.76,,1544943600,211.0,,3.38,
4.44,,0.9,6.177,,2.22,,5.62,0.19,1544947200,208.0,,2.98,
4.53,,0.9,6.196,,2.48,,5.27,0.19,1544950800,205.0,,2.97,
6.53,,0.86,6.216,,4.75,,5.49,0.19,1544954400,188.0,,4.33,
8.32,,0.8,6.216,,6.59,,6.36,0.75,1544958000,185.0,,5.0,
8.95,,0.78,6.216,,7.69,,5.25,0.19,1544961600,153.0,,5.39,
9.13,,0.78,6.216,,7.72,,5.83,0.48,1544965200,180.0,,5.46,
9.11,,0.81,6.216,,7.52,,6.41,0.19,1544968800,164.0,,5.97,
9.11,,0.81,6.216,,7.36,,7.01,0.68,1544972400,152.0,,5.97,
8.61,,0.85,6.216,,6.57,,7.73,0.58,1544976000,149.0,,6.16,
8.73,,0.89,6.216,,6.63,,8.1,0.41,1544979600,146.0,,6.94,
8.95,,0.88,5.539,,6.69,,9.05,0.49,1544983200,145.0,,7.09,
8.49,,0.92,3.83,,5.85,,10.41,0.79,1544986800,172.0,,7.3,
7.74,,0.91,5.794,,4.62,,11.98,0.76,1544990400,145.0,,6.35,
7.82,,0.93,6.216,,5.38,,8.71,0.72,1544994000,168.0,,6.79,
8.56,,0.89,6.216,,6.27,,8.75,0.71,1544997600,211.0,,6.92,
8.56,,0.89,6.216,,5.83,,10.97,0.85,1545001200,245.0,,6.78,
7.59,,0.93,6.148,,4.69,,10.61,0.91,1545004800,253.0,,6.55,
7.63,,0.87,6.216,,4.35,,12.74,0.93,1545008400,256.0,,5.63,
7.22,,0.84,6.216,,3.71,,13.43,0.79,1545012000,254.0,,4.68,
6.35,,0.88,6.216,,2.74,,12.67,0.49,1545015600,253.0,,4.55,
5.63,,0.88,6.216,,2.3,,10.34,0.3,1545019200,251.0,,3.78,
5.38,,0.89,6.216,,1.79,,11.27,,1545022800,251.0,,3.75,
5.19,,0.9,6.216,,2.11,,8.86,0.19,1545026400,243.0,,3.61,
5.31,,0.88,6.216,,2.88,,6.7,,1545030000,239.0,,3.52,
4.99,,0.89,6.216,,1.95,,8.54,0.19,1545033600,237.0,,3.29,
5.51,,0.89,6.216,,2.78,,7.82,0.19,1545037200,236.0,,3.82,
6.75,,0.86,6.216,,4.25,,7.98,0.19,1545040800,234.0,,4.65,
7.79,,0.83,6.216,,5.26,,9.02,0.44,1545044400,237.0,,5.16,
8.99,,0.81,6.216,,6.79,,8.8,0.19,1545048000,240.0,,5.9,
9.98,,0.76,6.216,,7.81,,9.78,,1545051600,241.0,,6.0,
10.01,,0.73,6.216,,10.01,,8.82,0.19,1545055200,229.0,,5.43,
9.49,,0.76,6.216,,7.56,,8.11,0.4,1545058800,224.0,,5.54,
9.08,,0.81,6.216,,7.32,,7.02,0.61,1545062400,201.0,,5.97,
9.0,,0.84,6.216,,6.99,,8.0,0.24,1545066000,190.0,,6.49,
9.11,,0.85,6.216,,7.09,,8.13,0.32,1545069600,191.0,,6.78,
9.34,,0.88,6.216,,7.09,,9.41,0.69,1545073200,199.0,,7.49,
9.42,,0.89,6.14,,7.02,,10.33,0.64,1545076800,198.0,,7.75,
9.72,,0.88,6.154,,7.64,,8.99,0.58,1545080400,176.0,,7.9,
10.39,,0.85,6.151,,10.39,,8.64,0.88,1545084000,187.0,,8.02,
10.42,,0.85,6.216,,10.42,,9.83,0.76,1545087600,180.0,,8.02,
10.6,,0.84,6.216,,10.6,,8.7,0.8,1545091200,173.0,,8.05,
10.57,,0.84,6.216,,10.57,,10.37,0.94,1545094800,191.0,,8.05,
11.1,,0.81,6.216,,11.1,,11.39,0.93,1545098400,194.0,,8.05,
11.15,,0.81,6.216,,11.15,,10.94,0.91,1545102000,187.0,,8.05,
10.55,,0.85,6.216,,10.55,,11.2,0.85,1545105600,175.0,,8.05,
10.87,,0.82,6.216,,10.87,,12.16,0.85,1545109200,174.0,,8.0,
10.87,,0.79,6.216,,10.87,,14.48,0.94,1545112800,176.0,,7.41,
10.64,,0.78,6.216,,10.64,,14.85,0.8,1545116400,172.0,,7.04,
10.49,,0.79,6.216,,10.49,,16.49,0.89,1545120000,167.0,,6.99,
10.31,,0.77,6.216,,10.31,,16.36,0.77,1545123600,173.0,,6.38,
10.49,,0.76,6.216,,10.49,,14.75,0.77,1545127200,160.0,,6.46,
10.35,,0.76,6.216,,10.35,,16.57,0.76,1545130800,167.0,,6.32,
9.83,,0.79,6.216,,6.46,,17.86,0.67,1545134400,157.0,,6.32,
9.87,,0.77,6.216,,6.27,,20.05,0.36,1545138000,155.0,,6.0,
10.35,,0.7,6.216,,10.35,,17.13,0.44,1545141600,155.0,,5.16,
10.35,,0.68,6.216,,10.35,,16.25,0.54,1545145200,162.0,,4.64,
9.52,,0.72,6.216,,6.6,,13.7,0.66,1545148800,155.0,,4.78,
9.03,,0.81,5.956,,6.05,,13.14,0.91,1545152400,162.0,,6.0,
8.49,,0.86,5.665,,5.15,,14.56,0.75,1545156000,157.0,,6.29,
8.49,,0.89,5.73,,5.38,,13.07,0.83,1545159600,162.0,,6.79,
8.49,,0.89,5.542,,5.16,,14.54,0.92,1545163200,168.0,,6.83,
8.83,,0.9,5.662,,5.94,,12.26,0.92,1545166800,172.0,,7.29,
8.99,,0.89,5.627,,6.48,,10.3,0.83,1545170400,207.0,,7.24,
8.21,,0.89,6.216,,5.85,,8.72,0.71,1545174000,230.0,,6.5,
7.19,,0.9,6.216,,5.46,,5.69,0.62,1545177600,229.0,,5.6,
6.93,,0.91,6.216,,4.31,,8.6,0.61,1545181200,207.0,,5.55,
7.03,,0.9,6.216,,5.31,,5.56,0.42,1545184800,188.0,,5.57,
7.95,,0.92,6.111,,5.65,,8.24,0.5,1545188400,196.0,,6.67,
8.31,,0.91,6.041,,6.56,,6.43,0.75,1545192000,193.0,,6.93,
8.89,,0.91,5.991,,7.11,,6.97,0.52,1545195600,185.0,,7.49,
9.1,,0.86,5.722,,7.21,,7.6,0.75,1545199200,198.0,,6.92,
8.52,,0.85,6.216,,5.96,,10.04,0.76,1545202800,192.0,,6.19,
8.49,,0.86,4.939,,6.09,,9.2,0.75,1545206400,192.0,,6.35,
8.49,,0.89,6.216,,5.85,,10.42,0.74,1545210000,204.0,,6.79,
8.49,,0.9,6.216,,6.04,,9.47,0.73,1545213600,220.0,,6.93,
8.95,,0.84,6.216,,6.13,,12.06,0.62,1545217200,229.0,,6.32,
9.48,,0.8,6.216,,7.12,,10.16,0.31,1545220800,223.0,,6.16,
9.33,,0.8,6.216,,7.0,,9.85,0.45,1545224400,223.0,,6.04,
9.49,,0.79,6.216,,7.24,,9.61,0.29,1545228000,203.0,,6.04,
9.28,,0.76,6.216,,7.21,,8.5,0.52,1545231600,210.0,,5.18,
8.42,,0.79,6.216,,6.37,,7.65,0.48,1545235200,184.0,,5.04,
8.27,,0.8,6.162,,5.93,,8.7,0.7,1545238800,183.0,,5.01,
7.96,,0.79,6.216,,5.13,,10.74,0.55,1545242400,196.0,,4.63,
7.45,,0.84,6.216,,4.73,,9.59,0.32,1545246000,188.0,,4.98,
8.01,,0.86,6.216,,5.44,,9.46,0.3,1545249600,186.0,,5.76,
8.09,,0.82,6.216,,5.05,,11.98,0.69,1545253200,193.0,,5.16,
7.49,,0.84,6.216,,4.7,,9.92,0.36,1545256800,194.0,,5.04,
7.49,,0.84,6.216,,4.58,,10.52,0.45,1545260400,193.0,,5.04,
8.06,,0.81,6.216,,5.31,,10.43,0.67,1545264000,198.0,,5.05,
7.56,,0.84,6.216,,5.15,,8.31,0.53,1545267600,194.0,,4.96,
7.51,,0.85,6.216,,4.73,,9.94,0.43,1545271200,201.0,,5.15,
7.56,,0.83,6.216,,5.03,,8.8,0.52,1545274800,210.0,,4.86,
7.14,,0.85,6.216,,4.75,,7.91,0.62,1545278400,220.0,,4.79,
7.3,,0.84,6.216,,4.83,,8.33,0.54,1545285600,232.0,,4.79,
7.23,,0.85,6.216,,4.54,,9.22,0.3,1545289200,230.0,,4.82,
7.2,,0.85,6.216,,4.38,,9.74,0.19,1545292800,226.0,,4.82,
7.42,,0.88,6.216,,4.48,,10.6,0.19,1545296400,234.0,,5.49,
8.42,,0.84,6.216,,5.35,,12.73,0.25,1545300000,239.0,,5.83,
9.65,,0.78,6.216,,7.05,,11.75,0.37,1545303600,237.0,,6.05,
10.26,,0.77,6.216,,10.26,,13.46,0.57,1545307200,245.0,,6.34,
10.61,,0.74,6.216,,10.61,,14.35,0.71,1545310800,239.0,,6.2,
10.45,,0.74,6.216,,10.45,,13.09,0.55,1545314400,239.0,,6.04,
10.16,,0.76,6.216,,10.16,,11.65,0.66,1545318000,227.0,,6.02,
10.24,,0.73,6.196,,10.24,,12.49,0.47,1545321600,226.0,,5.57,
9.45,,0.79,6.216,,6.98,,10.73,0.47,1545325200,224.0,,6.04,
9.45,,0.78,6.216,,7.07,,10.25,0.45,1545328800,217.0,,5.86,
9.41,,0.75,6.216,,6.93,,10.73,0.32,1545332400,209.0,,5.29,
9.11,,0.77,6.216,,6.58,,10.61,0.41,1545336000,216.0,,5.22,
9.31,,0.75,6.216,,7.05,,9.48,0.35,1545339600,209.0,,5.04,
9.45,,0.77,6.109,,7.64,,7.55,0.76,1545343200,216.0,,5.58,
9.49,,0.84,3.455,,7.55,,8.16,0.85,1545346800,197.0,,6.98,
9.34,,0.95,5.173,,8.04,,5.62,0.94,1545350400,159.0,,8.64,
10.26,,0.95,4.504,,10.26,,7.5,0.99,1545354000,180.0,,9.45,
11.26,,0.92,5.48,,11.26,,11.24,0.94,1545357600,208.0,,9.95,
11.66,,0.95,5.882,,11.66,,9.78,0.76,1545361200,214.0,,10.84,
11.64,,0.96,4.198,,11.64,,8.73,0.8,1545368400,200.0,,10.97,
12.61,,0.91,5.946,,12.61,,14.52,0.94,1545372000,230.0,,11.19,
13.46,,0.9,6.162,,13.46,,16.65,0.92,1545375600,237.0,,11.79,
13.49,,0.89,6.189,,13.49,,15.76,0.92,1545379200,237.0,,11.79,
13.25,,0.86,6.216,,13.25,,17.85,0.92,1545382800,243.0,,10.93,
12.44,,0.78,6.216,,12.44,,19.39,0.71,1545386400,257.0,,8.78,
11.79,,0.7,6.216,,11.79,,24.87,0.72,1545390000,257.0,,6.4,
12.41,,0.65,6.216,,12.41,,25.5,0.84,1545393600,253.0,,6.11,
12.45,,0.63,6.216,,12.45,,25.3,0.74,1545397200,255.0,,5.57,
12.45,,0.62,6.216,,12.45,,25.61,0.71,1545400800,254.0,,5.42,
12.45,,0.62,6.216,,12.45,,22.33,0.65,1545404400,261.0,,5.39,
11.52,,0.66,6.216,,11.52,,19.35,0.61,1545408000,254.0,,5.39,
11.45,,0.69,6.216,,11.45,,14.14,0.63,1545411600,250.0,,5.86,
11.11,,0.7,6.193,,11.11,,12.84,0.46,1545415200,247.0,,5.9,
10.76,,0.73,6.196,,10.76,,12.68,0.5,1545418800,238.0,,6.12,
10.61,,0.75,6.216,,10.61,,11.21,0.54,1545422400,233.0,,6.43,
10.96,,0.77,6.189,,10.96,,10.27,0.74,1545426000,217.0,,7.04,
10.94,,0.79,6.113,,10.94,,11.84,0.84,1545429600,224.0,,7.5,
10.79,,0.87,4.53,,10.79,,14.62,0.71,1545433200,232.0,,8.68,
11.0,,0.86,6.216,,11.0,,15.96,0.77,1545436800,249.0,,8.74,
11.55,,0.79,6.216,,11.55,,19.74,0.8,1545440400,248.0,,8.0,
11.47,,0.79,6.193,,11.47,,19.82,0.73,1545444000,258.0,,8.0,
11.3,,0.78,6.216,,11.3,,17.69,0.68,1545447600,261.0,,7.6,
10.57,,0.79,6.216,,10.57,,15.5,0.62,1545451200,255.0,,7.04,
10.29,,0.79,6.216,,10.29,,14.08,0.5,1545454800,254.0,,6.81,
9.74,,0.83,6.216,,7.26,,11.2,0.49,1545458400,254.0,,6.95,
9.66,,0.83,6.216,,7.17,,11.19,0.45,1545462000,243.0,,6.92,
9.24,,0.85,6.216,,6.89,,9.84,0.2,1545465600,236.0,,6.79,
9.42,,0.84,6.216,,6.81,,11.52,0.28,1545469200,244.0,,6.79,
10.41,,0.79,6.216,,10.41,,11.79,0.19,1545472800,240.0,,6.96,
10.61,,0.79,6.216,,10.61,,12.29,0.19,1545476400,247.0,,7.04,
11.01,,0.77,6.216,,11.01,,13.59,0.27,1545480000,253.0,,7.04,
11.61,,0.73,6.216,,11.61,,11.73,0.35,1545483600,260.0,,6.93,
11.64,,0.7,6.216,,11.64,,14.52,0.69,1545487200,264.0,,6.27,
10.97,,0.7,6.216,,10.97,,12.92,0.47,1545490800,264.0,,5.64,
10.49,,0.73,6.216,,10.49,,9.26,0.52,1545494400,256.0,,5.93,
9.96,,0.76,6.216,,7.65,,10.57,0.23,1545498000,249.0,,5.97,
9.37,,0.79,6.216,,7.21,,9.04,0.58,1545501600,245.0,,5.83,
8.78,,0.83,6.216,,6.48,,9.08,0.45,1545505200,242.0,,6.04,
8.78,,0.86,6.216,,6.45,,9.22,1.0,1545508800,246.0,,6.51,
8.71,,0.87,6.216,,6.52,,8.45,0.85,1545512400,250.0,,6.63,
8.55,,0.88,6.216,,6.25,,8.81,1.0,1545516000,244.0,,6.63,
8.15,,0.89,6.216,,6.07,,7.51,1.0,1545519600,243.0,,6.37,
8.18,,0.88,6.102,,6.48,,6.21,0.64,1545523200,235.0,,6.37,
7.88,,0.9,6.216,,5.94,,6.78,0.75,1545526800,233.0,,6.32,
7.88,,0.9,6.189,,6.51,,5.0,0.69,1545530400,225.0,,6.37,
7.33,,0.91,6.131,,5.89,,4.93,0.69,1545534000,188.0,,6.0,
7.38,,0.91,6.057,,6.16,,4.42,0.6,1545537600,201.0,,6.05,
8.3,,0.91,5.687,,7.28,,4.31,0.8,1545541200,166.0,,6.97,
8.53,,0.95,5.354,,6.87,,6.29,0.76,1545544800,142.0,,7.71,
8.71,,0.95,5.137,,7.34,,5.44,0.94,1545548400,136.0,,7.9,
8.95,,0.94,5.043,,7.3,,6.52,0.79,1545552000,140.0,,8.1,
9.64,,0.94,3.778,,7.75,,8.07,0.84,1545555600,144.0,,8.77,
9.79,,0.94,5.451,,8.41,,6.15,0.95,1545559200,168.0,,8.84,
10.79,,0.94,5.536,,10.79,,9.75,0.95,1545562800,212.0,,9.8,
11.72,,0.94,5.978,,11.72,,10.78,0.95,1545566400,243.0,,10.76,
12.76,,0.89,6.119,,12.76,,11.29,0.95,1545570000,249.0,,11.01,
13.39,,0.87,6.177,,13.39,,13.26,0.95,1545573600,258.0,,11.28,
13.56,,0.85,6.216,,13.56,,14.12,0.95,1545577200,262.0,,11.16,
13.13,,0.87,6.023,,13.13,,13.02,0.89,1545580800,271.0,,10.96,
12.52,,0.89,6.022,,12.52,,14.0,0.77,1545584400,261.0,,10.73,
9.6,,0.92,4.405,,7.4,,9.5,0.87,1545588000,326.0,,8.42,
7.96,,0.95,3.73,,5.61,,8.48,0.91,1545591600,348.0,,7.14,
7.84,,0.92,4.571,,5.72,,7.42,0.92,1545595200,4.0,,6.68,
7.65,,0.92,5.612,,5.69,,6.74,0.77,1545598800,6.0,,6.45,
6.97,,0.93,,,4.8,,6.97,,1545602400,1.0,,5.97,
6.96,,0.92,6.216,,5.23,,5.56,0.75,1545606000,1.0,,5.74,
6.92,,0.92,6.051,,5.11,,5.8,0.69,1545609600,352.0,,5.74,
6.74,,0.89,5.992,,5.36,,4.56,0.76,1545613200,356.0,,5.05,
6.42,,0.91,6.073,,5.14,,4.22,0.95,1545616800,347.0,,5.05,
6.38,,0.91,5.812,,4.91,,4.62,0.59,1545620400,357.0,,4.97,
6.29,,0.9,5.573,,4.9,,4.42,0.94,1545627600,30.0,,4.71,
5.67,,0.93,4.408,,5.67,,2.79,0.58,1545631200,38.0,,4.66,
5.54,,0.92,3.758,,4.37,,3.7,0.74,1545634800,1.0,,4.38,
4.61,,0.94,2.816,,3.68,,3.06,0.75,1545638400,30.0,,3.65,
4.45,,0.94,3.144,,4.45,,3.0,0.75,1545642000,352.0,,3.64,
4.92,,0.94,3.838,,4.92,,2.84,0.75,1545645600,66.0,,3.98,
5.89,,0.89,4.921,,4.97,,3.33,0.49,1545649200,19.0,,4.24,
6.47,,0.86,5.989,,6.47,,1.82,0.19,1545652800,70.0,,4.24,
7.93,,0.77,6.065,,6.78,,4.47,,1545656400,70.0,,4.17,
8.01,,0.76,6.216,,6.68,,4.97,0.75,1545660000,87.0,,4.05,
7.83,,0.77,6.216,,6.84,,4.06,0.75,1545663600,96.0,,4.02,
6.44,,0.83,6.216,,5.41,,3.69,0.19,1545667200,105.0,,3.75,
5.13,,0.88,6.216,,4.04,,3.46,0.7,1545670800,100.0,,3.33,
4.48,,0.89,5.995,,3.14,,3.73,0.63,1545674400,100.0,,2.81,
4.34,,0.94,5.775,,2.7,,4.27,0.54,1545678000,84.0,,3.44,
4.49,,0.91,5.557,,3.42,,3.28,0.78,1545681600,103.0,,3.19,
3.56,,0.92,4.102,,2.23,,3.49,0.23,1545685200,171.0,,2.41,
3.12,,0.93,4.934,,3.12,,2.09,0.44,1545688800,88.0,,2.09,
2.49,,0.95,3.598,,2.49,,0.79,0.19,1545692400,95.0,,1.82,
2.32,,0.94,2.463,,2.32,,2.18,0.28,1545696000,77.0,,1.5,
2.24,,0.95,2.892,,2.24,,2.84,0.33,1545699600,79.0,,1.57,
1.5,,0.99,3.0,,1.5,,1.98,0.87,1545703200,140.0,,1.42,
1.53,,0.96,1.918,,0.03,,3.31,0.38,1545706800,83.0,,0.9,
1.34,,0.96,2.926,,-0.96,,4.62,0.42,1545710400,99.0,,0.71,
1.53,,0.95,5.061,,0.22,,3.03,0.78,1545714000,74.0,,0.86,
0.62,,0.99,2.024,,0.62,,2.8,0.84,1545717600,215.0,,0.5,
1.63,,0.98,2.419,,-0.52,,4.4,0.98,1545721200,76.0,,1.36,
1.68,,0.99,5.187,,0.17,,3.34,0.83,1545724800,101.0,,1.59,
2.63,,0.97,4.368,,2.63,,2.26,0.98,1545728400,237.0,,2.23,
3.31,,0.99,6.099,,3.31,,2.62,0.99,1545732000,129.0,,3.23,
4.54,,0.98,4.848,,3.54,,3.16,0.99,1545735600,181.0,,4.24,
5.37,,0.97,5.846,,4.56,,3.04,0.97,1545739200,165.0,,4.91,
6.52,,0.92,5.759,,5.11,,4.56,0.99,1545742800,163.0,,5.33,
7.34,,0.9,6.216,,6.49,,3.61,0.99,1545746400,127.0,,5.88,
8.44,,0.81,6.216,,7.47,,4.24,0.99,1545750000,159.0,,5.33,
8.44,,0.81,6.216,,7.43,,4.35,0.99,1545753600,178.0,,5.33,
8.44,,0.81,6.189,,7.21,,4.91,0.99,1545757200,206.0,,5.41,
7.88,,0.84,6.167,,6.8,,4.3,0.99,1545760800,198.0,,5.41,
7.88,,0.88,6.066,,7.88,,2.99,1.0,1545764400,226.0,,5.96,
7.75,,0.88,6.017,,7.02,,3.48,1.0,1545768000,183.0,,5.96,
7.93,,0.89,5.995,,7.07,,3.8,1.0,1545771600,205.0,,6.15,
7.88,,0.89,6.007,,6.9,,4.06,0.99,1545775200,206.0,,6.15,
7.7,,0.9,5.649,,7.7,,1.91,0.99,1545778800,117.0,,6.1,
7.56,,0.92,5.648,,7.56,,2.71,0.99,1545782400,179.0,,6.28,
7.56,,0.92,4.809,,7.56,,1.17,0.99,1545786000,146.0,,6.28,
7.51,,0.95,4.215,,6.97,,3.06,0.94,1545789600,158.0,,6.83,
7.55,,0.95,2.727,,7.02,,3.05,0.94,1545793200,203.0,,6.83,
7.55,,0.95,2.418,,6.53,,4.02,0.99,1545796800,207.0,,6.87,
7.55,,0.95,2.441,,7.55,,1.86,0.94,1545800400,171.0,,6.87,
7.55,,0.96,3.506,,7.55,,2.21,0.99,1545804000,184.0,,6.91,
7.87,,0.94,4.03,,7.03,,3.75,0.94,1545807600,177.0,,6.91,
7.87,,0.94,3.419,,7.2,,3.4,0.8,1545811200,197.0,,6.91,
7.32,,0.98,3.539,,6.22,,4.12,0.94,1545814800,153.0,,7.09,
8.64,,0.91,5.047,,7.31,,5.29,0.92,1545818400,185.0,,7.17,
8.84,,0.9,5.291,,7.52,,5.37,0.92,1545822000,203.0,,7.2,
8.98,,0.89,5.571,,7.31,,6.61,0.92,1545825600,205.0,,7.2,
9.64,,0.84,6.023,,8.21,,6.26,0.92,1545829200,201.0,,7.05,
9.67,,0.83,6.196,,8.02,,7.09,0.92,1545832800,199.0,,6.92,
9.45,,0.84,6.112,,8.15,,5.66,0.95,1545836400,207.0,,6.85,
9.31,,0.85,6.089,,8.17,,5.07,0.95,1545840000,199.0,,6.85,
8.84,,0.87,6.025,,7.86,,4.41,0.95,1545843600,202.0,,6.85,
8.67,,0.88,6.064,,7.75,,4.21,0.95,1545847200,165.0,,6.77,
8.4,,0.85,6.167,,7.11,,5.04,0.82,1545850800,174.0,,6.03,
7.56,,0.85,6.137,,6.63,,3.85,0.8,1545854400,202.0,,5.29,
6.65,,0.9,5.446,,5.82,,3.38,1.0,1545858000,221.0,,5.06,
6.28,,0.91,5.129,,5.17,,3.8,0.83,1545861600,168.0,,4.88,
5.51,,0.95,3.68,,4.59,,3.25,1.0,1545865200,215.0,,4.8,
5.11,,0.92,3.331,,5.11,,2.04,0.93,1545868800,215.0,,3.9,
4.21,,0.96,1.848,,4.21,,1.26,0.79,1545872400,151.0,,3.59,
4.17,,0.95,2.407,,4.17,,0.95,0.82,1545876000,89.0,,3.51,
4.14,,0.99,1.953,,4.14,,1.67,0.78,1545879600,105.0,,4.05,
3.63,,0.98,2.29,,3.63,,2.17,0.9,1545883200,92.0,,3.33,
4.14,,0.96,1.986,,2.81,,3.61,0.72,1545886800,69.0,,3.51,
4.18,,0.94,1.548,,4.18,,2.98,0.84,1545890400,268.0,,3.37,
3.78,,0.96,2.757,,3.78,,2.69,0.79,1545894000,144.0,,3.27,
4.22,,0.94,3.063,,4.22,,2.19,0.71,1545897600,7.0,,3.27,
3.75,,0.97,3.336,,3.75,,1.8,0.56,1545901200,323.0,,3.38,
4.42,,0.94,3.217,,3.38,,3.2,0.53,1545904800,273.0,,3.55,
5.22,,0.96,3.579,,5.22,,0.92,0.71,1545908400,294.0,,4.68,
6.8,,0.88,3.92,,6.8,,1.4,0.54,1545912000,170.0,,4.9,
7.85,,0.84,4.669,,7.85,,2.38,0.49,1545915600,264.0,,5.39,
8.54,,0.78,5.665,,8.54,,2.5,0.42,1545919200,204.0,,4.92,
7.74,,0.82,5.566,,7.74,,1.09,0.69,1545922800,267.0,,4.86,
7.33,,0.84,5.255,,7.33,,2.12,0.75,1545926400,258.0,,4.82,
6.56,,0.9,4.243,,6.56,,1.54,0.53,1545930000,244.0,,4.98,
5.58,,0.9,3.494,,5.58,,2.16,0.83,1545933600,278.0,,4.04,
4.92,,0.94,3.395,,4.92,,2.37,0.69,1545937200,270.0,,4.05,
4.96,,0.91,3.585,,3.54,,4.02,0.8,1545940800,242.0,,3.6,
4.89,,0.95,3.773,,3.31,,4.31,0.81,1545944400,241.0,,4.19,
5.04,,0.95,3.147,,3.95,,3.43,0.99,1545948000,235.0,,4.31,
5.38,,0.94,2.493,,4.16,,3.77,0.99,1545951600,248.0,,4.57,
5.6,,0.96,2.947,,4.16,,4.27,0.99,1545955200,235.0,,4.97,
5.65,,0.96,2.982,,4.26,,4.19,0.99,1545958800,247.0,,5.02,
6.2,,0.92,3.266,,5.28,,3.42,0.99,1545962400,241.0,,5.02,
6.25,,0.92,3.633,,5.28,,3.53,1.0,1545966000,239.0,,5.03,
6.25,,0.92,3.846,,5.31,,3.48,1.0,1545969600,240.0,,5.03,
6.57,,0.93,3.786,,5.02,,4.92,1.0,1545973200,238.0,,5.58,
6.44,,0.92,4.268,,5.5,,3.53,1.0,1545976800,240.0,,5.26,
6.84,,0.93,4.771,,5.65,,4.15,0.97,1545980400,246.0,,5.85,
6.98,,0.92,4.888,,5.77,,4.24,0.95,1545984000,240.0,,5.7,
7.77,,0.89,5.186,,6.37,,5.07,0.95,1545987600,235.0,,6.0,
7.85,,0.88,5.354,,6.8,,4.22,0.92,1545991200,245.0,,6.0,
8.52,,0.84,6.11,,7.17,,5.27,0.92,1545994800,238.0,,6.0,
9.01,,0.81,6.216,,7.59,,5.8,0.92,1545998400,242.0,,5.86,
9.8,,0.75,6.216,,8.29,,6.64,0.78,1546002000,248.0,,5.67,
10.49,,0.7,6.216,,10.49,,6.9,0.33,1546005600,259.0,,5.19,
9.83,,0.73,6.216,,8.29,,6.77,0.58,1546009200,259.0,,5.22,
9.49,,0.76,6.216,,8.45,,4.88,0.92,1546012800,256.0,,5.39,
9.49,,0.78,6.216,,8.18,,5.71,0.92,1546016400,249.0,,5.86,
9.49,,0.79,6.216,,7.8,,7.1,0.92,1546020000,250.0,,5.98,
9.49,,0.81,6.216,,7.88,,6.78,0.92,1546023600,257.0,,6.32,
9.45,,0.84,6.216,,8.1,,5.82,0.92,1546027200,254.0,,6.83,
9.45,,0.84,5.901,,8.07,,5.91,0.95,1546030800,252.0,,6.86,
9.27,,0.85,5.924,,7.97,,5.56,0.95,1546034400,229.0,,6.96,
9.47,,0.84,5.944,,8.09,,5.93,0.98,1546038000,236.0,,6.96,
9.5,,0.84,5.921,,8.1,,6.05,0.99,1546041600,230.0,,6.99,
9.5,,0.85,5.939,,8.08,,6.12,0.99,1546045200,228.0,,7.04,
9.5,,0.9,5.721,,8.08,,6.11,0.94,1546048800,242.0,,7.92,
9.55,,0.9,5.672,,7.73,,7.67,0.82,1546052400,245.0,,7.92,
9.55,,0.9,6.031,,7.9,,6.96,1.0,1546056000,237.0,,8.0,
9.92,,0.88,6.216,,7.73,,9.81,1.0,1546059600,244.0,,8.0,
9.91,,0.86,6.216,,7.54,,10.83,1.0,1546063200,245.0,,7.64,
9.77,,0.83,6.216,,7.21,,11.75,1.0,1546066800,246.0,,6.99,
9.68,,0.83,6.216,,7.24,,10.89,0.95,1546070400,240.0,,6.89,
9.83,,0.83,6.216,,7.21,,12.22,0.95,1546074000,241.0,,7.15,
10.46,,0.84,6.216,,10.46,,12.23,0.97,1546077600,242.0,,7.9,
10.83,,0.85,6.216,,10.83,,13.16,0.95,1546081200,240.0,,8.35,
11.71,,0.83,6.216,,11.71,,15.21,0.95,1546084800,251.0,,8.9,
11.9,,0.84,6.216,,11.9,,15.72,0.95,1546088400,255.0,,9.34,
12.56,,0.84,6.216,,12.56,,13.37,0.88,1546092000,266.0,,9.86,
12.68,,0.83,6.216,,12.68,,13.08,0.78,1546095600,266.0,,9.83,
12.52,,0.82,6.216,,12.52,,10.59,0.75,1546099200,271.0,,9.6,
12.21,,0.81,6.216,,12.21,,10.35,0.75,1546102800,280.0,,9.01,
11.33,,0.85,6.216,,11.33,,8.66,0.69,1546106400,269.0,,8.98,
10.62,,0.88,6.216,,10.62,,10.29,0.43,1546110000,269.0,,8.75,
9.95,,0.9,6.216,,8.15,,7.96,,1546113600,286.0,,8.38,
9.7,,0.87,6.216,,8.6,,5.18,0.64,1546117200,293.0,,7.64,
8.01,,0.91,5.774,,6.85,,4.53,0.19,1546120800,285.0,,6.61,
7.97,,0.88,5.528,,6.99,,4.09,0.56,1546124400,284.0,,6.12,
7.57,,0.87,5.078,,5.99,,5.46,0.71,1546128000,264.0,,5.57,
7.66,,0.92,4.112,,6.61,,4.14,0.97,1546131600,245.0,,6.39,
7.24,,0.99,2.966,,5.63,,5.36,0.97,1546135200,253.0,,7.12,
7.53,,0.95,1.921,,5.35,,7.37,0.65,1546138800,241.0,,6.81,
7.72,,0.96,1.334,,5.94,,6.16,0.98,1546142400,252.0,,7.08,
7.98,,0.96,0.786,,6.69,,4.87,1.0,1546146000,227.0,,7.34,
8.11,,0.98,0.665,,7.1,,4.23,0.96,1546149600,228.0,,7.89,
8.84,,0.99,1.502,,7.87,,4.41,0.92,1546153200,233.0,,8.76,
8.99,,0.99,2.792,,6.94,,8.1,0.99,1546156800,251.0,,8.77,
9.52,,0.95,3.626,,7.22,,9.93,1.0,1546160400,251.0,,8.8,
9.52,,0.95,4.496,,7.17,,10.19,1.0,1546164000,256.0,,8.83,
9.83,,0.94,4.462,,7.84,,8.71,0.99,1546167600,260.0,,8.86,
10.08,,0.93,4.99,,10.08,,9.65,1.0,1546171200,272.0,,9.03,
10.55,,0.9,5.249,,10.55,,9.09,0.95,1546174800,272.0,,9.0,
10.52,,0.9,5.36,,10.52,,8.97,0.99,1546178400,272.0,,9.0,
10.38,,0.9,5.472,,10.38,,8.54,0.99,1546182000,263.0,,8.86,
9.9,,0.93,4.236,,8.12,,7.86,0.99,1546185600,267.0,,8.83,
10.04,,0.92,5.139,,10.04,,7.28,0.99,1546189200,274.0,,8.83,
10.52,,0.89,5.828,,10.52,,7.37,0.95,1546192800,276.0,,8.79,
10.52,,0.86,5.741,,10.52,,7.72,0.95,1546196400,280.0,,8.35,
10.61,,0.84,6.216,,10.61,,7.82,0.95,1546200000,277.0,,8.0,
10.61,,0.84,6.216,,10.61,,7.75,0.95,1546203600,266.0,,8.0,
10.55,,0.83,6.216,,10.55,,6.28,0.99,1546207200,277.0,,7.82,
10.55,,0.85,6.216,,10.55,,7.99,0.99,1546210800,270.0,,8.05,
10.55,,0.84,6.216,,10.55,,6.47,0.99,1546214400,263.0,,8.0,
10.5,,0.8,6.216,,10.5,,5.69,0.99,1546218000,278.0,,7.22,
9.95,,0.83,6.216,,8.54,,6.4,0.99,1546221600,283.0,,7.19,
9.91,,0.83,6.216,,8.44,,6.57,0.99,1546225200,274.0,,7.19,
9.55,,0.84,6.216,,7.67,,7.96,0.99,1546228800,284.0,,6.99,
9.5,,0.85,6.216,,7.44,,8.72,0.99,1546232400,283.0,,7.04,
9.45,,0.85,6.216,,7.6,,7.7,0.95,1546236000,275.0,,6.99,
9.49,,0.84,6.216,,8.01,,6.3,0.95,1546239600,289.0,,6.99,
9.49,,0.84,6.216,,7.73,,7.37,0.95,1546243200,295.0,,6.99,
9.49,,0.82,6.216,,7.98,,6.41,0.95,1546246800,295.0,,6.51,
9.64,,0.81,6.216,,8.12,,6.58,0.92,1546250400,298.0,,6.51,
9.68,,0.78,6.216,,8.1,,6.79,0.95,1546254000,283.0,,6.04,
9.83,,0.77,6.216,,8.54,,5.87,0.95,1546257600,294.0,,5.9,
9.83,,0.75,6.216,,8.27,,6.86,0.95,1546261200,289.0,,5.7,
9.83,,0.74,6.216,,7.98,,8.05,0.95,1546264800,285.0,,5.34,
9.79,,0.74,6.216,,7.8,,8.73,0.97,1546268400,267.0,,5.39,
9.64,,0.74,6.216,,7.47,,9.4,0.97,1546272000,275.0,,5.23,
9.49,,0.74,6.216,,7.67,,7.63,0.97,1546275600,271.0,,5.16,
9.49,,0.75,6.216,,7.55,,8.13,0.97,1546279200,278.0,,5.2,
9.49,,0.74,6.216,,7.5,,8.38,0.97,1546282800,278.0,,5.04,
9.45,,0.74,6.216,,7.38,,8.65,0.97,1546286400,261.0,,5.08,
9.49,,0.74,6.216,,7.44,,8.63,0.97,1546290000,276.0,,5.0,
9.49,,0.74,6.216,,7.14,,10.11,0.97,1546293600,286.0,,5.0,
8.96,,0.76,6.216,,6.62,,9.42,0.99,1546297200,285.0,,5.0,
